TIMESTAMP,solar_TIMESTAMP,ta,rh,vpd,sw_in,ppfd_in,ws,precip,ext_rad
2013-04-30T16:00:00Z,2013-04-30T22:02:30Z,,,,,,,,CALCULATED
2013-04-30T16:10:00Z,2013-04-30T22:12:30Z,,,,,,,,CALCULATED
2013-04-30T16:20:00Z,2013-04-30T22:22:30Z,,,,,,,,CALCULATED
2013-04-30T16:30:00Z,2013-04-30T22:32:30Z,,,,,,,,CALCULATED
2013-04-30T16:40:00Z,2013-04-30T22:42:30Z,,,,,,,,CALCULATED
2013-04-30T16:50:00Z,2013-04-30T22:52:30Z,,,,,,,,CALCULATED
2013-04-30T17:00:00Z,2013-04-30T23:02:30Z,,,,,,,,CALCULATED
2013-04-30T17:10:00Z,2013-04-30T23:12:30Z,,,,,,,,CALCULATED
2013-04-30T17:20:00Z,2013-04-30T23:22:30Z,,,,,,,,CALCULATED
2013-04-30T17:30:00Z,2013-04-30T23:32:30Z,,,,,,,,CALCULATED
2013-04-30T17:40:00Z,2013-04-30T23:42:30Z,,,,,,,,CALCULATED
2013-04-30T17:50:00Z,2013-04-30T23:52:30Z,,,,,,,,CALCULATED
2013-04-30T18:00:00Z,2013-05-01T00:02:30Z,,,,,,,,CALCULATED
2013-04-30T18:10:00Z,2013-05-01T00:12:36Z,,,,,,,,CALCULATED
2013-04-30T18:20:00Z,2013-05-01T00:22:36Z,,,,,,,,CALCULATED
2013-04-30T18:30:00Z,2013-05-01T00:32:36Z,,,,,,,,CALCULATED
2013-04-30T18:40:00Z,2013-05-01T00:42:36Z,,,,,,,,CALCULATED
2013-04-30T18:50:00Z,2013-05-01T00:52:36Z,,,,,,,,CALCULATED
2013-04-30T19:00:00Z,2013-05-01T01:02:36Z,,,,,,,,CALCULATED
2013-04-30T19:10:00Z,2013-05-01T01:12:36Z,,,,,,,,CALCULATED
2013-04-30T19:20:00Z,2013-05-01T01:22:36Z,,,,,,,,CALCULATED
2013-04-30T19:30:00Z,2013-05-01T01:32:36Z,,,,,,,,CALCULATED
2013-04-30T19:40:00Z,2013-05-01T01:42:36Z,,,,,,,,CALCULATED
2013-04-30T19:50:00Z,2013-05-01T01:52:36Z,,,,,,,,CALCULATED
2013-04-30T20:00:00Z,2013-05-01T02:02:36Z,,,,,,,,CALCULATED
2013-04-30T20:10:00Z,2013-05-01T02:12:36Z,,,,,,,,CALCULATED
2013-04-30T20:20:00Z,2013-05-01T02:22:36Z,,,,,,,,CALCULATED
2013-04-30T20:30:00Z,2013-05-01T02:32:36Z,,,,,,,,CALCULATED
2013-04-30T20:40:00Z,2013-05-01T02:42:36Z,,,,,,,,CALCULATED
2013-04-30T20:50:00Z,2013-05-01T02:52:36Z,,,,,,,,CALCULATED
2013-04-30T21:00:00Z,2013-05-01T03:02:36Z,,,,,,,,CALCULATED
2013-04-30T21:10:00Z,2013-05-01T03:12:36Z,,,,,,,,CALCULATED
2013-04-30T21:20:00Z,2013-05-01T03:22:36Z,,,,,,,,CALCULATED
2013-04-30T21:30:00Z,2013-05-01T03:32:36Z,,,,,,,,CALCULATED
2013-04-30T21:40:00Z,2013-05-01T03:42:36Z,,,,,,,,CALCULATED
2013-04-30T21:50:00Z,2013-05-01T03:52:36Z,,,,,,,,CALCULATED
2013-04-30T22:00:00Z,2013-05-01T04:02:36Z,,,,,,,,CALCULATED
2013-04-30T22:10:00Z,2013-05-01T04:12:36Z,,,,,,,,CALCULATED
2013-04-30T22:20:00Z,2013-05-01T04:22:36Z,,,,,,,,CALCULATED
2013-04-30T22:30:00Z,2013-05-01T04:32:36Z,,,,,,,,CALCULATED
2013-04-30T22:40:00Z,2013-05-01T04:42:36Z,,,,,,,,CALCULATED
2013-04-30T22:50:00Z,2013-05-01T04:52:36Z,,,,,,,,CALCULATED
2013-04-30T23:00:00Z,2013-05-01T05:02:36Z,,,,,,,,CALCULATED
2013-04-30T23:10:00Z,2013-05-01T05:12:36Z,,,,,,,,CALCULATED
2013-04-30T23:20:00Z,2013-05-01T05:22:36Z,,,,,,,,CALCULATED
2013-04-30T23:30:00Z,2013-05-01T05:32:36Z,,,,,,,,CALCULATED
2013-04-30T23:40:00Z,2013-05-01T05:42:36Z,,,,,,,,CALCULATED
2013-04-30T23:50:00Z,2013-05-01T05:52:36Z,,,,,,,,CALCULATED
2013-05-01T00:00:00Z,2013-05-01T06:02:36Z,,,,,,,,CALCULATED
2013-05-01T00:10:00Z,2013-05-01T06:12:36Z,,,,,,,,CALCULATED
2013-05-01T00:20:00Z,2013-05-01T06:22:36Z,,,,,,,,CALCULATED
2013-05-01T00:30:00Z,2013-05-01T06:32:36Z,,,,,,,,CALCULATED
2013-05-01T00:40:00Z,2013-05-01T06:42:36Z,,,,,,,,CALCULATED
2013-05-01T00:50:00Z,2013-05-01T06:52:36Z,,,,,,,,CALCULATED
2013-05-01T01:00:00Z,2013-05-01T07:02:36Z,,,,,,,,CALCULATED
2013-05-01T01:10:00Z,2013-05-01T07:12:36Z,,,,,,,,CALCULATED
2013-05-01T01:20:00Z,2013-05-01T07:22:36Z,,,,,,,,CALCULATED
2013-05-01T01:30:00Z,2013-05-01T07:32:36Z,,,,,,,,CALCULATED
2013-05-01T01:40:00Z,2013-05-01T07:42:36Z,,,,,,,,CALCULATED
2013-05-01T01:50:00Z,2013-05-01T07:52:36Z,,,,,,,,CALCULATED
2013-05-01T02:00:00Z,2013-05-01T08:02:36Z,,,,,,,,CALCULATED
2013-05-01T02:10:00Z,2013-05-01T08:12:36Z,,,,,,,,CALCULATED
2013-05-01T02:20:00Z,2013-05-01T08:22:36Z,,,,,,,,CALCULATED
2013-05-01T02:30:00Z,2013-05-01T08:32:36Z,,,,,,,,CALCULATED
2013-05-01T02:40:00Z,2013-05-01T08:42:36Z,,,,,,,,CALCULATED
2013-05-01T02:50:00Z,2013-05-01T08:52:36Z,,,,,,,,CALCULATED
2013-05-01T03:00:00Z,2013-05-01T09:02:36Z,,,,,,,,CALCULATED
2013-05-01T03:10:00Z,2013-05-01T09:12:36Z,,,,,,,,CALCULATED
2013-05-01T03:20:00Z,2013-05-01T09:22:36Z,,,,,,,,CALCULATED
2013-05-01T03:30:00Z,2013-05-01T09:32:36Z,,,,,,,,CALCULATED
2013-05-01T03:40:00Z,2013-05-01T09:42:36Z,,,,,,,,CALCULATED
2013-05-01T03:50:00Z,2013-05-01T09:52:36Z,,,,,,,,CALCULATED
2013-05-01T04:00:00Z,2013-05-01T10:02:36Z,,,,,,,,CALCULATED
2013-05-01T04:10:00Z,2013-05-01T10:12:36Z,,,,,,,,CALCULATED
2013-05-01T04:20:00Z,2013-05-01T10:22:36Z,,,,,,,,CALCULATED
2013-05-01T04:30:00Z,2013-05-01T10:32:36Z,,,,,,,,CALCULATED
2013-05-01T04:40:00Z,2013-05-01T10:42:36Z,,,,,,,,CALCULATED
2013-05-01T04:50:00Z,2013-05-01T10:52:36Z,,,,,,,,CALCULATED
2013-05-01T05:00:00Z,2013-05-01T11:02:36Z,,,,,,,,CALCULATED
2013-05-01T05:10:00Z,2013-05-01T11:12:36Z,,,,,,,,CALCULATED
2013-05-01T05:20:00Z,2013-05-01T11:22:36Z,,,,,,,,CALCULATED
2013-05-01T05:30:00Z,2013-05-01T11:32:36Z,,,,,,,,CALCULATED
2013-05-01T05:40:00Z,2013-05-01T11:42:36Z,,,,,,,,CALCULATED
2013-05-01T05:50:00Z,2013-05-01T11:52:36Z,,,,,,,,CALCULATED
2013-05-01T06:00:00Z,2013-05-01T12:02:36Z,,,,,,,,CALCULATED
2013-05-01T06:10:00Z,2013-05-01T12:12:36Z,,,,,,,,CALCULATED
2013-05-01T06:20:00Z,2013-05-01T12:22:36Z,,,,,,,,CALCULATED
2013-05-01T06:30:00Z,2013-05-01T12:32:36Z,,,,,,,,CALCULATED
2013-05-01T06:40:00Z,2013-05-01T12:42:36Z,,,,,,,,CALCULATED
2013-05-01T06:50:00Z,2013-05-01T12:52:36Z,,,,,,,,CALCULATED
2013-05-01T07:00:00Z,2013-05-01T13:02:36Z,,,,,,,,CALCULATED
2013-05-01T07:10:00Z,2013-05-01T13:12:36Z,,,,,,,,CALCULATED
2013-05-01T07:20:00Z,2013-05-01T13:22:36Z,,,,,,,,CALCULATED
2013-05-01T07:30:00Z,2013-05-01T13:32:36Z,,,,,,,,CALCULATED
2013-05-01T07:40:00Z,2013-05-01T13:42:36Z,,,,,,,,CALCULATED
2013-05-01T07:50:00Z,2013-05-01T13:52:36Z,,,,,,,,CALCULATED
2013-05-01T08:00:00Z,2013-05-01T14:02:36Z,,,,,,,,CALCULATED
2013-05-01T08:10:00Z,2013-05-01T14:12:36Z,,,,,,,,CALCULATED
2013-05-01T08:20:00Z,2013-05-01T14:22:36Z,,,,,,,,CALCULATED
2013-05-01T08:30:00Z,2013-05-01T14:32:36Z,,,,,,,,CALCULATED
2013-05-01T08:40:00Z,2013-05-01T14:42:36Z,,,,,,,,CALCULATED
2013-05-01T08:50:00Z,2013-05-01T14:52:36Z,,,,,,,,CALCULATED
2013-05-01T09:00:00Z,2013-05-01T15:02:36Z,,,,,,,,CALCULATED
2013-05-01T09:10:00Z,2013-05-01T15:12:36Z,,,,,,,,CALCULATED
2013-05-01T09:20:00Z,2013-05-01T15:22:36Z,,,,,,,,CALCULATED
2013-05-01T09:30:00Z,2013-05-01T15:32:36Z,,,,,,,,CALCULATED
2013-05-01T09:40:00Z,2013-05-01T15:42:36Z,,,,,,,,CALCULATED
2013-05-01T09:50:00Z,2013-05-01T15:52:36Z,,,,,,,,CALCULATED
2013-05-01T10:00:00Z,2013-05-01T16:02:36Z,,,,,,,,CALCULATED
2013-05-01T10:10:00Z,2013-05-01T16:12:36Z,,,,,,,,CALCULATED
2013-05-01T10:20:00Z,2013-05-01T16:22:36Z,,,,,,,,CALCULATED
2013-05-01T10:30:00Z,2013-05-01T16:32:36Z,,,,,,,,CALCULATED
2013-05-01T10:40:00Z,2013-05-01T16:42:36Z,,,,,,,,CALCULATED
2013-05-01T10:50:00Z,2013-05-01T16:52:36Z,,,,,,,,CALCULATED
2013-05-01T11:00:00Z,2013-05-01T17:02:36Z,,,,,,,,CALCULATED
2013-05-01T11:10:00Z,2013-05-01T17:12:36Z,,,,,,,,CALCULATED
2013-05-01T11:20:00Z,2013-05-01T17:22:36Z,,,,,,,,CALCULATED
2013-05-01T11:30:00Z,2013-05-01T17:32:36Z,,,,,,,,CALCULATED
2013-05-01T11:40:00Z,2013-05-01T17:42:36Z,,,,,,,,CALCULATED
2013-05-01T11:50:00Z,2013-05-01T17:52:36Z,,,,,,,,CALCULATED
2013-05-01T12:00:00Z,2013-05-01T18:02:36Z,,,,,,,,CALCULATED
2013-05-01T12:10:00Z,2013-05-01T18:12:36Z,,,,,,,,CALCULATED
2013-05-01T12:20:00Z,2013-05-01T18:22:36Z,,,,,,,,CALCULATED
2013-05-01T12:30:00Z,2013-05-01T18:32:36Z,,,,,,,,CALCULATED
2013-05-01T12:40:00Z,2013-05-01T18:42:36Z,,,,,,,,CALCULATED
2013-05-01T12:50:00Z,2013-05-01T18:52:36Z,,,,,,,,CALCULATED
2013-05-01T13:00:00Z,2013-05-01T19:02:36Z,,,,,,,,CALCULATED
2013-05-01T13:10:00Z,2013-05-01T19:12:36Z,,,,,,,,CALCULATED
2013-05-01T13:20:00Z,2013-05-01T19:22:36Z,,,,,,,,CALCULATED
2013-05-01T13:30:00Z,2013-05-01T19:32:36Z,,,,,,,,CALCULATED
2013-05-01T13:40:00Z,2013-05-01T19:42:36Z,,,,,,,,CALCULATED
2013-05-01T13:50:00Z,2013-05-01T19:52:36Z,,,,,,,,CALCULATED
2013-05-01T14:00:00Z,2013-05-01T20:02:36Z,,,,,,,,CALCULATED
2013-05-01T14:10:00Z,2013-05-01T20:12:36Z,,,,,,,,CALCULATED
2013-05-01T14:20:00Z,2013-05-01T20:22:36Z,,,,,,,,CALCULATED
2013-05-01T14:30:00Z,2013-05-01T20:32:36Z,,,,,,,,CALCULATED
2013-05-01T14:40:00Z,2013-05-01T20:42:36Z,,,,,,,,CALCULATED
2013-05-01T14:50:00Z,2013-05-01T20:52:36Z,,,,,,,,CALCULATED
2013-05-01T15:00:00Z,2013-05-01T21:02:36Z,,,,,,,,CALCULATED
2013-05-01T15:10:00Z,2013-05-01T21:12:36Z,,,,,,,,CALCULATED
2013-05-01T15:20:00Z,2013-05-01T21:22:36Z,,,,,,,,CALCULATED
2013-05-01T15:30:00Z,2013-05-01T21:32:36Z,,,,,,,,CALCULATED
2013-05-01T15:40:00Z,2013-05-01T21:42:36Z,,,,,,,,CALCULATED
2013-05-01T15:50:00Z,2013-05-01T21:52:36Z,,,,,,,,CALCULATED
2013-05-01T16:00:00Z,2013-05-01T22:02:36Z,,,,,,,,CALCULATED
2013-05-01T16:10:00Z,2013-05-01T22:12:36Z,,,,,,,,CALCULATED
2013-05-01T16:20:00Z,2013-05-01T22:22:36Z,,,,,,,,CALCULATED
2013-05-01T16:30:00Z,2013-05-01T22:32:36Z,,,,,,,,CALCULATED
2013-05-01T16:40:00Z,2013-05-01T22:42:36Z,,,,,,,,CALCULATED
2013-05-01T16:50:00Z,2013-05-01T22:52:36Z,,,,,,,,CALCULATED
2013-05-01T17:00:00Z,2013-05-01T23:02:36Z,,,,,,,,CALCULATED
2013-05-01T17:10:00Z,2013-05-01T23:12:36Z,,,,,,,,CALCULATED
2013-05-01T17:20:00Z,2013-05-01T23:22:36Z,,,,,,,,CALCULATED
2013-05-01T17:30:00Z,2013-05-01T23:32:36Z,,,,,,,,CALCULATED
2013-05-01T17:40:00Z,2013-05-01T23:42:36Z,,,,,,,,CALCULATED
2013-05-01T17:50:00Z,2013-05-01T23:52:36Z,,,,,,,,CALCULATED
2013-05-01T18:00:00Z,2013-05-02T00:02:36Z,,,,,,,,CALCULATED
2013-05-01T18:10:00Z,2013-05-02T00:12:42Z,,,,,,,,CALCULATED
2013-05-01T18:20:00Z,2013-05-02T00:22:42Z,,,,,,,,CALCULATED
2013-05-01T18:30:00Z,2013-05-02T00:32:42Z,,,,,,,,CALCULATED
2013-05-01T18:40:00Z,2013-05-02T00:42:42Z,,,,,,,,CALCULATED
2013-05-01T18:50:00Z,2013-05-02T00:52:42Z,,,,,,,,CALCULATED
2013-05-01T19:00:00Z,2013-05-02T01:02:42Z,,,,,,,,CALCULATED
2013-05-01T19:10:00Z,2013-05-02T01:12:42Z,,,,,,,,CALCULATED
2013-05-01T19:20:00Z,2013-05-02T01:22:42Z,,,,,,,,CALCULATED
2013-05-01T19:30:00Z,2013-05-02T01:32:42Z,,,,,,,,CALCULATED
2013-05-01T19:40:00Z,2013-05-02T01:42:42Z,,,,,,,,CALCULATED
2013-05-01T19:50:00Z,2013-05-02T01:52:42Z,,,,,,,,CALCULATED
2013-05-01T20:00:00Z,2013-05-02T02:02:42Z,,,,,,,,CALCULATED
2013-05-01T20:10:00Z,2013-05-02T02:12:42Z,,,,,,,,CALCULATED
2013-05-01T20:20:00Z,2013-05-02T02:22:42Z,,,,,,,,CALCULATED
2013-05-01T20:30:00Z,2013-05-02T02:32:42Z,,,,,,,,CALCULATED
2013-05-01T20:40:00Z,2013-05-02T02:42:42Z,,,,,,,,CALCULATED
2013-05-01T20:50:00Z,2013-05-02T02:52:42Z,,,,,,,,CALCULATED
2013-05-01T21:00:00Z,2013-05-02T03:02:42Z,,,,,,,,CALCULATED
2013-05-01T21:10:00Z,2013-05-02T03:12:42Z,,,,,,,,CALCULATED
2013-05-01T21:20:00Z,2013-05-02T03:22:42Z,,,,,,,,CALCULATED
2013-05-01T21:30:00Z,2013-05-02T03:32:42Z,,,,,,,,CALCULATED
2013-05-01T21:40:00Z,2013-05-02T03:42:42Z,,,,,,,,CALCULATED
2013-05-01T21:50:00Z,2013-05-02T03:52:42Z,,,,,,,,CALCULATED
2013-05-01T22:00:00Z,2013-05-02T04:02:42Z,,,,,,,,CALCULATED
2013-05-01T22:10:00Z,2013-05-02T04:12:42Z,,,,,,,,CALCULATED
2013-05-01T22:20:00Z,2013-05-02T04:22:42Z,,,,,,,,CALCULATED
2013-05-01T22:30:00Z,2013-05-02T04:32:42Z,,,,,,,OUT_WARN,CALCULATED
2013-05-01T22:40:00Z,2013-05-02T04:42:42Z,,,,,,,OUT_WARN,CALCULATED
2013-05-01T22:50:00Z,2013-05-02T04:52:42Z,,,,,,,,CALCULATED
2013-05-01T23:00:00Z,2013-05-02T05:02:42Z,,,,,,,,CALCULATED
2013-05-01T23:10:00Z,2013-05-02T05:12:42Z,,,,,,,,CALCULATED
2013-05-01T23:20:00Z,2013-05-02T05:22:42Z,,,,,,,,CALCULATED
2013-05-01T23:30:00Z,2013-05-02T05:32:42Z,,,,,,,,CALCULATED
2013-05-01T23:40:00Z,2013-05-02T05:42:42Z,,,,,,,,CALCULATED
2013-05-01T23:50:00Z,2013-05-02T05:52:42Z,,,,,,,,CALCULATED
2013-05-02T00:00:00Z,2013-05-02T06:02:42Z,,,,,,,,CALCULATED
2013-05-02T00:10:00Z,2013-05-02T06:12:42Z,,,,,,,,CALCULATED
2013-05-02T00:20:00Z,2013-05-02T06:22:42Z,,,,,,,,CALCULATED
2013-05-02T00:30:00Z,2013-05-02T06:32:42Z,,,,,,,,CALCULATED
2013-05-02T00:40:00Z,2013-05-02T06:42:42Z,,,,,,,,CALCULATED
2013-05-02T00:50:00Z,2013-05-02T06:52:42Z,,,,,,,,CALCULATED
2013-05-02T01:00:00Z,2013-05-02T07:02:42Z,,,,,,,,CALCULATED
2013-05-02T01:10:00Z,2013-05-02T07:12:42Z,,,,,,,,CALCULATED
2013-05-02T01:20:00Z,2013-05-02T07:22:42Z,,,,,,,,CALCULATED
2013-05-02T01:30:00Z,2013-05-02T07:32:42Z,,,,,,,,CALCULATED
2013-05-02T01:40:00Z,2013-05-02T07:42:42Z,,,,,,,,CALCULATED
2013-05-02T01:50:00Z,2013-05-02T07:52:42Z,,,,,,,,CALCULATED
2013-05-02T02:00:00Z,2013-05-02T08:02:42Z,,,,,,,,CALCULATED
2013-05-02T02:10:00Z,2013-05-02T08:12:42Z,,,,,,,,CALCULATED
2013-05-02T02:20:00Z,2013-05-02T08:22:42Z,,,,,,,,CALCULATED
2013-05-02T02:30:00Z,2013-05-02T08:32:42Z,,,,,,,,CALCULATED
2013-05-02T02:40:00Z,2013-05-02T08:42:42Z,,,,,,,,CALCULATED
2013-05-02T02:50:00Z,2013-05-02T08:52:42Z,,,,,,,,CALCULATED
2013-05-02T03:00:00Z,2013-05-02T09:02:42Z,,,,,,,,CALCULATED
2013-05-02T03:10:00Z,2013-05-02T09:12:42Z,,,,,,,,CALCULATED
2013-05-02T03:20:00Z,2013-05-02T09:22:42Z,,,,,,,,CALCULATED
2013-05-02T03:30:00Z,2013-05-02T09:32:42Z,,,,,,,,CALCULATED
2013-05-02T03:40:00Z,2013-05-02T09:42:42Z,,,,,,,,CALCULATED
2013-05-02T03:50:00Z,2013-05-02T09:52:42Z,,,,,,,,CALCULATED
2013-05-02T04:00:00Z,2013-05-02T10:02:42Z,,,,,,,,CALCULATED
2013-05-02T04:10:00Z,2013-05-02T10:12:42Z,,,,,,,,CALCULATED
2013-05-02T04:20:00Z,2013-05-02T10:22:42Z,,,,,,,,CALCULATED
2013-05-02T04:30:00Z,2013-05-02T10:32:42Z,,,,,,,,CALCULATED
2013-05-02T04:40:00Z,2013-05-02T10:42:42Z,,,,,,,,CALCULATED
2013-05-02T04:50:00Z,2013-05-02T10:52:42Z,,,,,,,,CALCULATED
2013-05-02T05:00:00Z,2013-05-02T11:02:42Z,,,,,,,,CALCULATED
2013-05-02T05:10:00Z,2013-05-02T11:12:42Z,,,,,,,,CALCULATED
2013-05-02T05:20:00Z,2013-05-02T11:22:42Z,,,,,,,,CALCULATED
2013-05-02T05:30:00Z,2013-05-02T11:32:42Z,,,,,,,,CALCULATED
2013-05-02T05:40:00Z,2013-05-02T11:42:42Z,,,,,,,,CALCULATED
2013-05-02T05:50:00Z,2013-05-02T11:52:42Z,,,,,,,,CALCULATED
2013-05-02T06:00:00Z,2013-05-02T12:02:42Z,,,,,,,,CALCULATED
2013-05-02T06:10:00Z,2013-05-02T12:12:42Z,,,,,,,,CALCULATED
2013-05-02T06:20:00Z,2013-05-02T12:22:42Z,,,,,,,,CALCULATED
2013-05-02T06:30:00Z,2013-05-02T12:32:42Z,,,,,,,,CALCULATED
2013-05-02T06:40:00Z,2013-05-02T12:42:42Z,,,,,,,,CALCULATED
2013-05-02T06:50:00Z,2013-05-02T12:52:42Z,,,,,,,,CALCULATED
2013-05-02T07:00:00Z,2013-05-02T13:02:42Z,,,,,,,,CALCULATED
2013-05-02T07:10:00Z,2013-05-02T13:12:42Z,,,,,,,,CALCULATED
2013-05-02T07:20:00Z,2013-05-02T13:22:42Z,,,,,,,,CALCULATED
2013-05-02T07:30:00Z,2013-05-02T13:32:42Z,,,,,,,,CALCULATED
2013-05-02T07:40:00Z,2013-05-02T13:42:42Z,,,,,,,,CALCULATED
2013-05-02T07:50:00Z,2013-05-02T13:52:42Z,,,,,,,,CALCULATED
2013-05-02T08:00:00Z,2013-05-02T14:02:42Z,,,,,,,,CALCULATED
2013-05-02T08:10:00Z,2013-05-02T14:12:42Z,,,,,,,,CALCULATED
2013-05-02T08:20:00Z,2013-05-02T14:22:42Z,,,,,,,,CALCULATED
2013-05-02T08:30:00Z,2013-05-02T14:32:42Z,,,,,,,,CALCULATED
2013-05-02T08:40:00Z,2013-05-02T14:42:42Z,,,,,,,,CALCULATED
2013-05-02T08:50:00Z,2013-05-02T14:52:42Z,,,,,,,,CALCULATED
2013-05-02T09:00:00Z,2013-05-02T15:02:42Z,,,,,,,,CALCULATED
2013-05-02T09:10:00Z,2013-05-02T15:12:42Z,,,,,,,,CALCULATED
2013-05-02T09:20:00Z,2013-05-02T15:22:42Z,,,,,,,,CALCULATED
2013-05-02T09:30:00Z,2013-05-02T15:32:42Z,,,,,,,,CALCULATED
2013-05-02T09:40:00Z,2013-05-02T15:42:42Z,,,,,,,,CALCULATED
2013-05-02T09:50:00Z,2013-05-02T15:52:42Z,,,,,,,,CALCULATED
2013-05-02T10:00:00Z,2013-05-02T16:02:42Z,,,,,,,,CALCULATED
2013-05-02T10:10:00Z,2013-05-02T16:12:42Z,,,,,,,,CALCULATED
2013-05-02T10:20:00Z,2013-05-02T16:22:42Z,,,,,,,,CALCULATED
2013-05-02T10:30:00Z,2013-05-02T16:32:42Z,,,,,,,,CALCULATED
2013-05-02T10:40:00Z,2013-05-02T16:42:42Z,,,,,,,,CALCULATED
2013-05-02T10:50:00Z,2013-05-02T16:52:42Z,,,,,,,,CALCULATED
2013-05-02T11:00:00Z,2013-05-02T17:02:42Z,,,,,,,,CALCULATED
2013-05-02T11:10:00Z,2013-05-02T17:12:42Z,,,,,,,,CALCULATED
2013-05-02T11:20:00Z,2013-05-02T17:22:42Z,,,,,,,,CALCULATED
2013-05-02T11:30:00Z,2013-05-02T17:32:42Z,,,,,,,,CALCULATED
2013-05-02T11:40:00Z,2013-05-02T17:42:42Z,,,,,,,,CALCULATED
2013-05-02T11:50:00Z,2013-05-02T17:52:42Z,,,,,,,,CALCULATED
2013-05-02T12:00:00Z,2013-05-02T18:02:42Z,,,,,,,,CALCULATED
2013-05-02T12:10:00Z,2013-05-02T18:12:42Z,,,,,,,,CALCULATED
2013-05-02T12:20:00Z,2013-05-02T18:22:42Z,,,,,,,,CALCULATED
2013-05-02T12:30:00Z,2013-05-02T18:32:42Z,,,,,,,,CALCULATED
2013-05-02T12:40:00Z,2013-05-02T18:42:42Z,,,,,,,,CALCULATED
2013-05-02T12:50:00Z,2013-05-02T18:52:42Z,,,,,,,,CALCULATED
2013-05-02T13:00:00Z,2013-05-02T19:02:42Z,,,,,,,,CALCULATED
2013-05-02T13:10:00Z,2013-05-02T19:12:42Z,,,,,,,,CALCULATED
2013-05-02T13:20:00Z,2013-05-02T19:22:42Z,,,,,,,,CALCULATED
2013-05-02T13:30:00Z,2013-05-02T19:32:42Z,,,,,,,,CALCULATED
2013-05-02T13:40:00Z,2013-05-02T19:42:42Z,,,,,,,,CALCULATED
2013-05-02T13:50:00Z,2013-05-02T19:52:42Z,,,,,,,,CALCULATED
2013-05-02T14:00:00Z,2013-05-02T20:02:42Z,,,,,,,,CALCULATED
2013-05-02T14:10:00Z,2013-05-02T20:12:42Z,,,,,,,,CALCULATED
2013-05-02T14:20:00Z,2013-05-02T20:22:42Z,,,,,,,,CALCULATED
2013-05-02T14:30:00Z,2013-05-02T20:32:42Z,,,,,,,,CALCULATED
2013-05-02T14:40:00Z,2013-05-02T20:42:42Z,,,,,,,,CALCULATED
2013-05-02T14:50:00Z,2013-05-02T20:52:42Z,,,,,,,,CALCULATED
2013-05-02T15:00:00Z,2013-05-02T21:02:42Z,,,,,,,,CALCULATED
2013-05-02T15:10:00Z,2013-05-02T21:12:42Z,,,,,,,,CALCULATED
2013-05-02T15:20:00Z,2013-05-02T21:22:42Z,,,,,,,,CALCULATED
2013-05-02T15:30:00Z,2013-05-02T21:32:42Z,,,,,,,,CALCULATED
2013-05-02T15:40:00Z,2013-05-02T21:42:42Z,,,,,,,,CALCULATED
2013-05-02T15:50:00Z,2013-05-02T21:52:42Z,,,,,,,,CALCULATED
2013-05-02T16:00:00Z,2013-05-02T22:02:42Z,,,,,,,,CALCULATED
2013-05-02T16:10:00Z,2013-05-02T22:12:42Z,,,,,,,,CALCULATED
2013-05-02T16:20:00Z,2013-05-02T22:22:42Z,,,,,,,,CALCULATED
2013-05-02T16:30:00Z,2013-05-02T22:32:42Z,,,,,,,,CALCULATED
2013-05-02T16:40:00Z,2013-05-02T22:42:42Z,,,,,,,,CALCULATED
2013-05-02T16:50:00Z,2013-05-02T22:52:42Z,,,,,,,,CALCULATED
2013-05-02T17:00:00Z,2013-05-02T23:02:42Z,,,,,,,,CALCULATED
2013-05-02T17:10:00Z,2013-05-02T23:12:42Z,,,,,,,,CALCULATED
2013-05-02T17:20:00Z,2013-05-02T23:22:42Z,,,,,,,,CALCULATED
2013-05-02T17:30:00Z,2013-05-02T23:32:42Z,,,,,,,,CALCULATED
2013-05-02T17:40:00Z,2013-05-02T23:42:42Z,,,,,,,,CALCULATED
2013-05-02T17:50:00Z,2013-05-02T23:52:42Z,,,,,,,,CALCULATED
2013-05-02T18:00:00Z,2013-05-03T00:02:42Z,,,,,,,,CALCULATED
2013-05-02T18:10:00Z,2013-05-03T00:12:47Z,,,,,,,,CALCULATED
2013-05-02T18:20:00Z,2013-05-03T00:22:47Z,,,,,,,,CALCULATED
2013-05-02T18:30:00Z,2013-05-03T00:32:47Z,,,,,,,,CALCULATED
2013-05-02T18:40:00Z,2013-05-03T00:42:47Z,,,,,,,,CALCULATED
2013-05-02T18:50:00Z,2013-05-03T00:52:47Z,,,,,,,,CALCULATED
2013-05-02T19:00:00Z,2013-05-03T01:02:47Z,,,,,,,,CALCULATED
2013-05-02T19:10:00Z,2013-05-03T01:12:47Z,,,,,,,,CALCULATED
2013-05-02T19:20:00Z,2013-05-03T01:22:47Z,,,,,,,,CALCULATED
2013-05-02T19:30:00Z,2013-05-03T01:32:47Z,,,,,,,,CALCULATED
2013-05-02T19:40:00Z,2013-05-03T01:42:47Z,,,,,,,,CALCULATED
2013-05-02T19:50:00Z,2013-05-03T01:52:47Z,,,,,,,,CALCULATED
2013-05-02T20:00:00Z,2013-05-03T02:02:47Z,,,,,,,,CALCULATED
2013-05-02T20:10:00Z,2013-05-03T02:12:47Z,,,,,,,,CALCULATED
2013-05-02T20:20:00Z,2013-05-03T02:22:47Z,,,,,,,,CALCULATED
2013-05-02T20:30:00Z,2013-05-03T02:32:47Z,,,,,,OUT_WARN,,CALCULATED
2013-05-02T20:40:00Z,2013-05-03T02:42:47Z,,,,,,OUT_WARN,,CALCULATED
2013-05-02T20:50:00Z,2013-05-03T02:52:47Z,,,,,,OUT_WARN,,CALCULATED
2013-05-02T21:00:00Z,2013-05-03T03:02:47Z,,,,,,,,CALCULATED
2013-05-02T21:10:00Z,2013-05-03T03:12:47Z,,,,,,,,CALCULATED
2013-05-02T21:20:00Z,2013-05-03T03:22:47Z,,,,,,,,CALCULATED
2013-05-02T21:30:00Z,2013-05-03T03:32:47Z,,,,,,,,CALCULATED
2013-05-02T21:40:00Z,2013-05-03T03:42:47Z,,,,,,,,CALCULATED
2013-05-02T21:50:00Z,2013-05-03T03:52:47Z,,,,,,,,CALCULATED
2013-05-02T22:00:00Z,2013-05-03T04:02:47Z,,,,,,,,CALCULATED
2013-05-02T22:10:00Z,2013-05-03T04:12:47Z,,,,,,,,CALCULATED
2013-05-02T22:20:00Z,2013-05-03T04:22:47Z,,,,,,,,CALCULATED
2013-05-02T22:30:00Z,2013-05-03T04:32:47Z,,,,,,,,CALCULATED
2013-05-02T22:40:00Z,2013-05-03T04:42:47Z,,,,,,,,CALCULATED
2013-05-02T22:50:00Z,2013-05-03T04:52:47Z,,,,,,,,CALCULATED
2013-05-02T23:00:00Z,2013-05-03T05:02:47Z,,,,,,,,CALCULATED
2013-05-02T23:10:00Z,2013-05-03T05:12:47Z,,,,,,,,CALCULATED
2013-05-02T23:20:00Z,2013-05-03T05:22:47Z,,,,,,,,CALCULATED
2013-05-02T23:30:00Z,2013-05-03T05:32:47Z,,,,,,,,CALCULATED
2013-05-02T23:40:00Z,2013-05-03T05:42:47Z,,,,,,,,CALCULATED
2013-05-02T23:50:00Z,2013-05-03T05:52:47Z,,,,,,,,CALCULATED
2013-05-03T00:00:00Z,2013-05-03T06:02:47Z,,,,,,,,CALCULATED
2013-05-03T00:10:00Z,2013-05-03T06:12:47Z,,,,,,,,CALCULATED
2013-05-03T00:20:00Z,2013-05-03T06:22:47Z,,,,,,,,CALCULATED
2013-05-03T00:30:00Z,2013-05-03T06:32:47Z,,,,,,,,CALCULATED
2013-05-03T00:40:00Z,2013-05-03T06:42:47Z,,,,,,,,CALCULATED
2013-05-03T00:50:00Z,2013-05-03T06:52:47Z,,,,,,,,CALCULATED
2013-05-03T01:00:00Z,2013-05-03T07:02:47Z,,,,,,,,CALCULATED
2013-05-03T01:10:00Z,2013-05-03T07:12:47Z,,,,,,,,CALCULATED
2013-05-03T01:20:00Z,2013-05-03T07:22:47Z,,,,,,,,CALCULATED
2013-05-03T01:30:00Z,2013-05-03T07:32:47Z,,,,,,,,CALCULATED
2013-05-03T01:40:00Z,2013-05-03T07:42:47Z,,,,,,,,CALCULATED
2013-05-03T01:50:00Z,2013-05-03T07:52:47Z,,,,,,,,CALCULATED
2013-05-03T02:00:00Z,2013-05-03T08:02:47Z,,,,,,,,CALCULATED
2013-05-03T02:10:00Z,2013-05-03T08:12:47Z,,,,,,,,CALCULATED
2013-05-03T02:20:00Z,2013-05-03T08:22:47Z,,,,,,,,CALCULATED
2013-05-03T02:30:00Z,2013-05-03T08:32:47Z,,,,,,,,CALCULATED
2013-05-03T02:40:00Z,2013-05-03T08:42:47Z,,,,,,,,CALCULATED
2013-05-03T02:50:00Z,2013-05-03T08:52:47Z,,,,,,,,CALCULATED
2013-05-03T03:00:00Z,2013-05-03T09:02:47Z,,,,,,,,CALCULATED
2013-05-03T03:10:00Z,2013-05-03T09:12:47Z,,,,,,,,CALCULATED
2013-05-03T03:20:00Z,2013-05-03T09:22:47Z,,,,,,,,CALCULATED
2013-05-03T03:30:00Z,2013-05-03T09:32:47Z,,,,,,,,CALCULATED
2013-05-03T03:40:00Z,2013-05-03T09:42:47Z,,,,,,,,CALCULATED
2013-05-03T03:50:00Z,2013-05-03T09:52:47Z,,,,,,,,CALCULATED
2013-05-03T04:00:00Z,2013-05-03T10:02:47Z,,,,,,,,CALCULATED
2013-05-03T04:10:00Z,2013-05-03T10:12:47Z,,,,,,,,CALCULATED
2013-05-03T04:20:00Z,2013-05-03T10:22:47Z,,,,,,,,CALCULATED
2013-05-03T04:30:00Z,2013-05-03T10:32:47Z,,,,,,,,CALCULATED
2013-05-03T04:40:00Z,2013-05-03T10:42:47Z,,,,,,,,CALCULATED
2013-05-03T04:50:00Z,2013-05-03T10:52:47Z,,,,,,,,CALCULATED
2013-05-03T05:00:00Z,2013-05-03T11:02:47Z,,,,,,,,CALCULATED
2013-05-03T05:10:00Z,2013-05-03T11:12:47Z,,,,,,,,CALCULATED
2013-05-03T05:20:00Z,2013-05-03T11:22:47Z,,,,,,,,CALCULATED
2013-05-03T05:30:00Z,2013-05-03T11:32:47Z,,,,,,,,CALCULATED
2013-05-03T05:40:00Z,2013-05-03T11:42:47Z,,,,,,,,CALCULATED
2013-05-03T05:50:00Z,2013-05-03T11:52:47Z,,,,,,,,CALCULATED
2013-05-03T06:00:00Z,2013-05-03T12:02:47Z,,,,,,,,CALCULATED
2013-05-03T06:10:00Z,2013-05-03T12:12:47Z,,,,,,,,CALCULATED
2013-05-03T06:20:00Z,2013-05-03T12:22:47Z,,,,,,,,CALCULATED
2013-05-03T06:30:00Z,2013-05-03T12:32:47Z,,,,,,,,CALCULATED
2013-05-03T06:40:00Z,2013-05-03T12:42:47Z,,,,,,,,CALCULATED
2013-05-03T06:50:00Z,2013-05-03T12:52:47Z,,,,,,,,CALCULATED
2013-05-03T07:00:00Z,2013-05-03T13:02:47Z,,,,,,,,CALCULATED
2013-05-03T07:10:00Z,2013-05-03T13:12:47Z,,,,,,,,CALCULATED
2013-05-03T07:20:00Z,2013-05-03T13:22:47Z,,,,,,,,CALCULATED
2013-05-03T07:30:00Z,2013-05-03T13:32:47Z,,,,,,,,CALCULATED
2013-05-03T07:40:00Z,2013-05-03T13:42:47Z,,,,,,,,CALCULATED
2013-05-03T07:50:00Z,2013-05-03T13:52:47Z,,,,,,,,CALCULATED
2013-05-03T08:00:00Z,2013-05-03T14:02:47Z,,,,,,,,CALCULATED
2013-05-03T08:10:00Z,2013-05-03T14:12:47Z,,,,,,,,CALCULATED
2013-05-03T08:20:00Z,2013-05-03T14:22:47Z,,,,,,,,CALCULATED
2013-05-03T08:30:00Z,2013-05-03T14:32:47Z,,,,,,,,CALCULATED
2013-05-03T08:40:00Z,2013-05-03T14:42:47Z,,,,,,,,CALCULATED
2013-05-03T08:50:00Z,2013-05-03T14:52:47Z,,,,,,,,CALCULATED
2013-05-03T09:00:00Z,2013-05-03T15:02:47Z,,,,,,,,CALCULATED
2013-05-03T09:10:00Z,2013-05-03T15:12:47Z,,,,,,,,CALCULATED
2013-05-03T09:20:00Z,2013-05-03T15:22:47Z,,,,,,,,CALCULATED
2013-05-03T09:30:00Z,2013-05-03T15:32:47Z,,,,,,,,CALCULATED
2013-05-03T09:40:00Z,2013-05-03T15:42:47Z,,,,,,,,CALCULATED
2013-05-03T09:50:00Z,2013-05-03T15:52:47Z,,,,,,,,CALCULATED
2013-05-03T10:00:00Z,2013-05-03T16:02:47Z,,,,,,,,CALCULATED
2013-05-03T10:10:00Z,2013-05-03T16:12:47Z,,,,,,,,CALCULATED
2013-05-03T10:20:00Z,2013-05-03T16:22:47Z,,,,,,,,CALCULATED
2013-05-03T10:30:00Z,2013-05-03T16:32:47Z,,,,,,,,CALCULATED
2013-05-03T10:40:00Z,2013-05-03T16:42:47Z,,,,,,,,CALCULATED
2013-05-03T10:50:00Z,2013-05-03T16:52:47Z,,,,,,,,CALCULATED
2013-05-03T11:00:00Z,2013-05-03T17:02:47Z,,,,,,,,CALCULATED
2013-05-03T11:10:00Z,2013-05-03T17:12:47Z,,,,,,,,CALCULATED
2013-05-03T11:20:00Z,2013-05-03T17:22:47Z,,,,,,,,CALCULATED
2013-05-03T11:30:00Z,2013-05-03T17:32:47Z,,,,,,,,CALCULATED
2013-05-03T11:40:00Z,2013-05-03T17:42:47Z,,,,,,,,CALCULATED
2013-05-03T11:50:00Z,2013-05-03T17:52:47Z,,,,,,,,CALCULATED
2013-05-03T12:00:00Z,2013-05-03T18:02:47Z,,,,,,OUT_WARN,,CALCULATED
2013-05-03T12:10:00Z,2013-05-03T18:12:47Z,,,,,,,,CALCULATED
2013-05-03T12:20:00Z,2013-05-03T18:22:47Z,,,,,,,,CALCULATED
2013-05-03T12:30:00Z,2013-05-03T18:32:47Z,,,,,,,,CALCULATED
2013-05-03T12:40:00Z,2013-05-03T18:42:47Z,,,,,,,,CALCULATED
2013-05-03T12:50:00Z,2013-05-03T18:52:47Z,,,,,,,,CALCULATED
2013-05-03T13:00:00Z,2013-05-03T19:02:47Z,,,,,,,,CALCULATED
2013-05-03T13:10:00Z,2013-05-03T19:12:47Z,,,,,,,,CALCULATED
2013-05-03T13:20:00Z,2013-05-03T19:22:47Z,,,,,,,,CALCULATED
2013-05-03T13:30:00Z,2013-05-03T19:32:47Z,,,,,,,,CALCULATED
2013-05-03T13:40:00Z,2013-05-03T19:42:47Z,,,,,,,,CALCULATED
2013-05-03T13:50:00Z,2013-05-03T19:52:47Z,,,,,,,,CALCULATED
2013-05-03T14:00:00Z,2013-05-03T20:02:47Z,,,,,,,,CALCULATED
2013-05-03T14:10:00Z,2013-05-03T20:12:47Z,,,,,,,,CALCULATED
2013-05-03T14:20:00Z,2013-05-03T20:22:47Z,,,,,,,,CALCULATED
2013-05-03T14:30:00Z,2013-05-03T20:32:47Z,,,,,,,,CALCULATED
2013-05-03T14:40:00Z,2013-05-03T20:42:47Z,,,,,,,,CALCULATED
2013-05-03T14:50:00Z,2013-05-03T20:52:47Z,,,,,,,,CALCULATED
2013-05-03T15:00:00Z,2013-05-03T21:02:47Z,,,,,,,,CALCULATED
2013-05-03T15:10:00Z,2013-05-03T21:12:47Z,,,,,,,,CALCULATED
2013-05-03T15:20:00Z,2013-05-03T21:22:47Z,,,,,,,,CALCULATED
2013-05-03T15:30:00Z,2013-05-03T21:32:47Z,,,,,,OUT_WARN,,CALCULATED
2013-05-03T15:40:00Z,2013-05-03T21:42:47Z,,,,,,,,CALCULATED
2013-05-03T15:50:00Z,2013-05-03T21:52:47Z,,,,,,,,CALCULATED
2013-05-03T16:00:00Z,2013-05-03T22:02:47Z,,,,,,,,CALCULATED
2013-05-03T16:10:00Z,2013-05-03T22:12:47Z,,,,,,,,CALCULATED
2013-05-03T16:20:00Z,2013-05-03T22:22:47Z,,,,,,,,CALCULATED
2013-05-03T16:30:00Z,2013-05-03T22:32:47Z,,,,,,,,CALCULATED
2013-05-03T16:40:00Z,2013-05-03T22:42:47Z,,,,,,,,CALCULATED
2013-05-03T16:50:00Z,2013-05-03T22:52:47Z,,,,,,,,CALCULATED
2013-05-03T17:00:00Z,2013-05-03T23:02:47Z,,,,,,,,CALCULATED
2013-05-03T17:10:00Z,2013-05-03T23:12:47Z,,,,,,,,CALCULATED
2013-05-03T17:20:00Z,2013-05-03T23:22:47Z,,,,,,,,CALCULATED
2013-05-03T17:30:00Z,2013-05-03T23:32:47Z,,,,,,,,CALCULATED
2013-05-03T17:40:00Z,2013-05-03T23:42:47Z,,,,,,,,CALCULATED
2013-05-03T17:50:00Z,2013-05-03T23:52:47Z,,,,,,,,CALCULATED
2013-05-03T18:00:00Z,2013-05-04T00:02:47Z,,,,,,,,CALCULATED
2013-05-03T18:10:00Z,2013-05-04T00:12:51Z,,,,,,,,CALCULATED
2013-05-03T18:20:00Z,2013-05-04T00:22:51Z,,,,,,,,CALCULATED
2013-05-03T18:30:00Z,2013-05-04T00:32:51Z,,,,,,,,CALCULATED
2013-05-03T18:40:00Z,2013-05-04T00:42:51Z,,,,,,,,CALCULATED
2013-05-03T18:50:00Z,2013-05-04T00:52:51Z,,,,,,,,CALCULATED
2013-05-03T19:00:00Z,2013-05-04T01:02:51Z,,,,,,,,CALCULATED
2013-05-03T19:10:00Z,2013-05-04T01:12:51Z,,,,,,,,CALCULATED
2013-05-03T19:20:00Z,2013-05-04T01:22:51Z,,,,,,,,CALCULATED
2013-05-03T19:30:00Z,2013-05-04T01:32:51Z,,,,,,,,CALCULATED
2013-05-03T19:40:00Z,2013-05-04T01:42:51Z,,,,,,,,CALCULATED
2013-05-03T19:50:00Z,2013-05-04T01:52:51Z,,,,,,,,CALCULATED
2013-05-03T20:00:00Z,2013-05-04T02:02:51Z,,,,,,,,CALCULATED
2013-05-03T20:10:00Z,2013-05-04T02:12:51Z,,,,,,,,CALCULATED
2013-05-03T20:20:00Z,2013-05-04T02:22:51Z,,,,,,,,CALCULATED
2013-05-03T20:30:00Z,2013-05-04T02:32:51Z,,,,,,,,CALCULATED
2013-05-03T20:40:00Z,2013-05-04T02:42:51Z,,,,,,,,CALCULATED
2013-05-03T20:50:00Z,2013-05-04T02:52:51Z,,,,,,,,CALCULATED
2013-05-03T21:00:00Z,2013-05-04T03:02:51Z,,,,,,,,CALCULATED
2013-05-03T21:10:00Z,2013-05-04T03:12:51Z,,,,,,,,CALCULATED
2013-05-03T21:20:00Z,2013-05-04T03:22:51Z,,,,,,,,CALCULATED
2013-05-03T21:30:00Z,2013-05-04T03:32:51Z,,,,,,,,CALCULATED
2013-05-03T21:40:00Z,2013-05-04T03:42:51Z,,,,,,,,CALCULATED
2013-05-03T21:50:00Z,2013-05-04T03:52:51Z,,,,,,,,CALCULATED
2013-05-03T22:00:00Z,2013-05-04T04:02:51Z,,,,,,,,CALCULATED
2013-05-03T22:10:00Z,2013-05-04T04:12:51Z,,,,,,,,CALCULATED
2013-05-03T22:20:00Z,2013-05-04T04:22:51Z,,,,,,,,CALCULATED
2013-05-03T22:30:00Z,2013-05-04T04:32:51Z,,,,,,,,CALCULATED
2013-05-03T22:40:00Z,2013-05-04T04:42:51Z,,,,,,,,CALCULATED
2013-05-03T22:50:00Z,2013-05-04T04:52:51Z,,,,,,,,CALCULATED
2013-05-03T23:00:00Z,2013-05-04T05:02:51Z,,,,,,,,CALCULATED
2013-05-03T23:10:00Z,2013-05-04T05:12:51Z,,,,,,,,CALCULATED
2013-05-03T23:20:00Z,2013-05-04T05:22:51Z,,,,,,OUT_WARN,,CALCULATED
2013-05-03T23:30:00Z,2013-05-04T05:32:51Z,,,,,,,,CALCULATED
2013-05-03T23:40:00Z,2013-05-04T05:42:51Z,,,,,,,,CALCULATED
2013-05-03T23:50:00Z,2013-05-04T05:52:51Z,,,,,,OUT_WARN,,CALCULATED
2013-05-04T00:00:00Z,2013-05-04T06:02:51Z,,,,,,,,CALCULATED
2013-05-04T00:10:00Z,2013-05-04T06:12:51Z,,,,,,,,CALCULATED
2013-05-04T00:20:00Z,2013-05-04T06:22:51Z,,,,,,,,CALCULATED
2013-05-04T00:30:00Z,2013-05-04T06:32:51Z,,,,,,,,CALCULATED
2013-05-04T00:40:00Z,2013-05-04T06:42:51Z,,,,,,,,CALCULATED
2013-05-04T00:50:00Z,2013-05-04T06:52:51Z,,,,,,,,CALCULATED
2013-05-04T01:00:00Z,2013-05-04T07:02:51Z,,,,,,,,CALCULATED
2013-05-04T01:10:00Z,2013-05-04T07:12:51Z,,,,,,,,CALCULATED
2013-05-04T01:20:00Z,2013-05-04T07:22:51Z,,,,,,,,CALCULATED
2013-05-04T01:30:00Z,2013-05-04T07:32:51Z,,,,,,,,CALCULATED
2013-05-04T01:40:00Z,2013-05-04T07:42:51Z,,,,,,,,CALCULATED
2013-05-04T01:50:00Z,2013-05-04T07:52:51Z,,,,,,,,CALCULATED
2013-05-04T02:00:00Z,2013-05-04T08:02:51Z,,,,,,,,CALCULATED
2013-05-04T02:10:00Z,2013-05-04T08:12:51Z,,,,,,,,CALCULATED
2013-05-04T02:20:00Z,2013-05-04T08:22:51Z,,,,,,,,CALCULATED
2013-05-04T02:30:00Z,2013-05-04T08:32:51Z,,,,,,,,CALCULATED
2013-05-04T02:40:00Z,2013-05-04T08:42:51Z,,,,,,,,CALCULATED
2013-05-04T02:50:00Z,2013-05-04T08:52:51Z,,,,,,,,CALCULATED
2013-05-04T03:00:00Z,2013-05-04T09:02:51Z,,,,,,,,CALCULATED
2013-05-04T03:10:00Z,2013-05-04T09:12:51Z,,,,,,,,CALCULATED
2013-05-04T03:20:00Z,2013-05-04T09:22:51Z,,,,,,,,CALCULATED
2013-05-04T03:30:00Z,2013-05-04T09:32:51Z,,,,,,,,CALCULATED
2013-05-04T03:40:00Z,2013-05-04T09:42:51Z,,,,,,,,CALCULATED
2013-05-04T03:50:00Z,2013-05-04T09:52:51Z,,,,,,,,CALCULATED
2013-05-04T04:00:00Z,2013-05-04T10:02:51Z,,,,,,,,CALCULATED
2013-05-04T04:10:00Z,2013-05-04T10:12:51Z,,,,,,,,CALCULATED
2013-05-04T04:20:00Z,2013-05-04T10:22:51Z,,,,,,,,CALCULATED
2013-05-04T04:30:00Z,2013-05-04T10:32:51Z,,,,,,,,CALCULATED
2013-05-04T04:40:00Z,2013-05-04T10:42:51Z,,,,,,,,CALCULATED
2013-05-04T04:50:00Z,2013-05-04T10:52:51Z,,,,,,,,CALCULATED
2013-05-04T05:00:00Z,2013-05-04T11:02:51Z,,,,,,,,CALCULATED
2013-05-04T05:10:00Z,2013-05-04T11:12:51Z,,,,,,,,CALCULATED
2013-05-04T05:20:00Z,2013-05-04T11:22:51Z,,,,,,,,CALCULATED
2013-05-04T05:30:00Z,2013-05-04T11:32:51Z,,,,,,,,CALCULATED
2013-05-04T05:40:00Z,2013-05-04T11:42:51Z,,,,,,,,CALCULATED
2013-05-04T05:50:00Z,2013-05-04T11:52:51Z,,,,,,,,CALCULATED
2013-05-04T06:00:00Z,2013-05-04T12:02:51Z,,,,,,,,CALCULATED
2013-05-04T06:10:00Z,2013-05-04T12:12:51Z,,,,,,,,CALCULATED
2013-05-04T06:20:00Z,2013-05-04T12:22:51Z,,,,,,,,CALCULATED
2013-05-04T06:30:00Z,2013-05-04T12:32:51Z,,,,,,,,CALCULATED
2013-05-04T06:40:00Z,2013-05-04T12:42:51Z,,,,,,,,CALCULATED
2013-05-04T06:50:00Z,2013-05-04T12:52:51Z,,,,,,,,CALCULATED
2013-05-04T07:00:00Z,2013-05-04T13:02:51Z,,,,,,,,CALCULATED
2013-05-04T07:10:00Z,2013-05-04T13:12:51Z,,,,,,,,CALCULATED
2013-05-04T07:20:00Z,2013-05-04T13:22:51Z,,,,,,,,CALCULATED
2013-05-04T07:30:00Z,2013-05-04T13:32:51Z,,,,,,,,CALCULATED
2013-05-04T07:40:00Z,2013-05-04T13:42:51Z,,,,,,,,CALCULATED
2013-05-04T07:50:00Z,2013-05-04T13:52:51Z,,,,,,,,CALCULATED
2013-05-04T08:00:00Z,2013-05-04T14:02:51Z,,,,,,,,CALCULATED
2013-05-04T08:10:00Z,2013-05-04T14:12:51Z,,,,,,,,CALCULATED
2013-05-04T08:20:00Z,2013-05-04T14:22:51Z,,,,,,,,CALCULATED
2013-05-04T08:30:00Z,2013-05-04T14:32:51Z,,,,,,,,CALCULATED
2013-05-04T08:40:00Z,2013-05-04T14:42:51Z,,,,,,,,CALCULATED
2013-05-04T08:50:00Z,2013-05-04T14:52:51Z,,,,,,,,CALCULATED
2013-05-04T09:00:00Z,2013-05-04T15:02:51Z,,,,,,,,CALCULATED
2013-05-04T09:10:00Z,2013-05-04T15:12:51Z,,,,,,,,CALCULATED
2013-05-04T09:20:00Z,2013-05-04T15:22:51Z,,,,,,,,CALCULATED
2013-05-04T09:30:00Z,2013-05-04T15:32:51Z,,,,,,,,CALCULATED
2013-05-04T09:40:00Z,2013-05-04T15:42:51Z,,,,,,,,CALCULATED
2013-05-04T09:50:00Z,2013-05-04T15:52:51Z,,,,,,,,CALCULATED
2013-05-04T10:00:00Z,2013-05-04T16:02:51Z,,,,,,,,CALCULATED
2013-05-04T10:10:00Z,2013-05-04T16:12:51Z,,,,,,,,CALCULATED
2013-05-04T10:20:00Z,2013-05-04T16:22:51Z,,,,,,,,CALCULATED
2013-05-04T10:30:00Z,2013-05-04T16:32:51Z,,,,,,,,CALCULATED
2013-05-04T10:40:00Z,2013-05-04T16:42:51Z,,,,,,,,CALCULATED
2013-05-04T10:50:00Z,2013-05-04T16:52:51Z,,,,,,,,CALCULATED
2013-05-04T11:00:00Z,2013-05-04T17:02:51Z,,,,,,,,CALCULATED
2013-05-04T11:10:00Z,2013-05-04T17:12:51Z,,,,,,,,CALCULATED
2013-05-04T11:20:00Z,2013-05-04T17:22:51Z,,,,,,,,CALCULATED
2013-05-04T11:30:00Z,2013-05-04T17:32:51Z,,,,,,,,CALCULATED
2013-05-04T11:40:00Z,2013-05-04T17:42:51Z,,,,,,,,CALCULATED
2013-05-04T11:50:00Z,2013-05-04T17:52:51Z,,,,,,,,CALCULATED
2013-05-04T12:00:00Z,2013-05-04T18:02:51Z,,,,,,,,CALCULATED
2013-05-04T12:10:00Z,2013-05-04T18:12:51Z,,,,,,,,CALCULATED
2013-05-04T12:20:00Z,2013-05-04T18:22:51Z,,,,,,,,CALCULATED
2013-05-04T12:30:00Z,2013-05-04T18:32:51Z,,,,,,,,CALCULATED
2013-05-04T12:40:00Z,2013-05-04T18:42:51Z,,,,,,,,CALCULATED
2013-05-04T12:50:00Z,2013-05-04T18:52:51Z,,,,,,,,CALCULATED
2013-05-04T13:00:00Z,2013-05-04T19:02:51Z,,,,,,,,CALCULATED
2013-05-04T13:10:00Z,2013-05-04T19:12:51Z,,,,,,,,CALCULATED
2013-05-04T13:20:00Z,2013-05-04T19:22:51Z,,,,,,,,CALCULATED
2013-05-04T13:30:00Z,2013-05-04T19:32:51Z,,,,,,,,CALCULATED
2013-05-04T13:40:00Z,2013-05-04T19:42:51Z,,,,,,,,CALCULATED
2013-05-04T13:50:00Z,2013-05-04T19:52:51Z,,,,,,,,CALCULATED
2013-05-04T14:00:00Z,2013-05-04T20:02:51Z,,,,,,,,CALCULATED
2013-05-04T14:10:00Z,2013-05-04T20:12:51Z,,,,,,,,CALCULATED
2013-05-04T14:20:00Z,2013-05-04T20:22:51Z,,,,,,,,CALCULATED
2013-05-04T14:30:00Z,2013-05-04T20:32:51Z,,,,,,,,CALCULATED
2013-05-04T14:40:00Z,2013-05-04T20:42:51Z,,,,,,,,CALCULATED
2013-05-04T14:50:00Z,2013-05-04T20:52:51Z,,,,,,,,CALCULATED
2013-05-04T15:00:00Z,2013-05-04T21:02:51Z,,,,,,,,CALCULATED
2013-05-04T15:10:00Z,2013-05-04T21:12:51Z,,,,,,,,CALCULATED
2013-05-04T15:20:00Z,2013-05-04T21:22:51Z,,,,,,,,CALCULATED
2013-05-04T15:30:00Z,2013-05-04T21:32:51Z,,,,,,,,CALCULATED
2013-05-04T15:40:00Z,2013-05-04T21:42:51Z,,,,,,,,CALCULATED
2013-05-04T15:50:00Z,2013-05-04T21:52:51Z,,,,,,,,CALCULATED
2013-05-04T16:00:00Z,2013-05-04T22:02:51Z,,,,,,,,CALCULATED
2013-05-04T16:10:00Z,2013-05-04T22:12:51Z,,,,,,,,CALCULATED
2013-05-04T16:20:00Z,2013-05-04T22:22:51Z,,,,,,,,CALCULATED
2013-05-04T16:30:00Z,2013-05-04T22:32:51Z,,,,,,,,CALCULATED
2013-05-04T16:40:00Z,2013-05-04T22:42:51Z,,,,,,,,CALCULATED
2013-05-04T16:50:00Z,2013-05-04T22:52:51Z,,,,,,,,CALCULATED
2013-05-04T17:00:00Z,2013-05-04T23:02:51Z,,,,,,,,CALCULATED
2013-05-04T17:10:00Z,2013-05-04T23:12:51Z,,,,,,,,CALCULATED
2013-05-04T17:20:00Z,2013-05-04T23:22:51Z,,,,,,,,CALCULATED
2013-05-04T17:30:00Z,2013-05-04T23:32:51Z,,,,,,,,CALCULATED
2013-05-04T17:40:00Z,2013-05-04T23:42:51Z,,,,,,,,CALCULATED
2013-05-04T17:50:00Z,2013-05-04T23:52:51Z,,,,,,,,CALCULATED
2013-05-04T18:00:00Z,2013-05-05T00:02:51Z,,,,,,,,CALCULATED
2013-05-04T18:10:00Z,2013-05-05T00:12:55Z,,,,,,,,CALCULATED
2013-05-04T18:20:00Z,2013-05-05T00:22:55Z,,,,,,,,CALCULATED
2013-05-04T18:30:00Z,2013-05-05T00:32:55Z,,,,,,,,CALCULATED
2013-05-04T18:40:00Z,2013-05-05T00:42:55Z,,,,,,,,CALCULATED
2013-05-04T18:50:00Z,2013-05-05T00:52:55Z,,,,,,,,CALCULATED
2013-05-04T19:00:00Z,2013-05-05T01:02:55Z,,,,,,,,CALCULATED
2013-05-04T19:10:00Z,2013-05-05T01:12:55Z,,,,,,,,CALCULATED
2013-05-04T19:20:00Z,2013-05-05T01:22:55Z,,,,,,,,CALCULATED
2013-05-04T19:30:00Z,2013-05-05T01:32:55Z,,,,,,,,CALCULATED
2013-05-04T19:40:00Z,2013-05-05T01:42:55Z,,,,,,,,CALCULATED
2013-05-04T19:50:00Z,2013-05-05T01:52:55Z,,,,,,,,CALCULATED
2013-05-04T20:00:00Z,2013-05-05T02:02:55Z,,,,,,,,CALCULATED
2013-05-04T20:10:00Z,2013-05-05T02:12:55Z,,,,,,,,CALCULATED
2013-05-04T20:20:00Z,2013-05-05T02:22:55Z,,,,,,,,CALCULATED
2013-05-04T20:30:00Z,2013-05-05T02:32:55Z,,,,,,,,CALCULATED
2013-05-04T20:40:00Z,2013-05-05T02:42:55Z,,,,,,,,CALCULATED
2013-05-04T20:50:00Z,2013-05-05T02:52:55Z,,,,,,,,CALCULATED
2013-05-04T21:00:00Z,2013-05-05T03:02:55Z,,,,,,,,CALCULATED
2013-05-04T21:10:00Z,2013-05-05T03:12:55Z,,,,,,,,CALCULATED
2013-05-04T21:20:00Z,2013-05-05T03:22:55Z,,,,,,,,CALCULATED
2013-05-04T21:30:00Z,2013-05-05T03:32:55Z,,,,,,,,CALCULATED
2013-05-04T21:40:00Z,2013-05-05T03:42:55Z,,,,,,,,CALCULATED
2013-05-04T21:50:00Z,2013-05-05T03:52:55Z,,,,,,,,CALCULATED
2013-05-04T22:00:00Z,2013-05-05T04:02:55Z,,,,,,,,CALCULATED
2013-05-04T22:10:00Z,2013-05-05T04:12:55Z,,,,,,,,CALCULATED
2013-05-04T22:20:00Z,2013-05-05T04:22:55Z,,,,,,,,CALCULATED
2013-05-04T22:30:00Z,2013-05-05T04:32:55Z,,,,,,,,CALCULATED
2013-05-04T22:40:00Z,2013-05-05T04:42:55Z,,,,,,,,CALCULATED
2013-05-04T22:50:00Z,2013-05-05T04:52:55Z,,,,,,,,CALCULATED
2013-05-04T23:00:00Z,2013-05-05T05:02:55Z,,,,,,,,CALCULATED
2013-05-04T23:10:00Z,2013-05-05T05:12:55Z,,,,,,,,CALCULATED
2013-05-04T23:20:00Z,2013-05-05T05:22:55Z,,,,,,,,CALCULATED
2013-05-04T23:30:00Z,2013-05-05T05:32:55Z,,,,,,,,CALCULATED
2013-05-04T23:40:00Z,2013-05-05T05:42:55Z,,,,,,,,CALCULATED
2013-05-04T23:50:00Z,2013-05-05T05:52:55Z,,,,,,,,CALCULATED
2013-05-05T00:00:00Z,2013-05-05T06:02:55Z,,,,,,,,CALCULATED
2013-05-05T00:10:00Z,2013-05-05T06:12:55Z,,,,,,,,CALCULATED
2013-05-05T00:20:00Z,2013-05-05T06:22:55Z,,,,,,,,CALCULATED
2013-05-05T00:30:00Z,2013-05-05T06:32:55Z,,,,,,,,CALCULATED
2013-05-05T00:40:00Z,2013-05-05T06:42:55Z,,,,,,,,CALCULATED
2013-05-05T00:50:00Z,2013-05-05T06:52:55Z,,,,,,,,CALCULATED
2013-05-05T01:00:00Z,2013-05-05T07:02:55Z,,,,,,,,CALCULATED
2013-05-05T01:10:00Z,2013-05-05T07:12:55Z,,,,,,,,CALCULATED
2013-05-05T01:20:00Z,2013-05-05T07:22:55Z,,,,,,,,CALCULATED
2013-05-05T01:30:00Z,2013-05-05T07:32:55Z,,,,,,,,CALCULATED
2013-05-05T01:40:00Z,2013-05-05T07:42:55Z,,,,,,,,CALCULATED
2013-05-05T01:50:00Z,2013-05-05T07:52:55Z,,,,,,,,CALCULATED
2013-05-05T02:00:00Z,2013-05-05T08:02:55Z,,,,,,,,CALCULATED
2013-05-05T02:10:00Z,2013-05-05T08:12:55Z,,,,,,,,CALCULATED
2013-05-05T02:20:00Z,2013-05-05T08:22:55Z,,,,,,,,CALCULATED
2013-05-05T02:30:00Z,2013-05-05T08:32:55Z,,,,,,,,CALCULATED
2013-05-05T02:40:00Z,2013-05-05T08:42:55Z,,,,,,,,CALCULATED
2013-05-05T02:50:00Z,2013-05-05T08:52:55Z,,,,,,,,CALCULATED
2013-05-05T03:00:00Z,2013-05-05T09:02:55Z,,,,,,,,CALCULATED
2013-05-05T03:10:00Z,2013-05-05T09:12:55Z,,,,,,,,CALCULATED
2013-05-05T03:20:00Z,2013-05-05T09:22:55Z,,,,,,,,CALCULATED
2013-05-05T03:30:00Z,2013-05-05T09:32:55Z,,,,,,,,CALCULATED
2013-05-05T03:40:00Z,2013-05-05T09:42:55Z,,,,,,,,CALCULATED
2013-05-05T03:50:00Z,2013-05-05T09:52:55Z,,,,,,,,CALCULATED
2013-05-05T04:00:00Z,2013-05-05T10:02:55Z,,,,,,,,CALCULATED
2013-05-05T04:10:00Z,2013-05-05T10:12:55Z,,,,,,,,CALCULATED
2013-05-05T04:20:00Z,2013-05-05T10:22:55Z,,,,,,,,CALCULATED
2013-05-05T04:30:00Z,2013-05-05T10:32:55Z,,,,,,,,CALCULATED
2013-05-05T04:40:00Z,2013-05-05T10:42:55Z,,,,,,,,CALCULATED
2013-05-05T04:50:00Z,2013-05-05T10:52:55Z,,,,,,,,CALCULATED
2013-05-05T05:00:00Z,2013-05-05T11:02:55Z,,,,,,,,CALCULATED
2013-05-05T05:10:00Z,2013-05-05T11:12:55Z,,,,,,,,CALCULATED
2013-05-05T05:20:00Z,2013-05-05T11:22:55Z,,,,,,,,CALCULATED
2013-05-05T05:30:00Z,2013-05-05T11:32:55Z,,,,,,,,CALCULATED
2013-05-05T05:40:00Z,2013-05-05T11:42:55Z,,,,,,,,CALCULATED
2013-05-05T05:50:00Z,2013-05-05T11:52:55Z,,,,,,,,CALCULATED
2013-05-05T06:00:00Z,2013-05-05T12:02:55Z,,,,,,,,CALCULATED
2013-05-05T06:10:00Z,2013-05-05T12:12:55Z,,,,,,,,CALCULATED
2013-05-05T06:20:00Z,2013-05-05T12:22:55Z,,,,,,,,CALCULATED
2013-05-05T06:30:00Z,2013-05-05T12:32:55Z,,,,,,,,CALCULATED
2013-05-05T06:40:00Z,2013-05-05T12:42:55Z,,,,,,,,CALCULATED
2013-05-05T06:50:00Z,2013-05-05T12:52:55Z,,,,,,,,CALCULATED
2013-05-05T07:00:00Z,2013-05-05T13:02:55Z,,,,,,,,CALCULATED
2013-05-05T07:10:00Z,2013-05-05T13:12:55Z,,,,,,,,CALCULATED
2013-05-05T07:20:00Z,2013-05-05T13:22:55Z,,,,,,,,CALCULATED
2013-05-05T07:30:00Z,2013-05-05T13:32:55Z,,,,,,,,CALCULATED
2013-05-05T07:40:00Z,2013-05-05T13:42:55Z,,,,,,,,CALCULATED
2013-05-05T07:50:00Z,2013-05-05T13:52:55Z,,,,,,,,CALCULATED
2013-05-05T08:00:00Z,2013-05-05T14:02:55Z,,,,,,,,CALCULATED
2013-05-05T08:10:00Z,2013-05-05T14:12:55Z,,,,,,,,CALCULATED
2013-05-05T08:20:00Z,2013-05-05T14:22:55Z,,,,,,,,CALCULATED
2013-05-05T08:30:00Z,2013-05-05T14:32:55Z,,,,,,,,CALCULATED
2013-05-05T08:40:00Z,2013-05-05T14:42:55Z,,,,,,,,CALCULATED
2013-05-05T08:50:00Z,2013-05-05T14:52:55Z,,,,,,,,CALCULATED
2013-05-05T09:00:00Z,2013-05-05T15:02:55Z,,,,,,,,CALCULATED
2013-05-05T09:10:00Z,2013-05-05T15:12:55Z,,,,,,,,CALCULATED
2013-05-05T09:20:00Z,2013-05-05T15:22:55Z,,,,,,,,CALCULATED
2013-05-05T09:30:00Z,2013-05-05T15:32:55Z,,,,,,,,CALCULATED
2013-05-05T09:40:00Z,2013-05-05T15:42:55Z,,,,,,,,CALCULATED
2013-05-05T09:50:00Z,2013-05-05T15:52:55Z,,,,,,,,CALCULATED
2013-05-05T10:00:00Z,2013-05-05T16:02:55Z,,,,,,,,CALCULATED
2013-05-05T10:10:00Z,2013-05-05T16:12:55Z,,,,,,,,CALCULATED
2013-05-05T10:20:00Z,2013-05-05T16:22:55Z,,,,,,,,CALCULATED
2013-05-05T10:30:00Z,2013-05-05T16:32:55Z,,,,,,,,CALCULATED
2013-05-05T10:40:00Z,2013-05-05T16:42:55Z,,,,,,,,CALCULATED
2013-05-05T10:50:00Z,2013-05-05T16:52:55Z,,,,,,,,CALCULATED
2013-05-05T11:00:00Z,2013-05-05T17:02:55Z,,,,,,,,CALCULATED
2013-05-05T11:10:00Z,2013-05-05T17:12:55Z,,,,,,,,CALCULATED
2013-05-05T11:20:00Z,2013-05-05T17:22:55Z,,,,,,,,CALCULATED
2013-05-05T11:30:00Z,2013-05-05T17:32:55Z,,,,,,,,CALCULATED
2013-05-05T11:40:00Z,2013-05-05T17:42:55Z,,,,,,,,CALCULATED
2013-05-05T11:50:00Z,2013-05-05T17:52:55Z,,,,,,,,CALCULATED
2013-05-05T12:00:00Z,2013-05-05T18:02:55Z,,,,,,,,CALCULATED
2013-05-05T12:10:00Z,2013-05-05T18:12:55Z,,,,,,,,CALCULATED
2013-05-05T12:20:00Z,2013-05-05T18:22:55Z,,,,,,,,CALCULATED
2013-05-05T12:30:00Z,2013-05-05T18:32:55Z,,,,,,,,CALCULATED
2013-05-05T12:40:00Z,2013-05-05T18:42:55Z,,,,,,,,CALCULATED
2013-05-05T12:50:00Z,2013-05-05T18:52:55Z,,,,,,,,CALCULATED
2013-05-05T13:00:00Z,2013-05-05T19:02:55Z,,,,,,,,CALCULATED
2013-05-05T13:10:00Z,2013-05-05T19:12:55Z,,,,,,,,CALCULATED
2013-05-05T13:20:00Z,2013-05-05T19:22:55Z,,,,,,,,CALCULATED
2013-05-05T13:30:00Z,2013-05-05T19:32:55Z,,,,,,,,CALCULATED
2013-05-05T13:40:00Z,2013-05-05T19:42:55Z,,,,,,,,CALCULATED
2013-05-05T13:50:00Z,2013-05-05T19:52:55Z,,,,,,,,CALCULATED
2013-05-05T14:00:00Z,2013-05-05T20:02:55Z,,,,,,,,CALCULATED
2013-05-05T14:10:00Z,2013-05-05T20:12:55Z,,,,,,,,CALCULATED
2013-05-05T14:20:00Z,2013-05-05T20:22:55Z,,,,,,,,CALCULATED
2013-05-05T14:30:00Z,2013-05-05T20:32:55Z,,,,,,,,CALCULATED
2013-05-05T14:40:00Z,2013-05-05T20:42:55Z,,,,,,,,CALCULATED
2013-05-05T14:50:00Z,2013-05-05T20:52:55Z,,,,,,,,CALCULATED
2013-05-05T15:00:00Z,2013-05-05T21:02:55Z,,,,,,,,CALCULATED
2013-05-05T15:10:00Z,2013-05-05T21:12:55Z,,,,,,,,CALCULATED
2013-05-05T15:20:00Z,2013-05-05T21:22:55Z,,,,,,,,CALCULATED
2013-05-05T15:30:00Z,2013-05-05T21:32:55Z,,,,,,,,CALCULATED
2013-05-05T15:40:00Z,2013-05-05T21:42:55Z,,,,,,,,CALCULATED
2013-05-05T15:50:00Z,2013-05-05T21:52:55Z,,,,,,,,CALCULATED
2013-05-05T16:00:00Z,2013-05-05T22:02:55Z,,,,,,,,CALCULATED
2013-05-05T16:10:00Z,2013-05-05T22:12:55Z,,,,,,,,CALCULATED
2013-05-05T16:20:00Z,2013-05-05T22:22:55Z,,,,,,,,CALCULATED
2013-05-05T16:30:00Z,2013-05-05T22:32:55Z,,,,,,,,CALCULATED
2013-05-05T16:40:00Z,2013-05-05T22:42:55Z,,,,,,,,CALCULATED
2013-05-05T16:50:00Z,2013-05-05T22:52:55Z,,,,,,,,CALCULATED
2013-05-05T17:00:00Z,2013-05-05T23:02:55Z,,,,,,,,CALCULATED
2013-05-05T17:10:00Z,2013-05-05T23:12:55Z,,,,,,,,CALCULATED
2013-05-05T17:20:00Z,2013-05-05T23:22:55Z,,,,,,,,CALCULATED
2013-05-05T17:30:00Z,2013-05-05T23:32:55Z,,,,,,,,CALCULATED
2013-05-05T17:40:00Z,2013-05-05T23:42:55Z,,,,,,,,CALCULATED
2013-05-05T17:50:00Z,2013-05-05T23:52:55Z,,,,,,,,CALCULATED
2013-05-05T18:00:00Z,2013-05-06T00:02:55Z,,,,,,,,CALCULATED
2013-05-05T18:10:00Z,2013-05-06T00:12:59Z,,,,,,,,CALCULATED
2013-05-05T18:20:00Z,2013-05-06T00:22:59Z,,,,,,,,CALCULATED
2013-05-05T18:30:00Z,2013-05-06T00:32:59Z,,,,,,,,CALCULATED
2013-05-05T18:40:00Z,2013-05-06T00:42:59Z,,,,,,,,CALCULATED
2013-05-05T18:50:00Z,2013-05-06T00:52:59Z,,,,,,,,CALCULATED
2013-05-05T19:00:00Z,2013-05-06T01:02:59Z,,,,,,,,CALCULATED
2013-05-05T19:10:00Z,2013-05-06T01:12:59Z,,,,,,,,CALCULATED
2013-05-05T19:20:00Z,2013-05-06T01:22:59Z,,,,,,,,CALCULATED
2013-05-05T19:30:00Z,2013-05-06T01:32:59Z,,,,,,,,CALCULATED
2013-05-05T19:40:00Z,2013-05-06T01:42:59Z,,,,,,,,CALCULATED
2013-05-05T19:50:00Z,2013-05-06T01:52:59Z,,,,,,,,CALCULATED
2013-05-05T20:00:00Z,2013-05-06T02:02:59Z,,,,,,,,CALCULATED
2013-05-05T20:10:00Z,2013-05-06T02:12:59Z,,,,,,,,CALCULATED
2013-05-05T20:20:00Z,2013-05-06T02:22:59Z,,,,,,,,CALCULATED
2013-05-05T20:30:00Z,2013-05-06T02:32:59Z,,,,,,,,CALCULATED
2013-05-05T20:40:00Z,2013-05-06T02:42:59Z,,,,,,,,CALCULATED
2013-05-05T20:50:00Z,2013-05-06T02:52:59Z,,,,,,OUT_WARN,,CALCULATED
2013-05-05T21:00:00Z,2013-05-06T03:02:59Z,,,,,,OUT_WARN,,CALCULATED
2013-05-05T21:10:00Z,2013-05-06T03:12:59Z,,,,,,OUT_WARN,,CALCULATED
2013-05-05T21:20:00Z,2013-05-06T03:22:59Z,,,,,,OUT_WARN,,CALCULATED
2013-05-05T21:30:00Z,2013-05-06T03:32:59Z,,,,,,,,CALCULATED
2013-05-05T21:40:00Z,2013-05-06T03:42:59Z,,,,,,,,CALCULATED
2013-05-05T21:50:00Z,2013-05-06T03:52:59Z,,,,,,,,CALCULATED
2013-05-05T22:00:00Z,2013-05-06T04:02:59Z,,,,,,OUT_WARN,,CALCULATED
2013-05-05T22:10:00Z,2013-05-06T04:12:59Z,,,,,,,,CALCULATED
2013-05-05T22:20:00Z,2013-05-06T04:22:59Z,,,,,,,,CALCULATED
2013-05-05T22:30:00Z,2013-05-06T04:32:59Z,,,,,,,,CALCULATED
2013-05-05T22:40:00Z,2013-05-06T04:42:59Z,,,,,,,,CALCULATED
2013-05-05T22:50:00Z,2013-05-06T04:52:59Z,,,,,,,,CALCULATED
2013-05-05T23:00:00Z,2013-05-06T05:02:59Z,,,,,,,,CALCULATED
2013-05-05T23:10:00Z,2013-05-06T05:12:59Z,,,,,,,,CALCULATED
2013-05-05T23:20:00Z,2013-05-06T05:22:59Z,,,,,,,,CALCULATED
2013-05-05T23:30:00Z,2013-05-06T05:32:59Z,,,,,,,,CALCULATED
2013-05-05T23:40:00Z,2013-05-06T05:42:59Z,,,,,,,,CALCULATED
2013-05-05T23:50:00Z,2013-05-06T05:52:59Z,,,,,,,,CALCULATED
2013-05-06T00:00:00Z,2013-05-06T06:02:59Z,,,,,,,,CALCULATED
2013-05-06T00:10:00Z,2013-05-06T06:12:59Z,,,,,,,,CALCULATED
2013-05-06T00:20:00Z,2013-05-06T06:22:59Z,,,,,,,,CALCULATED
2013-05-06T00:30:00Z,2013-05-06T06:32:59Z,,,,,,,,CALCULATED
2013-05-06T00:40:00Z,2013-05-06T06:42:59Z,,,,,,,,CALCULATED
2013-05-06T00:50:00Z,2013-05-06T06:52:59Z,,,,,,,,CALCULATED
2013-05-06T01:00:00Z,2013-05-06T07:02:59Z,,,,,,,,CALCULATED
2013-05-06T01:10:00Z,2013-05-06T07:12:59Z,,,,,,,,CALCULATED
2013-05-06T01:20:00Z,2013-05-06T07:22:59Z,,,,,,,,CALCULATED
2013-05-06T01:30:00Z,2013-05-06T07:32:59Z,,,,,,,,CALCULATED
2013-05-06T01:40:00Z,2013-05-06T07:42:59Z,,,,,,,,CALCULATED
2013-05-06T01:50:00Z,2013-05-06T07:52:59Z,,,,,,,,CALCULATED
2013-05-06T02:00:00Z,2013-05-06T08:02:59Z,,,,,,,,CALCULATED
2013-05-06T02:10:00Z,2013-05-06T08:12:59Z,,,,,,,,CALCULATED
2013-05-06T02:20:00Z,2013-05-06T08:22:59Z,,,,,,,,CALCULATED
2013-05-06T02:30:00Z,2013-05-06T08:32:59Z,,,,,,,,CALCULATED
2013-05-06T02:40:00Z,2013-05-06T08:42:59Z,,,,,,,,CALCULATED
2013-05-06T02:50:00Z,2013-05-06T08:52:59Z,,,,,,,,CALCULATED
2013-05-06T03:00:00Z,2013-05-06T09:02:59Z,,,,,,,,CALCULATED
2013-05-06T03:10:00Z,2013-05-06T09:12:59Z,,,,,,,,CALCULATED
2013-05-06T03:20:00Z,2013-05-06T09:22:59Z,,,,,,,,CALCULATED
2013-05-06T03:30:00Z,2013-05-06T09:32:59Z,,,,,,,,CALCULATED
2013-05-06T03:40:00Z,2013-05-06T09:42:59Z,,,,,,,,CALCULATED
2013-05-06T03:50:00Z,2013-05-06T09:52:59Z,,,,,,,,CALCULATED
2013-05-06T04:00:00Z,2013-05-06T10:02:59Z,,,,,,,,CALCULATED
2013-05-06T04:10:00Z,2013-05-06T10:12:59Z,,,,,,,,CALCULATED
2013-05-06T04:20:00Z,2013-05-06T10:22:59Z,,,,,,,,CALCULATED
2013-05-06T04:30:00Z,2013-05-06T10:32:59Z,,,,,,,,CALCULATED
2013-05-06T04:40:00Z,2013-05-06T10:42:59Z,,,,,,,,CALCULATED
2013-05-06T04:50:00Z,2013-05-06T10:52:59Z,,,,,,,,CALCULATED
2013-05-06T05:00:00Z,2013-05-06T11:02:59Z,,,,,,,,CALCULATED
2013-05-06T05:10:00Z,2013-05-06T11:12:59Z,,,,,,,,CALCULATED
2013-05-06T05:20:00Z,2013-05-06T11:22:59Z,,,,,,,,CALCULATED
2013-05-06T05:30:00Z,2013-05-06T11:32:59Z,,,,,,,,CALCULATED
2013-05-06T05:40:00Z,2013-05-06T11:42:59Z,,,,,,,,CALCULATED
2013-05-06T05:50:00Z,2013-05-06T11:52:59Z,,,,,,,,CALCULATED
2013-05-06T06:00:00Z,2013-05-06T12:02:59Z,,,,,,,,CALCULATED
2013-05-06T06:10:00Z,2013-05-06T12:12:59Z,,,,,,,,CALCULATED
2013-05-06T06:20:00Z,2013-05-06T12:22:59Z,,,,,,,,CALCULATED
2013-05-06T06:30:00Z,2013-05-06T12:32:59Z,,,,,,,,CALCULATED
2013-05-06T06:40:00Z,2013-05-06T12:42:59Z,,,,,,,,CALCULATED
2013-05-06T06:50:00Z,2013-05-06T12:52:59Z,,,,,,,,CALCULATED
2013-05-06T07:00:00Z,2013-05-06T13:02:59Z,,,,,,,,CALCULATED
2013-05-06T07:10:00Z,2013-05-06T13:12:59Z,,,,,,,,CALCULATED
2013-05-06T07:20:00Z,2013-05-06T13:22:59Z,,,,,,,,CALCULATED
2013-05-06T07:30:00Z,2013-05-06T13:32:59Z,,,,,,,,CALCULATED
2013-05-06T07:40:00Z,2013-05-06T13:42:59Z,,,,,,,,CALCULATED
2013-05-06T07:50:00Z,2013-05-06T13:52:59Z,,,,,,,,CALCULATED
2013-05-06T08:00:00Z,2013-05-06T14:02:59Z,,,,,,,,CALCULATED
2013-05-06T08:10:00Z,2013-05-06T14:12:59Z,,,,,,,,CALCULATED
2013-05-06T08:20:00Z,2013-05-06T14:22:59Z,,,,,,,,CALCULATED
2013-05-06T08:30:00Z,2013-05-06T14:32:59Z,,,,,,,,CALCULATED
2013-05-06T08:40:00Z,2013-05-06T14:42:59Z,,,,,,,,CALCULATED
2013-05-06T08:50:00Z,2013-05-06T14:52:59Z,,,,,,,,CALCULATED
2013-05-06T09:00:00Z,2013-05-06T15:02:59Z,,,,,,,,CALCULATED
2013-05-06T09:10:00Z,2013-05-06T15:12:59Z,,,,,,,,CALCULATED
2013-05-06T09:20:00Z,2013-05-06T15:22:59Z,,,,,,,,CALCULATED
2013-05-06T09:30:00Z,2013-05-06T15:32:59Z,,,,,,,,CALCULATED
2013-05-06T09:40:00Z,2013-05-06T15:42:59Z,,,,,,,,CALCULATED
2013-05-06T09:50:00Z,2013-05-06T15:52:59Z,,,,,,,,CALCULATED
2013-05-06T10:00:00Z,2013-05-06T16:02:59Z,,,,,,,,CALCULATED
2013-05-06T10:10:00Z,2013-05-06T16:12:59Z,,,,,,,,CALCULATED
2013-05-06T10:20:00Z,2013-05-06T16:22:59Z,,,,,,,,CALCULATED
2013-05-06T10:30:00Z,2013-05-06T16:32:59Z,,,,,,,,CALCULATED
2013-05-06T10:40:00Z,2013-05-06T16:42:59Z,,,,,,,,CALCULATED
2013-05-06T10:50:00Z,2013-05-06T16:52:59Z,,,,,,,,CALCULATED
2013-05-06T11:00:00Z,2013-05-06T17:02:59Z,,,,,,,,CALCULATED
2013-05-06T11:10:00Z,2013-05-06T17:12:59Z,,,,,,,,CALCULATED
2013-05-06T11:20:00Z,2013-05-06T17:22:59Z,,,,,,,,CALCULATED
2013-05-06T11:30:00Z,2013-05-06T17:32:59Z,,,,,,,,CALCULATED
2013-05-06T11:40:00Z,2013-05-06T17:42:59Z,,,,,,,,CALCULATED
2013-05-06T11:50:00Z,2013-05-06T17:52:59Z,,,,,,,,CALCULATED
2013-05-06T12:00:00Z,2013-05-06T18:02:59Z,,,,,,,,CALCULATED
2013-05-06T12:10:00Z,2013-05-06T18:12:59Z,,,,,,,,CALCULATED
2013-05-06T12:20:00Z,2013-05-06T18:22:59Z,,,,,,,,CALCULATED
2013-05-06T12:30:00Z,2013-05-06T18:32:59Z,,,,,,,,CALCULATED
2013-05-06T12:40:00Z,2013-05-06T18:42:59Z,,,,,,,,CALCULATED
2013-05-06T12:50:00Z,2013-05-06T18:52:59Z,,,,,,,,CALCULATED
2013-05-06T13:00:00Z,2013-05-06T19:02:59Z,,,,,,,,CALCULATED
2013-05-06T13:10:00Z,2013-05-06T19:12:59Z,,,,,,,,CALCULATED
2013-05-06T13:20:00Z,2013-05-06T19:22:59Z,,,,,,,,CALCULATED
2013-05-06T13:30:00Z,2013-05-06T19:32:59Z,,,,,,,,CALCULATED
2013-05-06T13:40:00Z,2013-05-06T19:42:59Z,,,,,,,,CALCULATED
2013-05-06T13:50:00Z,2013-05-06T19:52:59Z,,,,,,,,CALCULATED
2013-05-06T14:00:00Z,2013-05-06T20:02:59Z,,,,,,,,CALCULATED
2013-05-06T14:10:00Z,2013-05-06T20:12:59Z,,,,,,,,CALCULATED
2013-05-06T14:20:00Z,2013-05-06T20:22:59Z,,,,,,,,CALCULATED
2013-05-06T14:30:00Z,2013-05-06T20:32:59Z,,,,,,,,CALCULATED
2013-05-06T14:40:00Z,2013-05-06T20:42:59Z,,,,,,,,CALCULATED
2013-05-06T14:50:00Z,2013-05-06T20:52:59Z,,,,,,,,CALCULATED
2013-05-06T15:00:00Z,2013-05-06T21:02:59Z,,,,,,,,CALCULATED
2013-05-06T15:10:00Z,2013-05-06T21:12:59Z,,,,,,,,CALCULATED
2013-05-06T15:20:00Z,2013-05-06T21:22:59Z,,,,,,,,CALCULATED
2013-05-06T15:30:00Z,2013-05-06T21:32:59Z,,,,,,,,CALCULATED
2013-05-06T15:40:00Z,2013-05-06T21:42:59Z,,,,,,,,CALCULATED
2013-05-06T15:50:00Z,2013-05-06T21:52:59Z,,,,,,,,CALCULATED
2013-05-06T16:00:00Z,2013-05-06T22:02:59Z,,,,,,,,CALCULATED
2013-05-06T16:10:00Z,2013-05-06T22:12:59Z,,,,,,,,CALCULATED
2013-05-06T16:20:00Z,2013-05-06T22:22:59Z,,,,,,,,CALCULATED
2013-05-06T16:30:00Z,2013-05-06T22:32:59Z,,,,,,,,CALCULATED
2013-05-06T16:40:00Z,2013-05-06T22:42:59Z,,,,,,,,CALCULATED
2013-05-06T16:50:00Z,2013-05-06T22:52:59Z,,,,,,,,CALCULATED
2013-05-06T17:00:00Z,2013-05-06T23:02:59Z,,,,,,,,CALCULATED
2013-05-06T17:10:00Z,2013-05-06T23:12:59Z,,,,,,,,CALCULATED
2013-05-06T17:20:00Z,2013-05-06T23:22:59Z,,,,,,,,CALCULATED
2013-05-06T17:30:00Z,2013-05-06T23:32:59Z,,,,,,,,CALCULATED
2013-05-06T17:40:00Z,2013-05-06T23:42:59Z,,,,,,,,CALCULATED
2013-05-06T17:50:00Z,2013-05-06T23:52:59Z,,,,,,,,CALCULATED
2013-05-06T18:00:00Z,2013-05-07T00:02:59Z,,,,,,,,CALCULATED
2013-05-06T18:10:00Z,2013-05-07T00:13:02Z,,,,,,,,CALCULATED
2013-05-06T18:20:00Z,2013-05-07T00:23:02Z,,,,,,,,CALCULATED
2013-05-06T18:30:00Z,2013-05-07T00:33:02Z,,,,,,,,CALCULATED
2013-05-06T18:40:00Z,2013-05-07T00:43:02Z,,,,,,,,CALCULATED
2013-05-06T18:50:00Z,2013-05-07T00:53:02Z,,,,,,,,CALCULATED
2013-05-06T19:00:00Z,2013-05-07T01:03:02Z,,,,,,,,CALCULATED
2013-05-06T19:10:00Z,2013-05-07T01:13:02Z,,,,,,,,CALCULATED
2013-05-06T19:20:00Z,2013-05-07T01:23:02Z,,,,,,,,CALCULATED
2013-05-06T19:30:00Z,2013-05-07T01:33:02Z,,,,,,,,CALCULATED
2013-05-06T19:40:00Z,2013-05-07T01:43:02Z,,,,,,,,CALCULATED
2013-05-06T19:50:00Z,2013-05-07T01:53:02Z,,,,,,,,CALCULATED
2013-05-06T20:00:00Z,2013-05-07T02:03:02Z,,,,,,,,CALCULATED
2013-05-06T20:10:00Z,2013-05-07T02:13:02Z,,,,,,,,CALCULATED
2013-05-06T20:20:00Z,2013-05-07T02:23:02Z,,,,,,,,CALCULATED
2013-05-06T20:30:00Z,2013-05-07T02:33:02Z,,,,,,,,CALCULATED
2013-05-06T20:40:00Z,2013-05-07T02:43:02Z,,,,,,,,CALCULATED
2013-05-06T20:50:00Z,2013-05-07T02:53:02Z,,,,,,,,CALCULATED
2013-05-06T21:00:00Z,2013-05-07T03:03:02Z,,,,,,,,CALCULATED
2013-05-06T21:10:00Z,2013-05-07T03:13:02Z,,,,,,,,CALCULATED
2013-05-06T21:20:00Z,2013-05-07T03:23:02Z,,,,,,,,CALCULATED
2013-05-06T21:30:00Z,2013-05-07T03:33:02Z,,,,,,,,CALCULATED
2013-05-06T21:40:00Z,2013-05-07T03:43:02Z,,,,,,,,CALCULATED
2013-05-06T21:50:00Z,2013-05-07T03:53:02Z,,,,,,,,CALCULATED
2013-05-06T22:00:00Z,2013-05-07T04:03:02Z,,,,,,,,CALCULATED
2013-05-06T22:10:00Z,2013-05-07T04:13:02Z,,,,,,,,CALCULATED
2013-05-06T22:20:00Z,2013-05-07T04:23:02Z,,,,,,,,CALCULATED
2013-05-06T22:30:00Z,2013-05-07T04:33:02Z,,,,,,,,CALCULATED
2013-05-06T22:40:00Z,2013-05-07T04:43:02Z,,,,,,,,CALCULATED
2013-05-06T22:50:00Z,2013-05-07T04:53:02Z,,,,,,,,CALCULATED
2013-05-06T23:00:00Z,2013-05-07T05:03:02Z,,,,,,,,CALCULATED
2013-05-06T23:10:00Z,2013-05-07T05:13:02Z,,,,,,,,CALCULATED
2013-05-06T23:20:00Z,2013-05-07T05:23:02Z,,,,,,,,CALCULATED
2013-05-06T23:30:00Z,2013-05-07T05:33:02Z,,,,,,,,CALCULATED
2013-05-06T23:40:00Z,2013-05-07T05:43:02Z,,,,,,,,CALCULATED
2013-05-06T23:50:00Z,2013-05-07T05:53:02Z,,,,,,,,CALCULATED
2013-05-07T00:00:00Z,2013-05-07T06:03:02Z,,,,,,,,CALCULATED
2013-05-07T00:10:00Z,2013-05-07T06:13:02Z,,,,,,,,CALCULATED
2013-05-07T00:20:00Z,2013-05-07T06:23:02Z,,,,,,,,CALCULATED
2013-05-07T00:30:00Z,2013-05-07T06:33:02Z,,,,,,,,CALCULATED
2013-05-07T00:40:00Z,2013-05-07T06:43:02Z,,,,,,,,CALCULATED
2013-05-07T00:50:00Z,2013-05-07T06:53:02Z,,,,,,,,CALCULATED
2013-05-07T01:00:00Z,2013-05-07T07:03:02Z,,,,,,,,CALCULATED
2013-05-07T01:10:00Z,2013-05-07T07:13:02Z,,,,,,,,CALCULATED
2013-05-07T01:20:00Z,2013-05-07T07:23:02Z,,,,,,,,CALCULATED
2013-05-07T01:30:00Z,2013-05-07T07:33:02Z,,,,,,,,CALCULATED
2013-05-07T01:40:00Z,2013-05-07T07:43:02Z,,,,,,,,CALCULATED
2013-05-07T01:50:00Z,2013-05-07T07:53:02Z,,,,,,,,CALCULATED
2013-05-07T02:00:00Z,2013-05-07T08:03:02Z,,,,,,,,CALCULATED
2013-05-07T02:10:00Z,2013-05-07T08:13:02Z,,,,,,,,CALCULATED
2013-05-07T02:20:00Z,2013-05-07T08:23:02Z,,,,,,,,CALCULATED
2013-05-07T02:30:00Z,2013-05-07T08:33:02Z,,,,,,,,CALCULATED
2013-05-07T02:40:00Z,2013-05-07T08:43:02Z,,,,,,,,CALCULATED
2013-05-07T02:50:00Z,2013-05-07T08:53:02Z,,,,,,,,CALCULATED
2013-05-07T03:00:00Z,2013-05-07T09:03:02Z,,,,,,,,CALCULATED
2013-05-07T03:10:00Z,2013-05-07T09:13:02Z,,,,,,,,CALCULATED
2013-05-07T03:20:00Z,2013-05-07T09:23:02Z,,,,,,,,CALCULATED
2013-05-07T03:30:00Z,2013-05-07T09:33:02Z,,,,,,,,CALCULATED
2013-05-07T03:40:00Z,2013-05-07T09:43:02Z,,,,,,,,CALCULATED
2013-05-07T03:50:00Z,2013-05-07T09:53:02Z,,,,,,,,CALCULATED
2013-05-07T04:00:00Z,2013-05-07T10:03:02Z,,,,,,,,CALCULATED
2013-05-07T04:10:00Z,2013-05-07T10:13:02Z,,,,,,,,CALCULATED
2013-05-07T04:20:00Z,2013-05-07T10:23:02Z,,,,,,,,CALCULATED
2013-05-07T04:30:00Z,2013-05-07T10:33:02Z,,,,,,,,CALCULATED
2013-05-07T04:40:00Z,2013-05-07T10:43:02Z,,,,,,,,CALCULATED
2013-05-07T04:50:00Z,2013-05-07T10:53:02Z,,,,,,,,CALCULATED
2013-05-07T05:00:00Z,2013-05-07T11:03:02Z,,,,,,,,CALCULATED
2013-05-07T05:10:00Z,2013-05-07T11:13:02Z,,,,,,,,CALCULATED
2013-05-07T05:20:00Z,2013-05-07T11:23:02Z,,,,,,,,CALCULATED
2013-05-07T05:30:00Z,2013-05-07T11:33:02Z,,,,,,,,CALCULATED
2013-05-07T05:40:00Z,2013-05-07T11:43:02Z,,,,,,,,CALCULATED
2013-05-07T05:50:00Z,2013-05-07T11:53:02Z,,,,,,,,CALCULATED
2013-05-07T06:00:00Z,2013-05-07T12:03:02Z,,,,,,,,CALCULATED
2013-05-07T06:10:00Z,2013-05-07T12:13:02Z,,,,,,,,CALCULATED
2013-05-07T06:20:00Z,2013-05-07T12:23:02Z,,,,,,,,CALCULATED
2013-05-07T06:30:00Z,2013-05-07T12:33:02Z,,,,,,,,CALCULATED
2013-05-07T06:40:00Z,2013-05-07T12:43:02Z,,,,,,,,CALCULATED
2013-05-07T06:50:00Z,2013-05-07T12:53:02Z,,,,,,,,CALCULATED
2013-05-07T07:00:00Z,2013-05-07T13:03:02Z,,,,,,,,CALCULATED
2013-05-07T07:10:00Z,2013-05-07T13:13:02Z,,,,,,,,CALCULATED
2013-05-07T07:20:00Z,2013-05-07T13:23:02Z,,,,,,,,CALCULATED
2013-05-07T07:30:00Z,2013-05-07T13:33:02Z,,,,,,,,CALCULATED
2013-05-07T07:40:00Z,2013-05-07T13:43:02Z,,,,,,,,CALCULATED
2013-05-07T07:50:00Z,2013-05-07T13:53:02Z,,,,,,,,CALCULATED
2013-05-07T08:00:00Z,2013-05-07T14:03:02Z,,,,,,,,CALCULATED
2013-05-07T08:10:00Z,2013-05-07T14:13:02Z,,,,,,,,CALCULATED
2013-05-07T08:20:00Z,2013-05-07T14:23:02Z,,,,,,,,CALCULATED
2013-05-07T08:30:00Z,2013-05-07T14:33:02Z,,,,,,,,CALCULATED
2013-05-07T08:40:00Z,2013-05-07T14:43:02Z,,,,,,,,CALCULATED
2013-05-07T08:50:00Z,2013-05-07T14:53:02Z,,,,,,,,CALCULATED
2013-05-07T09:00:00Z,2013-05-07T15:03:02Z,,,,,,,,CALCULATED
2013-05-07T09:10:00Z,2013-05-07T15:13:02Z,,,,,,,,CALCULATED
2013-05-07T09:20:00Z,2013-05-07T15:23:02Z,,,,,,,,CALCULATED
2013-05-07T09:30:00Z,2013-05-07T15:33:02Z,,,,,,,,CALCULATED
2013-05-07T09:40:00Z,2013-05-07T15:43:02Z,,,,,,,,CALCULATED
2013-05-07T09:50:00Z,2013-05-07T15:53:02Z,,,,,,,,CALCULATED
2013-05-07T10:00:00Z,2013-05-07T16:03:02Z,,,,,,,,CALCULATED
2013-05-07T10:10:00Z,2013-05-07T16:13:02Z,,,,,,,,CALCULATED
2013-05-07T10:20:00Z,2013-05-07T16:23:02Z,,,,,,,,CALCULATED
2013-05-07T10:30:00Z,2013-05-07T16:33:02Z,,,,,,,,CALCULATED
2013-05-07T10:40:00Z,2013-05-07T16:43:02Z,,,,,,,,CALCULATED
2013-05-07T10:50:00Z,2013-05-07T16:53:02Z,,,,,,,,CALCULATED
2013-05-07T11:00:00Z,2013-05-07T17:03:02Z,,,,,,,,CALCULATED
2013-05-07T11:10:00Z,2013-05-07T17:13:02Z,,,,,,,,CALCULATED
2013-05-07T11:20:00Z,2013-05-07T17:23:02Z,,,,,,,,CALCULATED
2013-05-07T11:30:00Z,2013-05-07T17:33:02Z,,,,,,,,CALCULATED
2013-05-07T11:40:00Z,2013-05-07T17:43:02Z,,,,,,,,CALCULATED
2013-05-07T11:50:00Z,2013-05-07T17:53:02Z,,,,,,,,CALCULATED
2013-05-07T12:00:00Z,2013-05-07T18:03:02Z,,,,,,,,CALCULATED
2013-05-07T12:10:00Z,2013-05-07T18:13:02Z,,,,,,,,CALCULATED
2013-05-07T12:20:00Z,2013-05-07T18:23:02Z,,,,,,,,CALCULATED
2013-05-07T12:30:00Z,2013-05-07T18:33:02Z,,,,,,,,CALCULATED
2013-05-07T12:40:00Z,2013-05-07T18:43:02Z,,,,,,,,CALCULATED
2013-05-07T12:50:00Z,2013-05-07T18:53:02Z,,,,,,,,CALCULATED
2013-05-07T13:00:00Z,2013-05-07T19:03:02Z,,,,,,,,CALCULATED
2013-05-07T13:10:00Z,2013-05-07T19:13:02Z,,,,,,,,CALCULATED
2013-05-07T13:20:00Z,2013-05-07T19:23:02Z,,,,,,,,CALCULATED
2013-05-07T13:30:00Z,2013-05-07T19:33:02Z,,,,,,,,CALCULATED
2013-05-07T13:40:00Z,2013-05-07T19:43:02Z,,,,,,,,CALCULATED
2013-05-07T13:50:00Z,2013-05-07T19:53:02Z,,,,,,,,CALCULATED
2013-05-07T14:00:00Z,2013-05-07T20:03:02Z,,,,,,,,CALCULATED
2013-05-07T14:10:00Z,2013-05-07T20:13:02Z,,,,,,,,CALCULATED
2013-05-07T14:20:00Z,2013-05-07T20:23:02Z,,,,,,,,CALCULATED
2013-05-07T14:30:00Z,2013-05-07T20:33:02Z,,,,,,,,CALCULATED
2013-05-07T14:40:00Z,2013-05-07T20:43:02Z,,,,,,,,CALCULATED
2013-05-07T14:50:00Z,2013-05-07T20:53:02Z,,,,,,,,CALCULATED
2013-05-07T15:00:00Z,2013-05-07T21:03:02Z,,,,,,,,CALCULATED
2013-05-07T15:10:00Z,2013-05-07T21:13:02Z,,,,,,,,CALCULATED
2013-05-07T15:20:00Z,2013-05-07T21:23:02Z,,,,,,,,CALCULATED
2013-05-07T15:30:00Z,2013-05-07T21:33:02Z,,,,,,,,CALCULATED
2013-05-07T15:40:00Z,2013-05-07T21:43:02Z,,,,,,,,CALCULATED
2013-05-07T15:50:00Z,2013-05-07T21:53:02Z,,,,,,,,CALCULATED
2013-05-07T16:00:00Z,2013-05-07T22:03:02Z,,,,,,,,CALCULATED
2013-05-07T16:10:00Z,2013-05-07T22:13:02Z,,,,,,,,CALCULATED
2013-05-07T16:20:00Z,2013-05-07T22:23:02Z,,,,,,,,CALCULATED
2013-05-07T16:30:00Z,2013-05-07T22:33:02Z,,,,,,,,CALCULATED
2013-05-07T16:40:00Z,2013-05-07T22:43:02Z,,,,,,,,CALCULATED
2013-05-07T16:50:00Z,2013-05-07T22:53:02Z,,,,,,,,CALCULATED
2013-05-07T17:00:00Z,2013-05-07T23:03:02Z,,,,,,,,CALCULATED
2013-05-07T17:10:00Z,2013-05-07T23:13:02Z,,,,,,OUT_WARN,,CALCULATED
2013-05-07T17:20:00Z,2013-05-07T23:23:02Z,,,,,,OUT_WARN,,CALCULATED
2013-05-07T17:30:00Z,2013-05-07T23:33:02Z,,,,,,OUT_WARN,,CALCULATED
2013-05-07T17:40:00Z,2013-05-07T23:43:02Z,,,,,,,,CALCULATED
2013-05-07T17:50:00Z,2013-05-07T23:53:02Z,,,,,,,,CALCULATED
2013-05-07T18:00:00Z,2013-05-08T00:03:02Z,,,,,,,,CALCULATED
2013-05-07T18:10:00Z,2013-05-08T00:13:04Z,,,,,,,,CALCULATED
2013-05-07T18:20:00Z,2013-05-08T00:23:04Z,,,,,,,,CALCULATED
2013-05-07T18:30:00Z,2013-05-08T00:33:04Z,,,,,,,,CALCULATED
2013-05-07T18:40:00Z,2013-05-08T00:43:04Z,,,,,,OUT_WARN,,CALCULATED
2013-05-07T18:50:00Z,2013-05-08T00:53:04Z,,,,,,,,CALCULATED
2013-05-07T19:00:00Z,2013-05-08T01:03:04Z,,,,,,,,CALCULATED
2013-05-07T19:10:00Z,2013-05-08T01:13:04Z,,,,,,,,CALCULATED
2013-05-07T19:20:00Z,2013-05-08T01:23:04Z,,,,,,,,CALCULATED
2013-05-07T19:30:00Z,2013-05-08T01:33:04Z,,,,,,,,CALCULATED
2013-05-07T19:40:00Z,2013-05-08T01:43:04Z,,,,,,,,CALCULATED
2013-05-07T19:50:00Z,2013-05-08T01:53:04Z,,,,,,,,CALCULATED
2013-05-07T20:00:00Z,2013-05-08T02:03:04Z,,,,,,,,CALCULATED
2013-05-07T20:10:00Z,2013-05-08T02:13:04Z,,,,,,,,CALCULATED
2013-05-07T20:20:00Z,2013-05-08T02:23:04Z,,,,,,,,CALCULATED
2013-05-07T20:30:00Z,2013-05-08T02:33:04Z,,,,,,,,CALCULATED
2013-05-07T20:40:00Z,2013-05-08T02:43:04Z,,,,,,,,CALCULATED
2013-05-07T20:50:00Z,2013-05-08T02:53:04Z,,,,,,,,CALCULATED
2013-05-07T21:00:00Z,2013-05-08T03:03:04Z,,,,,,,,CALCULATED
2013-05-07T21:10:00Z,2013-05-08T03:13:04Z,,,,,,,,CALCULATED
2013-05-07T21:20:00Z,2013-05-08T03:23:04Z,,,,,,,,CALCULATED
2013-05-07T21:30:00Z,2013-05-08T03:33:04Z,,,,,,,,CALCULATED
2013-05-07T21:40:00Z,2013-05-08T03:43:04Z,,,,,,,,CALCULATED
2013-05-07T21:50:00Z,2013-05-08T03:53:04Z,,,,,,,,CALCULATED
2013-05-07T22:00:00Z,2013-05-08T04:03:04Z,,,,,,,,CALCULATED
2013-05-07T22:10:00Z,2013-05-08T04:13:04Z,,,,,,,,CALCULATED
2013-05-07T22:20:00Z,2013-05-08T04:23:04Z,,,,,,,,CALCULATED
2013-05-07T22:30:00Z,2013-05-08T04:33:04Z,,,,,,,,CALCULATED
2013-05-07T22:40:00Z,2013-05-08T04:43:04Z,,,,,,,,CALCULATED
2013-05-07T22:50:00Z,2013-05-08T04:53:04Z,,,,,,,,CALCULATED
2013-05-07T23:00:00Z,2013-05-08T05:03:04Z,,,,,,,,CALCULATED
2013-05-07T23:10:00Z,2013-05-08T05:13:04Z,,,,,,,,CALCULATED
2013-05-07T23:20:00Z,2013-05-08T05:23:04Z,,,,,,,,CALCULATED
2013-05-07T23:30:00Z,2013-05-08T05:33:04Z,,,,,,,,CALCULATED
2013-05-07T23:40:00Z,2013-05-08T05:43:04Z,,,,,,,,CALCULATED
2013-05-07T23:50:00Z,2013-05-08T05:53:04Z,,,,,,,,CALCULATED
2013-05-08T00:00:00Z,2013-05-08T06:03:04Z,,,,,,,,CALCULATED
2013-05-08T00:10:00Z,2013-05-08T06:13:04Z,,,,,,,,CALCULATED
2013-05-08T00:20:00Z,2013-05-08T06:23:04Z,,,,,,,,CALCULATED
2013-05-08T00:30:00Z,2013-05-08T06:33:04Z,,,,,,,,CALCULATED
2013-05-08T00:40:00Z,2013-05-08T06:43:04Z,,,,,,,,CALCULATED
2013-05-08T00:50:00Z,2013-05-08T06:53:04Z,,,,,,,,CALCULATED
2013-05-08T01:00:00Z,2013-05-08T07:03:04Z,,,,,,,,CALCULATED
2013-05-08T01:10:00Z,2013-05-08T07:13:04Z,,,,,,,,CALCULATED
2013-05-08T01:20:00Z,2013-05-08T07:23:04Z,,,,,,,,CALCULATED
2013-05-08T01:30:00Z,2013-05-08T07:33:04Z,,,,,,,,CALCULATED
2013-05-08T01:40:00Z,2013-05-08T07:43:04Z,,,,,,,,CALCULATED
2013-05-08T01:50:00Z,2013-05-08T07:53:04Z,,,,,,,,CALCULATED
2013-05-08T02:00:00Z,2013-05-08T08:03:04Z,,,,,,,,CALCULATED
2013-05-08T02:10:00Z,2013-05-08T08:13:04Z,,,,,,,,CALCULATED
2013-05-08T02:20:00Z,2013-05-08T08:23:04Z,,,,,,,,CALCULATED
2013-05-08T02:30:00Z,2013-05-08T08:33:04Z,,,,,,,,CALCULATED
2013-05-08T02:40:00Z,2013-05-08T08:43:04Z,,,,,,,,CALCULATED
2013-05-08T02:50:00Z,2013-05-08T08:53:04Z,,,,,,,,CALCULATED
2013-05-08T03:00:00Z,2013-05-08T09:03:04Z,,,,,,,,CALCULATED
2013-05-08T03:10:00Z,2013-05-08T09:13:04Z,,,,,,,,CALCULATED
2013-05-08T03:20:00Z,2013-05-08T09:23:04Z,,,,,,,,CALCULATED
2013-05-08T03:30:00Z,2013-05-08T09:33:04Z,,,,,,,,CALCULATED
2013-05-08T03:40:00Z,2013-05-08T09:43:04Z,,,,,,,,CALCULATED
2013-05-08T03:50:00Z,2013-05-08T09:53:04Z,,,,,,,,CALCULATED
2013-05-08T04:00:00Z,2013-05-08T10:03:04Z,,,,,,,,CALCULATED
2013-05-08T04:10:00Z,2013-05-08T10:13:04Z,,,,,,,,CALCULATED
2013-05-08T04:20:00Z,2013-05-08T10:23:04Z,,RANGE_WARN,,,,,,CALCULATED
2013-05-08T04:30:00Z,2013-05-08T10:33:04Z,,RANGE_WARN,,,,,,CALCULATED
2013-05-08T04:40:00Z,2013-05-08T10:43:04Z,,RANGE_WARN,,,,,,CALCULATED
2013-05-08T04:50:00Z,2013-05-08T10:53:04Z,,,,,,,,CALCULATED
2013-05-08T05:00:00Z,2013-05-08T11:03:04Z,,,,,,,,CALCULATED
2013-05-08T05:10:00Z,2013-05-08T11:13:04Z,,,,,,,,CALCULATED
2013-05-08T05:20:00Z,2013-05-08T11:23:04Z,,,,,,,,CALCULATED
2013-05-08T05:30:00Z,2013-05-08T11:33:04Z,,,,,,,,CALCULATED
2013-05-08T05:40:00Z,2013-05-08T11:43:04Z,,,,,,,,CALCULATED
2013-05-08T05:50:00Z,2013-05-08T11:53:04Z,,,,,,,,CALCULATED
2013-05-08T06:00:00Z,2013-05-08T12:03:04Z,,,,,,,,CALCULATED
2013-05-08T06:10:00Z,2013-05-08T12:13:04Z,,,,,,,,CALCULATED
2013-05-08T06:20:00Z,2013-05-08T12:23:04Z,,RANGE_WARN,,,,,,CALCULATED
2013-05-08T06:30:00Z,2013-05-08T12:33:04Z,,RANGE_WARN,,,,,,CALCULATED
2013-05-08T06:40:00Z,2013-05-08T12:43:04Z,,RANGE_WARN,,,,,,CALCULATED
2013-05-08T06:50:00Z,2013-05-08T12:53:04Z,,RANGE_WARN,,,,,,CALCULATED
2013-05-08T07:00:00Z,2013-05-08T13:03:04Z,,RANGE_WARN,,,,,,CALCULATED
2013-05-08T07:10:00Z,2013-05-08T13:13:04Z,,RANGE_WARN,,,,,,CALCULATED
2013-05-08T07:20:00Z,2013-05-08T13:23:04Z,,RANGE_WARN,,,,,,CALCULATED
2013-05-08T07:30:00Z,2013-05-08T13:33:04Z,,RANGE_WARN,,,,,,CALCULATED
2013-05-08T07:40:00Z,2013-05-08T13:43:04Z,,RANGE_WARN,,,,,,CALCULATED
2013-05-08T07:50:00Z,2013-05-08T13:53:04Z,,RANGE_WARN,,,,,,CALCULATED
2013-05-08T08:00:00Z,2013-05-08T14:03:04Z,,RANGE_WARN,,,,,,CALCULATED
2013-05-08T08:10:00Z,2013-05-08T14:13:04Z,,RANGE_WARN,,,,,,CALCULATED
2013-05-08T08:20:00Z,2013-05-08T14:23:04Z,,RANGE_WARN,,,,,,CALCULATED
2013-05-08T08:30:00Z,2013-05-08T14:33:04Z,,RANGE_WARN,,,,,,CALCULATED
2013-05-08T08:40:00Z,2013-05-08T14:43:04Z,,RANGE_WARN,,,,,,CALCULATED
2013-05-08T08:50:00Z,2013-05-08T14:53:04Z,,RANGE_WARN,,,,,,CALCULATED
2013-05-08T09:00:00Z,2013-05-08T15:03:04Z,,RANGE_WARN,,,,,,CALCULATED
2013-05-08T09:10:00Z,2013-05-08T15:13:04Z,,RANGE_WARN,,,,,,CALCULATED
2013-05-08T09:20:00Z,2013-05-08T15:23:04Z,,RANGE_WARN,,,,,,CALCULATED
2013-05-08T09:30:00Z,2013-05-08T15:33:04Z,,RANGE_WARN,,,,,,CALCULATED
2013-05-08T09:40:00Z,2013-05-08T15:43:04Z,,RANGE_WARN,,,,,,CALCULATED
2013-05-08T09:50:00Z,2013-05-08T15:53:04Z,,RANGE_WARN,,,,,,CALCULATED
2013-05-08T10:00:00Z,2013-05-08T16:03:04Z,,RANGE_WARN,,,,,,CALCULATED
2013-05-08T10:10:00Z,2013-05-08T16:13:04Z,,RANGE_WARN,,,,,,CALCULATED
2013-05-08T10:20:00Z,2013-05-08T16:23:04Z,,RANGE_WARN,,,,,,CALCULATED
2013-05-08T10:30:00Z,2013-05-08T16:33:04Z,,RANGE_WARN,,,,,,CALCULATED
2013-05-08T10:40:00Z,2013-05-08T16:43:04Z,,RANGE_WARN,,,,,,CALCULATED
2013-05-08T10:50:00Z,2013-05-08T16:53:04Z,,RANGE_WARN,,,,,,CALCULATED
2013-05-08T11:00:00Z,2013-05-08T17:03:04Z,,RANGE_WARN,,,,,,CALCULATED
2013-05-08T11:10:00Z,2013-05-08T17:13:04Z,,RANGE_WARN,,,,,,CALCULATED
2013-05-08T11:20:00Z,2013-05-08T17:23:04Z,,RANGE_WARN,,,,,,CALCULATED
2013-05-08T11:30:00Z,2013-05-08T17:33:04Z,,RANGE_WARN,,,,,,CALCULATED
2013-05-08T11:40:00Z,2013-05-08T17:43:04Z,,RANGE_WARN,,,,,,CALCULATED
2013-05-08T11:50:00Z,2013-05-08T17:53:04Z,,RANGE_WARN,,,,,,CALCULATED
2013-05-08T12:00:00Z,2013-05-08T18:03:04Z,,RANGE_WARN,,,,,,CALCULATED
2013-05-08T12:10:00Z,2013-05-08T18:13:04Z,,RANGE_WARN,,,,,,CALCULATED
2013-05-08T12:20:00Z,2013-05-08T18:23:04Z,,RANGE_WARN,,,,,,CALCULATED
2013-05-08T12:30:00Z,2013-05-08T18:33:04Z,,RANGE_WARN,,,,,,CALCULATED
2013-05-08T12:40:00Z,2013-05-08T18:43:04Z,,RANGE_WARN,,,,,,CALCULATED
2013-05-08T12:50:00Z,2013-05-08T18:53:04Z,,RANGE_WARN,,,,,,CALCULATED
2013-05-08T13:00:00Z,2013-05-08T19:03:04Z,,RANGE_WARN,,,,,,CALCULATED
2013-05-08T13:10:00Z,2013-05-08T19:13:04Z,,RANGE_WARN,,,,,,CALCULATED
2013-05-08T13:20:00Z,2013-05-08T19:23:04Z,,RANGE_WARN,,,,,,CALCULATED
2013-05-08T13:30:00Z,2013-05-08T19:33:04Z,,RANGE_WARN,,,,,,CALCULATED
2013-05-08T13:40:00Z,2013-05-08T19:43:04Z,,RANGE_WARN,,,,,,CALCULATED
2013-05-08T13:50:00Z,2013-05-08T19:53:04Z,,RANGE_WARN,,,,,,CALCULATED
2013-05-08T14:00:00Z,2013-05-08T20:03:04Z,,,,,,,,CALCULATED
2013-05-08T14:10:00Z,2013-05-08T20:13:04Z,,,,,,,,CALCULATED
2013-05-08T14:20:00Z,2013-05-08T20:23:04Z,,,,,,,,CALCULATED
2013-05-08T14:30:00Z,2013-05-08T20:33:04Z,,,,,,,,CALCULATED
2013-05-08T14:40:00Z,2013-05-08T20:43:04Z,,,,,,,,CALCULATED
2013-05-08T14:50:00Z,2013-05-08T20:53:04Z,,,,,,,,CALCULATED
2013-05-08T15:00:00Z,2013-05-08T21:03:04Z,,,,,,OUT_WARN,,CALCULATED
2013-05-08T15:10:00Z,2013-05-08T21:13:04Z,,,,,,,,CALCULATED
2013-05-08T15:20:00Z,2013-05-08T21:23:04Z,,,,,,,,CALCULATED
2013-05-08T15:30:00Z,2013-05-08T21:33:04Z,,,,,,,,CALCULATED
2013-05-08T15:40:00Z,2013-05-08T21:43:04Z,,,,,,,,CALCULATED
2013-05-08T15:50:00Z,2013-05-08T21:53:04Z,,,,,,,,CALCULATED
2013-05-08T16:00:00Z,2013-05-08T22:03:04Z,,,,,,,,CALCULATED
2013-05-08T16:10:00Z,2013-05-08T22:13:04Z,,,,,,,,CALCULATED
2013-05-08T16:20:00Z,2013-05-08T22:23:04Z,,,,,,,,CALCULATED
2013-05-08T16:30:00Z,2013-05-08T22:33:04Z,,,,,,,,CALCULATED
2013-05-08T16:40:00Z,2013-05-08T22:43:04Z,,,,,,,,CALCULATED
2013-05-08T16:50:00Z,2013-05-08T22:53:04Z,,,,,,,,CALCULATED
2013-05-08T17:00:00Z,2013-05-08T23:03:04Z,,,,,,,,CALCULATED
2013-05-08T17:10:00Z,2013-05-08T23:13:04Z,,,,,,,,CALCULATED
2013-05-08T17:20:00Z,2013-05-08T23:23:04Z,,,,,,,,CALCULATED
2013-05-08T17:30:00Z,2013-05-08T23:33:04Z,,,,,,,,CALCULATED
2013-05-08T17:40:00Z,2013-05-08T23:43:04Z,,,,,,,,CALCULATED
2013-05-08T17:50:00Z,2013-05-08T23:53:04Z,,,,,,,,CALCULATED
2013-05-08T18:00:00Z,2013-05-09T00:03:04Z,,,,,,,,CALCULATED
2013-05-08T18:10:00Z,2013-05-09T00:13:05Z,,,,,,,,CALCULATED
2013-05-08T18:20:00Z,2013-05-09T00:23:05Z,,,,,,,,CALCULATED
2013-05-08T18:30:00Z,2013-05-09T00:33:05Z,,,,,,,,CALCULATED
2013-05-08T18:40:00Z,2013-05-09T00:43:05Z,,,,,,,,CALCULATED
2013-05-08T18:50:00Z,2013-05-09T00:53:05Z,,,,,,,,CALCULATED
2013-05-08T19:00:00Z,2013-05-09T01:03:05Z,,,,,,,,CALCULATED
2013-05-08T19:10:00Z,2013-05-09T01:13:05Z,,,,,,,,CALCULATED
2013-05-08T19:20:00Z,2013-05-09T01:23:05Z,,,,,,,,CALCULATED
2013-05-08T19:30:00Z,2013-05-09T01:33:05Z,,,,,,,,CALCULATED
2013-05-08T19:40:00Z,2013-05-09T01:43:05Z,,,,,,,,CALCULATED
2013-05-08T19:50:00Z,2013-05-09T01:53:05Z,,,,,,,,CALCULATED
2013-05-08T20:00:00Z,2013-05-09T02:03:05Z,,,,,,OUT_WARN,,CALCULATED
2013-05-08T20:10:00Z,2013-05-09T02:13:05Z,,,,,,OUT_WARN,,CALCULATED
2013-05-08T20:20:00Z,2013-05-09T02:23:05Z,,,,,,OUT_WARN,,CALCULATED
2013-05-08T20:30:00Z,2013-05-09T02:33:05Z,,,,,,OUT_WARN,,CALCULATED
2013-05-08T20:40:00Z,2013-05-09T02:43:05Z,,,,,,OUT_WARN,,CALCULATED
2013-05-08T20:50:00Z,2013-05-09T02:53:05Z,,,,,,OUT_WARN,,CALCULATED
2013-05-08T21:00:00Z,2013-05-09T03:03:05Z,,,,,,,,CALCULATED
2013-05-08T21:10:00Z,2013-05-09T03:13:05Z,,,,,,,,CALCULATED
2013-05-08T21:20:00Z,2013-05-09T03:23:05Z,,,,,,OUT_WARN,,CALCULATED
2013-05-08T21:30:00Z,2013-05-09T03:33:05Z,,,,,,OUT_WARN,,CALCULATED
2013-05-08T21:40:00Z,2013-05-09T03:43:05Z,,,,,,OUT_WARN,,CALCULATED
2013-05-08T21:50:00Z,2013-05-09T03:53:05Z,,,,,,,,CALCULATED
2013-05-08T22:00:00Z,2013-05-09T04:03:05Z,,,,,,,,CALCULATED
2013-05-08T22:10:00Z,2013-05-09T04:13:05Z,,,,,,,,CALCULATED
2013-05-08T22:20:00Z,2013-05-09T04:23:05Z,,,,,,,,CALCULATED
2013-05-08T22:30:00Z,2013-05-09T04:33:05Z,,,,,,,,CALCULATED
2013-05-08T22:40:00Z,2013-05-09T04:43:05Z,,,,,,,,CALCULATED
2013-05-08T22:50:00Z,2013-05-09T04:53:05Z,,,,,,,,CALCULATED
2013-05-08T23:00:00Z,2013-05-09T05:03:05Z,,,,,,,,CALCULATED
2013-05-08T23:10:00Z,2013-05-09T05:13:05Z,,,,,,,,CALCULATED
2013-05-08T23:20:00Z,2013-05-09T05:23:05Z,,,,,,,,CALCULATED
2013-05-08T23:30:00Z,2013-05-09T05:33:05Z,,,,,,,,CALCULATED
2013-05-08T23:40:00Z,2013-05-09T05:43:05Z,,,,,,,,CALCULATED
2013-05-08T23:50:00Z,2013-05-09T05:53:05Z,,,,,,,,CALCULATED
2013-05-09T00:00:00Z,2013-05-09T06:03:05Z,,,,,,,,CALCULATED
2013-05-09T00:10:00Z,2013-05-09T06:13:05Z,,,,,,,,CALCULATED
2013-05-09T00:20:00Z,2013-05-09T06:23:05Z,,,,,,,,CALCULATED
2013-05-09T00:30:00Z,2013-05-09T06:33:05Z,,,,,,,,CALCULATED
2013-05-09T00:40:00Z,2013-05-09T06:43:05Z,,,,,,,,CALCULATED
2013-05-09T00:50:00Z,2013-05-09T06:53:05Z,,,,,,,,CALCULATED
2013-05-09T01:00:00Z,2013-05-09T07:03:05Z,,,,,,,,CALCULATED
2013-05-09T01:10:00Z,2013-05-09T07:13:05Z,,,,,,,,CALCULATED
2013-05-09T01:20:00Z,2013-05-09T07:23:05Z,,,,,,,,CALCULATED
2013-05-09T01:30:00Z,2013-05-09T07:33:05Z,,,,,,,,CALCULATED
2013-05-09T01:40:00Z,2013-05-09T07:43:05Z,,,,,,,,CALCULATED
2013-05-09T01:50:00Z,2013-05-09T07:53:05Z,,RANGE_WARN,,,,,,CALCULATED
2013-05-09T02:00:00Z,2013-05-09T08:03:05Z,,RANGE_WARN,,,,,,CALCULATED
2013-05-09T02:10:00Z,2013-05-09T08:13:05Z,,RANGE_WARN,,,,,,CALCULATED
2013-05-09T02:20:00Z,2013-05-09T08:23:05Z,,RANGE_WARN,,,,,,CALCULATED
2013-05-09T02:30:00Z,2013-05-09T08:33:05Z,,RANGE_WARN,,,,,,CALCULATED
2013-05-09T02:40:00Z,2013-05-09T08:43:05Z,,RANGE_WARN,,,,,,CALCULATED
2013-05-09T02:50:00Z,2013-05-09T08:53:05Z,,RANGE_WARN,,,,,,CALCULATED
2013-05-09T03:00:00Z,2013-05-09T09:03:05Z,,RANGE_WARN,,,,,,CALCULATED
2013-05-09T03:10:00Z,2013-05-09T09:13:05Z,,RANGE_WARN,,,,,,CALCULATED
2013-05-09T03:20:00Z,2013-05-09T09:23:05Z,,RANGE_WARN,,,,,,CALCULATED
2013-05-09T03:30:00Z,2013-05-09T09:33:05Z,,RANGE_WARN,,,,,,CALCULATED
2013-05-09T03:40:00Z,2013-05-09T09:43:05Z,,RANGE_WARN,,,,,,CALCULATED
2013-05-09T03:50:00Z,2013-05-09T09:53:05Z,,RANGE_WARN,,,,,,CALCULATED
2013-05-09T04:00:00Z,2013-05-09T10:03:05Z,,RANGE_WARN,,,,,,CALCULATED
2013-05-09T04:10:00Z,2013-05-09T10:13:05Z,,RANGE_WARN,,,,,,CALCULATED
2013-05-09T04:20:00Z,2013-05-09T10:23:05Z,,RANGE_WARN,,,,,,CALCULATED
2013-05-09T04:30:00Z,2013-05-09T10:33:05Z,,RANGE_WARN,,,,,,CALCULATED
2013-05-09T04:40:00Z,2013-05-09T10:43:05Z,,RANGE_WARN,,,,,,CALCULATED
2013-05-09T04:50:00Z,2013-05-09T10:53:05Z,,RANGE_WARN,,,,,,CALCULATED
2013-05-09T05:00:00Z,2013-05-09T11:03:05Z,,RANGE_WARN,,,,,,CALCULATED
2013-05-09T05:10:00Z,2013-05-09T11:13:05Z,,RANGE_WARN,,,,,,CALCULATED
2013-05-09T05:20:00Z,2013-05-09T11:23:05Z,,RANGE_WARN,,,,,,CALCULATED
2013-05-09T05:30:00Z,2013-05-09T11:33:05Z,,RANGE_WARN,,,,,,CALCULATED
2013-05-09T05:40:00Z,2013-05-09T11:43:05Z,,RANGE_WARN,,,,,,CALCULATED
2013-05-09T05:50:00Z,2013-05-09T11:53:05Z,,RANGE_WARN,,,,,,CALCULATED
2013-05-09T06:00:00Z,2013-05-09T12:03:05Z,,RANGE_WARN,,,,,,CALCULATED
2013-05-09T06:10:00Z,2013-05-09T12:13:05Z,,RANGE_WARN,,,,,,CALCULATED
2013-05-09T06:20:00Z,2013-05-09T12:23:05Z,,RANGE_WARN,,,,,,CALCULATED
2013-05-09T06:30:00Z,2013-05-09T12:33:05Z,,RANGE_WARN,,,,,,CALCULATED
2013-05-09T06:40:00Z,2013-05-09T12:43:05Z,,RANGE_WARN,,,,,,CALCULATED
2013-05-09T06:50:00Z,2013-05-09T12:53:05Z,,RANGE_WARN,,,,,,CALCULATED
2013-05-09T07:00:00Z,2013-05-09T13:03:05Z,,RANGE_WARN,,,,,,CALCULATED
2013-05-09T07:10:00Z,2013-05-09T13:13:05Z,,RANGE_WARN,,,,,,CALCULATED
2013-05-09T07:20:00Z,2013-05-09T13:23:05Z,,RANGE_WARN,,,,,,CALCULATED
2013-05-09T07:30:00Z,2013-05-09T13:33:05Z,,RANGE_WARN,,,,,,CALCULATED
2013-05-09T07:40:00Z,2013-05-09T13:43:05Z,,RANGE_WARN,,,,,,CALCULATED
2013-05-09T07:50:00Z,2013-05-09T13:53:05Z,,RANGE_WARN,,,,,,CALCULATED
2013-05-09T08:00:00Z,2013-05-09T14:03:05Z,,RANGE_WARN,,,,,,CALCULATED
2013-05-09T08:10:00Z,2013-05-09T14:13:05Z,,RANGE_WARN,,,,,,CALCULATED
2013-05-09T08:20:00Z,2013-05-09T14:23:05Z,,RANGE_WARN,,,,,,CALCULATED
2013-05-09T08:30:00Z,2013-05-09T14:33:05Z,,RANGE_WARN,,,,,,CALCULATED
2013-05-09T08:40:00Z,2013-05-09T14:43:05Z,,RANGE_WARN,,,,,,CALCULATED
2013-05-09T08:50:00Z,2013-05-09T14:53:05Z,,RANGE_WARN,,,,,,CALCULATED
2013-05-09T09:00:00Z,2013-05-09T15:03:05Z,,RANGE_WARN,,,,,,CALCULATED
2013-05-09T09:10:00Z,2013-05-09T15:13:05Z,,RANGE_WARN,,,,,,CALCULATED
2013-05-09T09:20:00Z,2013-05-09T15:23:05Z,,RANGE_WARN,,,,,,CALCULATED
2013-05-09T09:30:00Z,2013-05-09T15:33:05Z,,RANGE_WARN,,,,,,CALCULATED
2013-05-09T09:40:00Z,2013-05-09T15:43:05Z,,RANGE_WARN,,,,,,CALCULATED
2013-05-09T09:50:00Z,2013-05-09T15:53:05Z,,RANGE_WARN,,,,,,CALCULATED
2013-05-09T10:00:00Z,2013-05-09T16:03:05Z,,RANGE_WARN,,,,,,CALCULATED
2013-05-09T10:10:00Z,2013-05-09T16:13:05Z,,RANGE_WARN,,,,,,CALCULATED
2013-05-09T10:20:00Z,2013-05-09T16:23:05Z,,RANGE_WARN,,,,,,CALCULATED
2013-05-09T10:30:00Z,2013-05-09T16:33:05Z,,RANGE_WARN,,,,,,CALCULATED
2013-05-09T10:40:00Z,2013-05-09T16:43:05Z,,RANGE_WARN,,,,,,CALCULATED
2013-05-09T10:50:00Z,2013-05-09T16:53:05Z,,RANGE_WARN,,,,,,CALCULATED
2013-05-09T11:00:00Z,2013-05-09T17:03:05Z,,RANGE_WARN,,,,,,CALCULATED
2013-05-09T11:10:00Z,2013-05-09T17:13:05Z,,RANGE_WARN,,,,,,CALCULATED
2013-05-09T11:20:00Z,2013-05-09T17:23:05Z,,RANGE_WARN,,,,,,CALCULATED
2013-05-09T11:30:00Z,2013-05-09T17:33:05Z,,RANGE_WARN,,,,,,CALCULATED
2013-05-09T11:40:00Z,2013-05-09T17:43:05Z,,RANGE_WARN,,,,,,CALCULATED
2013-05-09T11:50:00Z,2013-05-09T17:53:05Z,,RANGE_WARN,,,,,,CALCULATED
2013-05-09T12:00:00Z,2013-05-09T18:03:05Z,,RANGE_WARN,,,,,,CALCULATED
2013-05-09T12:10:00Z,2013-05-09T18:13:05Z,,RANGE_WARN,,,,,,CALCULATED
2013-05-09T12:20:00Z,2013-05-09T18:23:05Z,,RANGE_WARN,,,,,,CALCULATED
2013-05-09T12:30:00Z,2013-05-09T18:33:05Z,,RANGE_WARN,,,,,,CALCULATED
2013-05-09T12:40:00Z,2013-05-09T18:43:05Z,,RANGE_WARN,,,,,,CALCULATED
2013-05-09T12:50:00Z,2013-05-09T18:53:05Z,,RANGE_WARN,,,,OUT_WARN,,CALCULATED
2013-05-09T13:00:00Z,2013-05-09T19:03:05Z,,RANGE_WARN,,,,,,CALCULATED
2013-05-09T13:10:00Z,2013-05-09T19:13:05Z,,RANGE_WARN,,,,,,CALCULATED
2013-05-09T13:20:00Z,2013-05-09T19:23:05Z,,RANGE_WARN,,,,,,CALCULATED
2013-05-09T13:30:00Z,2013-05-09T19:33:05Z,,,,,,,,CALCULATED
2013-05-09T13:40:00Z,2013-05-09T19:43:05Z,,,,,,,,CALCULATED
2013-05-09T13:50:00Z,2013-05-09T19:53:05Z,,,,,,,,CALCULATED
2013-05-09T14:00:00Z,2013-05-09T20:03:05Z,,,,,,,,CALCULATED
2013-05-09T14:10:00Z,2013-05-09T20:13:05Z,,,,,,,,CALCULATED
2013-05-09T14:20:00Z,2013-05-09T20:23:05Z,,,,,,,,CALCULATED
2013-05-09T14:30:00Z,2013-05-09T20:33:05Z,,,,,,,,CALCULATED
2013-05-09T14:40:00Z,2013-05-09T20:43:05Z,,,,,,,,CALCULATED
2013-05-09T14:50:00Z,2013-05-09T20:53:05Z,,,,,,,,CALCULATED
2013-05-09T15:00:00Z,2013-05-09T21:03:05Z,,,,,,,,CALCULATED
2013-05-09T15:10:00Z,2013-05-09T21:13:05Z,,,,,,,,CALCULATED
2013-05-09T15:20:00Z,2013-05-09T21:23:05Z,,,,,,,,CALCULATED
2013-05-09T15:30:00Z,2013-05-09T21:33:05Z,,,,,,,,CALCULATED
2013-05-09T15:40:00Z,2013-05-09T21:43:05Z,,,,,,,,CALCULATED
2013-05-09T15:50:00Z,2013-05-09T21:53:05Z,,,,,,,,CALCULATED
2013-05-09T16:00:00Z,2013-05-09T22:03:05Z,,,,,,,,CALCULATED
2013-05-09T16:10:00Z,2013-05-09T22:13:05Z,,,,,,,,CALCULATED
2013-05-09T16:20:00Z,2013-05-09T22:23:05Z,,,,,,,,CALCULATED
2013-05-09T16:30:00Z,2013-05-09T22:33:05Z,,,,,,,,CALCULATED
2013-05-09T16:40:00Z,2013-05-09T22:43:05Z,,,,,,,,CALCULATED
2013-05-09T16:50:00Z,2013-05-09T22:53:05Z,,,,,,,,CALCULATED
2013-05-09T17:00:00Z,2013-05-09T23:03:05Z,,,,,,,,CALCULATED
2013-05-09T17:10:00Z,2013-05-09T23:13:05Z,,,,,,,,CALCULATED
2013-05-09T17:20:00Z,2013-05-09T23:23:05Z,,,,,,,,CALCULATED
2013-05-09T17:30:00Z,2013-05-09T23:33:05Z,,,,,,,,CALCULATED
2013-05-09T17:40:00Z,2013-05-09T23:43:05Z,,,,,,,,CALCULATED
2013-05-09T17:50:00Z,2013-05-09T23:53:05Z,,,,,,,,CALCULATED
2013-05-09T18:00:00Z,2013-05-10T00:03:05Z,,,,,,,,CALCULATED
2013-05-09T18:10:00Z,2013-05-10T00:13:06Z,,,,,,,,CALCULATED
2013-05-09T18:20:00Z,2013-05-10T00:23:06Z,,,,,,,,CALCULATED
2013-05-09T18:30:00Z,2013-05-10T00:33:06Z,,,,,,,,CALCULATED
2013-05-09T18:40:00Z,2013-05-10T00:43:06Z,,,,,,,,CALCULATED
2013-05-09T18:50:00Z,2013-05-10T00:53:06Z,,,,,,,,CALCULATED
2013-05-09T19:00:00Z,2013-05-10T01:03:06Z,,,,,,,,CALCULATED
2013-05-09T19:10:00Z,2013-05-10T01:13:06Z,,,,,,,,CALCULATED
2013-05-09T19:20:00Z,2013-05-10T01:23:06Z,,,,,,,,CALCULATED
2013-05-09T19:30:00Z,2013-05-10T01:33:06Z,,,,,,,,CALCULATED
2013-05-09T19:40:00Z,2013-05-10T01:43:06Z,,,,,,,,CALCULATED
2013-05-09T19:50:00Z,2013-05-10T01:53:06Z,,,,,,,,CALCULATED
2013-05-09T20:00:00Z,2013-05-10T02:03:06Z,,,,,,,,CALCULATED
2013-05-09T20:10:00Z,2013-05-10T02:13:06Z,,,,,,,,CALCULATED
2013-05-09T20:20:00Z,2013-05-10T02:23:06Z,,,,,,,,CALCULATED
2013-05-09T20:30:00Z,2013-05-10T02:33:06Z,,,,,,,,CALCULATED
2013-05-09T20:40:00Z,2013-05-10T02:43:06Z,,,,,,,,CALCULATED
2013-05-09T20:50:00Z,2013-05-10T02:53:06Z,,,,,,,,CALCULATED
2013-05-09T21:00:00Z,2013-05-10T03:03:06Z,,,,,,,,CALCULATED
2013-05-09T21:10:00Z,2013-05-10T03:13:06Z,,,,,,,,CALCULATED
2013-05-09T21:20:00Z,2013-05-10T03:23:06Z,,,,,,,,CALCULATED
2013-05-09T21:30:00Z,2013-05-10T03:33:06Z,,,,,,,,CALCULATED
2013-05-09T21:40:00Z,2013-05-10T03:43:06Z,,,,,,,,CALCULATED
2013-05-09T21:50:00Z,2013-05-10T03:53:06Z,,,,,,,,CALCULATED
2013-05-09T22:00:00Z,2013-05-10T04:03:06Z,,,,,,,,CALCULATED
2013-05-09T22:10:00Z,2013-05-10T04:13:06Z,,,,,,,,CALCULATED
2013-05-09T22:20:00Z,2013-05-10T04:23:06Z,,,,,,,,CALCULATED
2013-05-09T22:30:00Z,2013-05-10T04:33:06Z,,,,,,,,CALCULATED
2013-05-09T22:40:00Z,2013-05-10T04:43:06Z,,,,,,OUT_WARN,,CALCULATED
2013-05-09T22:50:00Z,2013-05-10T04:53:06Z,,,,,,,,CALCULATED
2013-05-09T23:00:00Z,2013-05-10T05:03:06Z,,,,,,,,CALCULATED
2013-05-09T23:10:00Z,2013-05-10T05:13:06Z,,,,,,,,CALCULATED
2013-05-09T23:20:00Z,2013-05-10T05:23:06Z,,,,,,,,CALCULATED
2013-05-09T23:30:00Z,2013-05-10T05:33:06Z,,,,,,,,CALCULATED
2013-05-09T23:40:00Z,2013-05-10T05:43:06Z,,,,,,,,CALCULATED
2013-05-09T23:50:00Z,2013-05-10T05:53:06Z,,,,,,,,CALCULATED
2013-05-10T00:00:00Z,2013-05-10T06:03:06Z,,,,,,,,CALCULATED
2013-05-10T00:10:00Z,2013-05-10T06:13:06Z,,,,,,,,CALCULATED
2013-05-10T00:20:00Z,2013-05-10T06:23:06Z,,,,,,,,CALCULATED
2013-05-10T00:30:00Z,2013-05-10T06:33:06Z,,,,,,,,CALCULATED
2013-05-10T00:40:00Z,2013-05-10T06:43:06Z,,,,,,,,CALCULATED
2013-05-10T00:50:00Z,2013-05-10T06:53:06Z,,,,,,,,CALCULATED
2013-05-10T01:00:00Z,2013-05-10T07:03:06Z,,,,,,OUT_WARN,,CALCULATED
2013-05-10T01:10:00Z,2013-05-10T07:13:06Z,,,,,,,,CALCULATED
2013-05-10T01:20:00Z,2013-05-10T07:23:06Z,,,,,,,,CALCULATED
2013-05-10T01:30:00Z,2013-05-10T07:33:06Z,,,,,,,,CALCULATED
2013-05-10T01:40:00Z,2013-05-10T07:43:06Z,,RANGE_WARN,,,,,,CALCULATED
2013-05-10T01:50:00Z,2013-05-10T07:53:06Z,,RANGE_WARN,,,,OUT_WARN,,CALCULATED
2013-05-10T02:00:00Z,2013-05-10T08:03:06Z,,RANGE_WARN,,,,,,CALCULATED
2013-05-10T02:10:00Z,2013-05-10T08:13:06Z,,RANGE_WARN,,,,,,CALCULATED
2013-05-10T02:20:00Z,2013-05-10T08:23:06Z,,RANGE_WARN,,,,,,CALCULATED
2013-05-10T02:30:00Z,2013-05-10T08:33:06Z,,RANGE_WARN,,,,,,CALCULATED
2013-05-10T02:40:00Z,2013-05-10T08:43:06Z,,RANGE_WARN,,,,,,CALCULATED
2013-05-10T02:50:00Z,2013-05-10T08:53:06Z,,RANGE_WARN,,,,,,CALCULATED
2013-05-10T03:00:00Z,2013-05-10T09:03:06Z,,RANGE_WARN,,,,,,CALCULATED
2013-05-10T03:10:00Z,2013-05-10T09:13:06Z,,RANGE_WARN,,,,,,CALCULATED
2013-05-10T03:20:00Z,2013-05-10T09:23:06Z,,RANGE_WARN,,,,,,CALCULATED
2013-05-10T03:30:00Z,2013-05-10T09:33:06Z,,RANGE_WARN,,,,,,CALCULATED
2013-05-10T03:40:00Z,2013-05-10T09:43:06Z,,RANGE_WARN,,,,,,CALCULATED
2013-05-10T03:50:00Z,2013-05-10T09:53:06Z,,RANGE_WARN,,,,,,CALCULATED
2013-05-10T04:00:00Z,2013-05-10T10:03:06Z,,RANGE_WARN,,,,,,CALCULATED
2013-05-10T04:10:00Z,2013-05-10T10:13:06Z,,RANGE_WARN,,,,,,CALCULATED
2013-05-10T04:20:00Z,2013-05-10T10:23:06Z,,RANGE_WARN,,,,,,CALCULATED
2013-05-10T04:30:00Z,2013-05-10T10:33:06Z,,RANGE_WARN,,,,,,CALCULATED
2013-05-10T04:40:00Z,2013-05-10T10:43:06Z,,RANGE_WARN,,,,,,CALCULATED
2013-05-10T04:50:00Z,2013-05-10T10:53:06Z,,RANGE_WARN,,,,,,CALCULATED
2013-05-10T05:00:00Z,2013-05-10T11:03:06Z,,RANGE_WARN,,,,,,CALCULATED
2013-05-10T05:10:00Z,2013-05-10T11:13:06Z,,RANGE_WARN,,,,,,CALCULATED
2013-05-10T05:20:00Z,2013-05-10T11:23:06Z,,RANGE_WARN,,,,,,CALCULATED
2013-05-10T05:30:00Z,2013-05-10T11:33:06Z,,RANGE_WARN,,,,,,CALCULATED
2013-05-10T05:40:00Z,2013-05-10T11:43:06Z,,RANGE_WARN,,,,,,CALCULATED
2013-05-10T05:50:00Z,2013-05-10T11:53:06Z,,RANGE_WARN,,,,,,CALCULATED
2013-05-10T06:00:00Z,2013-05-10T12:03:06Z,,RANGE_WARN,,,,,,CALCULATED
2013-05-10T06:10:00Z,2013-05-10T12:13:06Z,,RANGE_WARN,,,,,,CALCULATED
2013-05-10T06:20:00Z,2013-05-10T12:23:06Z,,RANGE_WARN,,,,,,CALCULATED
2013-05-10T06:30:00Z,2013-05-10T12:33:06Z,,RANGE_WARN,,,,,,CALCULATED
2013-05-10T06:40:00Z,2013-05-10T12:43:06Z,,RANGE_WARN,,,,,,CALCULATED
2013-05-10T06:50:00Z,2013-05-10T12:53:06Z,,RANGE_WARN,,,,,,CALCULATED
2013-05-10T07:00:00Z,2013-05-10T13:03:06Z,,RANGE_WARN,,,,,,CALCULATED
2013-05-10T07:10:00Z,2013-05-10T13:13:06Z,,RANGE_WARN,,,,,,CALCULATED
2013-05-10T07:20:00Z,2013-05-10T13:23:06Z,,RANGE_WARN,,,,,,CALCULATED
2013-05-10T07:30:00Z,2013-05-10T13:33:06Z,,RANGE_WARN,,,,,,CALCULATED
2013-05-10T07:40:00Z,2013-05-10T13:43:06Z,,RANGE_WARN,,,,,,CALCULATED
2013-05-10T07:50:00Z,2013-05-10T13:53:06Z,,RANGE_WARN,,,,,,CALCULATED
2013-05-10T08:00:00Z,2013-05-10T14:03:06Z,,RANGE_WARN,,,,,,CALCULATED
2013-05-10T08:10:00Z,2013-05-10T14:13:06Z,,RANGE_WARN,,,,,,CALCULATED
2013-05-10T08:20:00Z,2013-05-10T14:23:06Z,,RANGE_WARN,,,,,,CALCULATED
2013-05-10T08:30:00Z,2013-05-10T14:33:06Z,,RANGE_WARN,,,,,,CALCULATED
2013-05-10T08:40:00Z,2013-05-10T14:43:06Z,,RANGE_WARN,,,,,,CALCULATED
2013-05-10T08:50:00Z,2013-05-10T14:53:06Z,,RANGE_WARN,,,,,,CALCULATED
2013-05-10T09:00:00Z,2013-05-10T15:03:06Z,,RANGE_WARN,,,,,,CALCULATED
2013-05-10T09:10:00Z,2013-05-10T15:13:06Z,,RANGE_WARN,,,,,,CALCULATED
2013-05-10T09:20:00Z,2013-05-10T15:23:06Z,,RANGE_WARN,,,,,,CALCULATED
2013-05-10T09:30:00Z,2013-05-10T15:33:06Z,,RANGE_WARN,,,,,,CALCULATED
2013-05-10T09:40:00Z,2013-05-10T15:43:06Z,,RANGE_WARN,,,,,,CALCULATED
2013-05-10T09:50:00Z,2013-05-10T15:53:06Z,,RANGE_WARN,,,,,,CALCULATED
2013-05-10T10:00:00Z,2013-05-10T16:03:06Z,,RANGE_WARN,,,,,,CALCULATED
2013-05-10T10:10:00Z,2013-05-10T16:13:06Z,,RANGE_WARN,,,,,,CALCULATED
2013-05-10T10:20:00Z,2013-05-10T16:23:06Z,,RANGE_WARN,,,,,,CALCULATED
2013-05-10T10:30:00Z,2013-05-10T16:33:06Z,,RANGE_WARN,,,,,,CALCULATED
2013-05-10T10:40:00Z,2013-05-10T16:43:06Z,,RANGE_WARN,,,,,,CALCULATED
2013-05-10T10:50:00Z,2013-05-10T16:53:06Z,,RANGE_WARN,,,,,,CALCULATED
2013-05-10T11:00:00Z,2013-05-10T17:03:06Z,,RANGE_WARN,,,,,,CALCULATED
2013-05-10T11:10:00Z,2013-05-10T17:13:06Z,,RANGE_WARN,,,,,,CALCULATED
2013-05-10T11:20:00Z,2013-05-10T17:23:06Z,,RANGE_WARN,,,,,,CALCULATED
2013-05-10T11:30:00Z,2013-05-10T17:33:06Z,,RANGE_WARN,,,,,,CALCULATED
2013-05-10T11:40:00Z,2013-05-10T17:43:06Z,,RANGE_WARN,,,,,,CALCULATED
2013-05-10T11:50:00Z,2013-05-10T17:53:06Z,,RANGE_WARN,,,,,,CALCULATED
2013-05-10T12:00:00Z,2013-05-10T18:03:06Z,,RANGE_WARN,,,,,,CALCULATED
2013-05-10T12:10:00Z,2013-05-10T18:13:06Z,,RANGE_WARN,,,,OUT_WARN,,CALCULATED
2013-05-10T12:20:00Z,2013-05-10T18:23:06Z,,RANGE_WARN,,,,,,CALCULATED
2013-05-10T12:30:00Z,2013-05-10T18:33:06Z,,RANGE_WARN,,,,,,CALCULATED
2013-05-10T12:40:00Z,2013-05-10T18:43:06Z,,RANGE_WARN,,,,,,CALCULATED
2013-05-10T12:50:00Z,2013-05-10T18:53:06Z,,,,,,,,CALCULATED
2013-05-10T13:00:00Z,2013-05-10T19:03:06Z,,,,,,,,CALCULATED
2013-05-10T13:10:00Z,2013-05-10T19:13:06Z,,,,,,,,CALCULATED
2013-05-10T13:20:00Z,2013-05-10T19:23:06Z,,,,,,,,CALCULATED
2013-05-10T13:30:00Z,2013-05-10T19:33:06Z,,,,,,,,CALCULATED
2013-05-10T13:40:00Z,2013-05-10T19:43:06Z,,,,,,,,CALCULATED
2013-05-10T13:50:00Z,2013-05-10T19:53:06Z,,,,,,,,CALCULATED
2013-05-10T14:00:00Z,2013-05-10T20:03:06Z,,,,,,,,CALCULATED
2013-05-10T14:10:00Z,2013-05-10T20:13:06Z,,,,,,,,CALCULATED
2013-05-10T14:20:00Z,2013-05-10T20:23:06Z,,,,,,,,CALCULATED
2013-05-10T14:30:00Z,2013-05-10T20:33:06Z,,,,,,,,CALCULATED
2013-05-10T14:40:00Z,2013-05-10T20:43:06Z,,,,,,,,CALCULATED
2013-05-10T14:50:00Z,2013-05-10T20:53:06Z,,,,,,,,CALCULATED
2013-05-10T15:00:00Z,2013-05-10T21:03:06Z,,,,,,,,CALCULATED
2013-05-10T15:10:00Z,2013-05-10T21:13:06Z,,,,,,,,CALCULATED
2013-05-10T15:20:00Z,2013-05-10T21:23:06Z,,,,,,,,CALCULATED
2013-05-10T15:30:00Z,2013-05-10T21:33:06Z,,,,,,,,CALCULATED
2013-05-10T15:40:00Z,2013-05-10T21:43:06Z,,,,,,,,CALCULATED
2013-05-10T15:50:00Z,2013-05-10T21:53:06Z,,,,,,,,CALCULATED
2013-05-10T16:00:00Z,2013-05-10T22:03:06Z,,,,,,,,CALCULATED
2013-05-10T16:10:00Z,2013-05-10T22:13:06Z,,,,,,,,CALCULATED
2013-05-10T16:20:00Z,2013-05-10T22:23:06Z,,,,,,,,CALCULATED
2013-05-10T16:30:00Z,2013-05-10T22:33:06Z,,,,,,,,CALCULATED
2013-05-10T16:40:00Z,2013-05-10T22:43:06Z,,,,,,,,CALCULATED
2013-05-10T16:50:00Z,2013-05-10T22:53:06Z,,,,,,,,CALCULATED
2013-05-10T17:00:00Z,2013-05-10T23:03:06Z,,,,,,,,CALCULATED
2013-05-10T17:10:00Z,2013-05-10T23:13:06Z,,,,,,,,CALCULATED
2013-05-10T17:20:00Z,2013-05-10T23:23:06Z,,,,,,,,CALCULATED
2013-05-10T17:30:00Z,2013-05-10T23:33:06Z,,,,,,,,CALCULATED
2013-05-10T17:40:00Z,2013-05-10T23:43:06Z,,,,,,,,CALCULATED
2013-05-10T17:50:00Z,2013-05-10T23:53:06Z,,,,,,,,CALCULATED
2013-05-10T18:00:00Z,2013-05-11T00:03:06Z,,,,,,,,CALCULATED
2013-05-10T18:10:00Z,2013-05-11T00:13:07Z,,,,,,,,CALCULATED
2013-05-10T18:20:00Z,2013-05-11T00:23:07Z,,,,,,,,CALCULATED
2013-05-10T18:30:00Z,2013-05-11T00:33:07Z,,,,,,,,CALCULATED
2013-05-10T18:40:00Z,2013-05-11T00:43:07Z,,,,,,,,CALCULATED
2013-05-10T18:50:00Z,2013-05-11T00:53:07Z,,,,,,,,CALCULATED
2013-05-10T19:00:00Z,2013-05-11T01:03:07Z,,,,,,,,CALCULATED
2013-05-10T19:10:00Z,2013-05-11T01:13:07Z,,,,,,,,CALCULATED
2013-05-10T19:20:00Z,2013-05-11T01:23:07Z,,,,,,,,CALCULATED
2013-05-10T19:30:00Z,2013-05-11T01:33:07Z,,,,,,,,CALCULATED
2013-05-10T19:40:00Z,2013-05-11T01:43:07Z,,,,,,,,CALCULATED
2013-05-10T19:50:00Z,2013-05-11T01:53:07Z,,,,,,,,CALCULATED
2013-05-10T20:00:00Z,2013-05-11T02:03:07Z,,,,,,,,CALCULATED
2013-05-10T20:10:00Z,2013-05-11T02:13:07Z,,,,,,,,CALCULATED
2013-05-10T20:20:00Z,2013-05-11T02:23:07Z,,,,,,OUT_WARN,,CALCULATED
2013-05-10T20:30:00Z,2013-05-11T02:33:07Z,,,,,,OUT_WARN,,CALCULATED
2013-05-10T20:40:00Z,2013-05-11T02:43:07Z,,,,,,OUT_WARN,,CALCULATED
2013-05-10T20:50:00Z,2013-05-11T02:53:07Z,,,,,,OUT_WARN,,CALCULATED
2013-05-10T21:00:00Z,2013-05-11T03:03:07Z,,,,,,,,CALCULATED
2013-05-10T21:10:00Z,2013-05-11T03:13:07Z,,,,,,,,CALCULATED
2013-05-10T21:20:00Z,2013-05-11T03:23:07Z,,,,,,,,CALCULATED
2013-05-10T21:30:00Z,2013-05-11T03:33:07Z,,,,,,,,CALCULATED
2013-05-10T21:40:00Z,2013-05-11T03:43:07Z,,,,,,,,CALCULATED
2013-05-10T21:50:00Z,2013-05-11T03:53:07Z,,,,,,,,CALCULATED
2013-05-10T22:00:00Z,2013-05-11T04:03:07Z,,,,,,,,CALCULATED
2013-05-10T22:10:00Z,2013-05-11T04:13:07Z,,,,,,,,CALCULATED
2013-05-10T22:20:00Z,2013-05-11T04:23:07Z,,,,,,,,CALCULATED
2013-05-10T22:30:00Z,2013-05-11T04:33:07Z,,,,,,,,CALCULATED
2013-05-10T22:40:00Z,2013-05-11T04:43:07Z,,,,,,,,CALCULATED
2013-05-10T22:50:00Z,2013-05-11T04:53:07Z,,,,,,,,CALCULATED
2013-05-10T23:00:00Z,2013-05-11T05:03:07Z,,,,,,,,CALCULATED
2013-05-10T23:10:00Z,2013-05-11T05:13:07Z,,,,,,,,CALCULATED
2013-05-10T23:20:00Z,2013-05-11T05:23:07Z,,,,,,,,CALCULATED
2013-05-10T23:30:00Z,2013-05-11T05:33:07Z,,,,,,,,CALCULATED
2013-05-10T23:40:00Z,2013-05-11T05:43:07Z,,,,,,,,CALCULATED
2013-05-10T23:50:00Z,2013-05-11T05:53:07Z,,,,,,,,CALCULATED
2013-05-11T00:00:00Z,2013-05-11T06:03:07Z,,,,,,,,CALCULATED
2013-05-11T00:10:00Z,2013-05-11T06:13:07Z,,,,,,,,CALCULATED
2013-05-11T00:20:00Z,2013-05-11T06:23:07Z,,,,,,,,CALCULATED
2013-05-11T00:30:00Z,2013-05-11T06:33:07Z,,,,,,,,CALCULATED
2013-05-11T00:40:00Z,2013-05-11T06:43:07Z,,,,,,,,CALCULATED
2013-05-11T00:50:00Z,2013-05-11T06:53:07Z,,,,,,,,CALCULATED
2013-05-11T01:00:00Z,2013-05-11T07:03:07Z,,,,,,,,CALCULATED
2013-05-11T01:10:00Z,2013-05-11T07:13:07Z,,,,,,,,CALCULATED
2013-05-11T01:20:00Z,2013-05-11T07:23:07Z,,,,,,,,CALCULATED
2013-05-11T01:30:00Z,2013-05-11T07:33:07Z,,,,,,,,CALCULATED
2013-05-11T01:40:00Z,2013-05-11T07:43:07Z,,,,,,,,CALCULATED
2013-05-11T01:50:00Z,2013-05-11T07:53:07Z,,,,,,,,CALCULATED
2013-05-11T02:00:00Z,2013-05-11T08:03:07Z,,,,,,,,CALCULATED
2013-05-11T02:10:00Z,2013-05-11T08:13:07Z,,,,,,,,CALCULATED
2013-05-11T02:20:00Z,2013-05-11T08:23:07Z,,,,,,,,CALCULATED
2013-05-11T02:30:00Z,2013-05-11T08:33:07Z,,,,,,,,CALCULATED
2013-05-11T02:40:00Z,2013-05-11T08:43:07Z,,,,,,,,CALCULATED
2013-05-11T02:50:00Z,2013-05-11T08:53:07Z,,,,,,,,CALCULATED
2013-05-11T03:00:00Z,2013-05-11T09:03:07Z,,,,,,,,CALCULATED
2013-05-11T03:10:00Z,2013-05-11T09:13:07Z,,,,,,,,CALCULATED
2013-05-11T03:20:00Z,2013-05-11T09:23:07Z,,,,,,,,CALCULATED
2013-05-11T03:30:00Z,2013-05-11T09:33:07Z,,,,,,,,CALCULATED
2013-05-11T03:40:00Z,2013-05-11T09:43:07Z,,,,,,,,CALCULATED
2013-05-11T03:50:00Z,2013-05-11T09:53:07Z,,,,,,,,CALCULATED
2013-05-11T04:00:00Z,2013-05-11T10:03:07Z,,,,,,,,CALCULATED
2013-05-11T04:10:00Z,2013-05-11T10:13:07Z,,,,,,,,CALCULATED
2013-05-11T04:20:00Z,2013-05-11T10:23:07Z,,,,,,,,CALCULATED
2013-05-11T04:30:00Z,2013-05-11T10:33:07Z,,,,,,,,CALCULATED
2013-05-11T04:40:00Z,2013-05-11T10:43:07Z,,,,,,,,CALCULATED
2013-05-11T04:50:00Z,2013-05-11T10:53:07Z,,RANGE_WARN,,,,,,CALCULATED
2013-05-11T05:00:00Z,2013-05-11T11:03:07Z,,RANGE_WARN,,,,,,CALCULATED
2013-05-11T05:10:00Z,2013-05-11T11:13:07Z,,RANGE_WARN,,,,,,CALCULATED
2013-05-11T05:20:00Z,2013-05-11T11:23:07Z,,RANGE_WARN,,,,,,CALCULATED
2013-05-11T05:30:00Z,2013-05-11T11:33:07Z,,RANGE_WARN,,,,,,CALCULATED
2013-05-11T05:40:00Z,2013-05-11T11:43:07Z,,RANGE_WARN,,,,,,CALCULATED
2013-05-11T05:50:00Z,2013-05-11T11:53:07Z,,RANGE_WARN,,,,,,CALCULATED
2013-05-11T06:00:00Z,2013-05-11T12:03:07Z,,RANGE_WARN,,,,,,CALCULATED
2013-05-11T06:10:00Z,2013-05-11T12:13:07Z,,RANGE_WARN,,,,,,CALCULATED
2013-05-11T06:20:00Z,2013-05-11T12:23:07Z,,RANGE_WARN,,,,,,CALCULATED
2013-05-11T06:30:00Z,2013-05-11T12:33:07Z,,RANGE_WARN,,,,,,CALCULATED
2013-05-11T06:40:00Z,2013-05-11T12:43:07Z,,RANGE_WARN,,,,,,CALCULATED
2013-05-11T06:50:00Z,2013-05-11T12:53:07Z,,RANGE_WARN,,,,,,CALCULATED
2013-05-11T07:00:00Z,2013-05-11T13:03:07Z,,RANGE_WARN,,,,,,CALCULATED
2013-05-11T07:10:00Z,2013-05-11T13:13:07Z,,RANGE_WARN,,,,,,CALCULATED
2013-05-11T07:20:00Z,2013-05-11T13:23:07Z,,RANGE_WARN,,,,,,CALCULATED
2013-05-11T07:30:00Z,2013-05-11T13:33:07Z,,RANGE_WARN,,,,,,CALCULATED
2013-05-11T07:40:00Z,2013-05-11T13:43:07Z,,RANGE_WARN,,,,,,CALCULATED
2013-05-11T07:50:00Z,2013-05-11T13:53:07Z,,RANGE_WARN,,,,,,CALCULATED
2013-05-11T08:00:00Z,2013-05-11T14:03:07Z,,RANGE_WARN,,,,,,CALCULATED
2013-05-11T08:10:00Z,2013-05-11T14:13:07Z,,RANGE_WARN,,,,,,CALCULATED
2013-05-11T08:20:00Z,2013-05-11T14:23:07Z,,RANGE_WARN,,,,,,CALCULATED
2013-05-11T08:30:00Z,2013-05-11T14:33:07Z,,RANGE_WARN,,,,,,CALCULATED
2013-05-11T08:40:00Z,2013-05-11T14:43:07Z,,RANGE_WARN,,,,,,CALCULATED
2013-05-11T08:50:00Z,2013-05-11T14:53:07Z,,RANGE_WARN,,,,,,CALCULATED
2013-05-11T09:00:00Z,2013-05-11T15:03:07Z,,RANGE_WARN,,,,,,CALCULATED
2013-05-11T09:10:00Z,2013-05-11T15:13:07Z,,RANGE_WARN,,,,,,CALCULATED
2013-05-11T09:20:00Z,2013-05-11T15:23:07Z,,RANGE_WARN,,,,,,CALCULATED
2013-05-11T09:30:00Z,2013-05-11T15:33:07Z,,RANGE_WARN,,,,,,CALCULATED
2013-05-11T09:40:00Z,2013-05-11T15:43:07Z,,RANGE_WARN,,,,,,CALCULATED
2013-05-11T09:50:00Z,2013-05-11T15:53:07Z,,RANGE_WARN,,,,,,CALCULATED
2013-05-11T10:00:00Z,2013-05-11T16:03:07Z,,RANGE_WARN,,,,,,CALCULATED
2013-05-11T10:10:00Z,2013-05-11T16:13:07Z,,RANGE_WARN,,,,,,CALCULATED
2013-05-11T10:20:00Z,2013-05-11T16:23:07Z,,RANGE_WARN,,,,,,CALCULATED
2013-05-11T10:30:00Z,2013-05-11T16:33:07Z,,RANGE_WARN,,,,,,CALCULATED
2013-05-11T10:40:00Z,2013-05-11T16:43:07Z,,RANGE_WARN,,,,,,CALCULATED
2013-05-11T10:50:00Z,2013-05-11T16:53:07Z,,RANGE_WARN,,,,,,CALCULATED
2013-05-11T11:00:00Z,2013-05-11T17:03:07Z,,RANGE_WARN,,,,,,CALCULATED
2013-05-11T11:10:00Z,2013-05-11T17:13:07Z,,RANGE_WARN,,,,,,CALCULATED
2013-05-11T11:20:00Z,2013-05-11T17:23:07Z,,RANGE_WARN,,,,,,CALCULATED
2013-05-11T11:30:00Z,2013-05-11T17:33:07Z,,RANGE_WARN,,,,,,CALCULATED
2013-05-11T11:40:00Z,2013-05-11T17:43:07Z,,RANGE_WARN,,,,,,CALCULATED
2013-05-11T11:50:00Z,2013-05-11T17:53:07Z,,RANGE_WARN,,,,,,CALCULATED
2013-05-11T12:00:00Z,2013-05-11T18:03:07Z,,RANGE_WARN,,,,,,CALCULATED
2013-05-11T12:10:00Z,2013-05-11T18:13:07Z,,RANGE_WARN,,,,,,CALCULATED
2013-05-11T12:20:00Z,2013-05-11T18:23:07Z,,RANGE_WARN,,,,,,CALCULATED
2013-05-11T12:30:00Z,2013-05-11T18:33:07Z,,RANGE_WARN,,,,,,CALCULATED
2013-05-11T12:40:00Z,2013-05-11T18:43:07Z,,RANGE_WARN,,,,,,CALCULATED
2013-05-11T12:50:00Z,2013-05-11T18:53:07Z,,RANGE_WARN,,,,,,CALCULATED
2013-05-11T13:00:00Z,2013-05-11T19:03:07Z,,RANGE_WARN,,,,,,CALCULATED
2013-05-11T13:10:00Z,2013-05-11T19:13:07Z,,RANGE_WARN,,,,,,CALCULATED
2013-05-11T13:20:00Z,2013-05-11T19:23:07Z,,RANGE_WARN,,,,,,CALCULATED
2013-05-11T13:30:00Z,2013-05-11T19:33:07Z,,RANGE_WARN,,,,,,CALCULATED
2013-05-11T13:40:00Z,2013-05-11T19:43:07Z,,RANGE_WARN,,,,,,CALCULATED
2013-05-11T13:50:00Z,2013-05-11T19:53:07Z,,RANGE_WARN,,,,,,CALCULATED
2013-05-11T14:00:00Z,2013-05-11T20:03:07Z,,RANGE_WARN,,,,,,CALCULATED
2013-05-11T14:10:00Z,2013-05-11T20:13:07Z,,,,,,,,CALCULATED
2013-05-11T14:20:00Z,2013-05-11T20:23:07Z,,,,,,,,CALCULATED
2013-05-11T14:30:00Z,2013-05-11T20:33:07Z,,,,,,,,CALCULATED
2013-05-11T14:40:00Z,2013-05-11T20:43:07Z,,,,,,,,CALCULATED
2013-05-11T14:50:00Z,2013-05-11T20:53:07Z,,,,,,,,CALCULATED
2013-05-11T15:00:00Z,2013-05-11T21:03:07Z,,,,,,,,CALCULATED
2013-05-11T15:10:00Z,2013-05-11T21:13:07Z,,,,,,,,CALCULATED
2013-05-11T15:20:00Z,2013-05-11T21:23:07Z,,,,,,,,CALCULATED
2013-05-11T15:30:00Z,2013-05-11T21:33:07Z,,,,,,,,CALCULATED
2013-05-11T15:40:00Z,2013-05-11T21:43:07Z,,,,,,,,CALCULATED
2013-05-11T15:50:00Z,2013-05-11T21:53:07Z,,,,,,,,CALCULATED
2013-05-11T16:00:00Z,2013-05-11T22:03:07Z,,,,,,,,CALCULATED
2013-05-11T16:10:00Z,2013-05-11T22:13:07Z,,,,,,,,CALCULATED
2013-05-11T16:20:00Z,2013-05-11T22:23:07Z,,,,,,,,CALCULATED
2013-05-11T16:30:00Z,2013-05-11T22:33:07Z,,,,,,,,CALCULATED
2013-05-11T16:40:00Z,2013-05-11T22:43:07Z,,,,,,,,CALCULATED
2013-05-11T16:50:00Z,2013-05-11T22:53:07Z,,,,,,,,CALCULATED
2013-05-11T17:00:00Z,2013-05-11T23:03:07Z,,,,,,,,CALCULATED
2013-05-11T17:10:00Z,2013-05-11T23:13:07Z,,,,,,,,CALCULATED
2013-05-11T17:20:00Z,2013-05-11T23:23:07Z,,,,,,,,CALCULATED
2013-05-11T17:30:00Z,2013-05-11T23:33:07Z,,,,,,,,CALCULATED
2013-05-11T17:40:00Z,2013-05-11T23:43:07Z,,,,,,,,CALCULATED
2013-05-11T17:50:00Z,2013-05-11T23:53:07Z,,,,,,,,CALCULATED
2013-05-11T18:00:00Z,2013-05-12T00:03:07Z,,,,,,,,CALCULATED
2013-05-11T18:10:00Z,2013-05-12T00:13:07Z,,,,,,,,CALCULATED
2013-05-11T18:20:00Z,2013-05-12T00:23:07Z,,,,,,,,CALCULATED
2013-05-11T18:30:00Z,2013-05-12T00:33:07Z,,,,,,,,CALCULATED
2013-05-11T18:40:00Z,2013-05-12T00:43:07Z,,,,,,,,CALCULATED
2013-05-11T18:50:00Z,2013-05-12T00:53:07Z,,,,,,,,CALCULATED
2013-05-11T19:00:00Z,2013-05-12T01:03:07Z,,,,,,,,CALCULATED
2013-05-11T19:10:00Z,2013-05-12T01:13:07Z,,,,,,,,CALCULATED
2013-05-11T19:20:00Z,2013-05-12T01:23:07Z,,,,,,,,CALCULATED
2013-05-11T19:30:00Z,2013-05-12T01:33:07Z,,,,,,,,CALCULATED
2013-05-11T19:40:00Z,2013-05-12T01:43:07Z,,,,,,,,CALCULATED
2013-05-11T19:50:00Z,2013-05-12T01:53:07Z,,,,,,,,CALCULATED
2013-05-11T20:00:00Z,2013-05-12T02:03:07Z,,,,,,,,CALCULATED
2013-05-11T20:10:00Z,2013-05-12T02:13:07Z,,,,,,,,CALCULATED
2013-05-11T20:20:00Z,2013-05-12T02:23:07Z,,,,,,,,CALCULATED
2013-05-11T20:30:00Z,2013-05-12T02:33:07Z,,,,,,,,CALCULATED
2013-05-11T20:40:00Z,2013-05-12T02:43:07Z,,,,,,,,CALCULATED
2013-05-11T20:50:00Z,2013-05-12T02:53:07Z,,,,,,,,CALCULATED
2013-05-11T21:00:00Z,2013-05-12T03:03:07Z,,,,,,,,CALCULATED
2013-05-11T21:10:00Z,2013-05-12T03:13:07Z,,,,,,,,CALCULATED
2013-05-11T21:20:00Z,2013-05-12T03:23:07Z,,,,,,,,CALCULATED
2013-05-11T21:30:00Z,2013-05-12T03:33:07Z,,,,,,,,CALCULATED
2013-05-11T21:40:00Z,2013-05-12T03:43:07Z,,,,,,,,CALCULATED
2013-05-11T21:50:00Z,2013-05-12T03:53:07Z,,,,,,,,CALCULATED
2013-05-11T22:00:00Z,2013-05-12T04:03:07Z,,,,,,,,CALCULATED
2013-05-11T22:10:00Z,2013-05-12T04:13:07Z,,,,,,,,CALCULATED
2013-05-11T22:20:00Z,2013-05-12T04:23:07Z,,,,,,,,CALCULATED
2013-05-11T22:30:00Z,2013-05-12T04:33:07Z,,,,,,,,CALCULATED
2013-05-11T22:40:00Z,2013-05-12T04:43:07Z,,,,,,,,CALCULATED
2013-05-11T22:50:00Z,2013-05-12T04:53:07Z,,,,,,,,CALCULATED
2013-05-11T23:00:00Z,2013-05-12T05:03:07Z,,,,,,,,CALCULATED
2013-05-11T23:10:00Z,2013-05-12T05:13:07Z,,,,,,,,CALCULATED
2013-05-11T23:20:00Z,2013-05-12T05:23:07Z,,,,,,,,CALCULATED
2013-05-11T23:30:00Z,2013-05-12T05:33:07Z,,,,,,,,CALCULATED
2013-05-11T23:40:00Z,2013-05-12T05:43:07Z,,,,,,,,CALCULATED
2013-05-11T23:50:00Z,2013-05-12T05:53:07Z,,,,,,,,CALCULATED
2013-05-12T00:00:00Z,2013-05-12T06:03:07Z,,,,,,,,CALCULATED
2013-05-12T00:10:00Z,2013-05-12T06:13:07Z,,,,,,,,CALCULATED
2013-05-12T00:20:00Z,2013-05-12T06:23:07Z,,,,,,,,CALCULATED
2013-05-12T00:30:00Z,2013-05-12T06:33:07Z,,,,,,,,CALCULATED
2013-05-12T00:40:00Z,2013-05-12T06:43:07Z,,,,,,,,CALCULATED
2013-05-12T00:50:00Z,2013-05-12T06:53:07Z,,,,,,,,CALCULATED
2013-05-12T01:00:00Z,2013-05-12T07:03:07Z,,,,,,,,CALCULATED
2013-05-12T01:10:00Z,2013-05-12T07:13:07Z,,,,,,,,CALCULATED
2013-05-12T01:20:00Z,2013-05-12T07:23:07Z,,,,,,,,CALCULATED
2013-05-12T01:30:00Z,2013-05-12T07:33:07Z,,,,,,,,CALCULATED
2013-05-12T01:40:00Z,2013-05-12T07:43:07Z,,,,,,,,CALCULATED
2013-05-12T01:50:00Z,2013-05-12T07:53:07Z,,,,,,,,CALCULATED
2013-05-12T02:00:00Z,2013-05-12T08:03:07Z,,,,,,,,CALCULATED
2013-05-12T02:10:00Z,2013-05-12T08:13:07Z,,,,,,,,CALCULATED
2013-05-12T02:20:00Z,2013-05-12T08:23:07Z,,,,,,,,CALCULATED
2013-05-12T02:30:00Z,2013-05-12T08:33:07Z,,,,,,,,CALCULATED
2013-05-12T02:40:00Z,2013-05-12T08:43:07Z,,,,,,,,CALCULATED
2013-05-12T02:50:00Z,2013-05-12T08:53:07Z,,,,,,,,CALCULATED
2013-05-12T03:00:00Z,2013-05-12T09:03:07Z,,,,,,,,CALCULATED
2013-05-12T03:10:00Z,2013-05-12T09:13:07Z,,,,,,,,CALCULATED
2013-05-12T03:20:00Z,2013-05-12T09:23:07Z,,,,,,,,CALCULATED
2013-05-12T03:30:00Z,2013-05-12T09:33:07Z,,,,,,,,CALCULATED
2013-05-12T03:40:00Z,2013-05-12T09:43:07Z,,,,,,,,CALCULATED
2013-05-12T03:50:00Z,2013-05-12T09:53:07Z,,,,,,,,CALCULATED
2013-05-12T04:00:00Z,2013-05-12T10:03:07Z,,,,,,,,CALCULATED
2013-05-12T04:10:00Z,2013-05-12T10:13:07Z,,,,,,,,CALCULATED
2013-05-12T04:20:00Z,2013-05-12T10:23:07Z,,,,,,,,CALCULATED
2013-05-12T04:30:00Z,2013-05-12T10:33:07Z,,,,,,,,CALCULATED
2013-05-12T04:40:00Z,2013-05-12T10:43:07Z,,,,,,,,CALCULATED
2013-05-12T04:50:00Z,2013-05-12T10:53:07Z,,,,,,,,CALCULATED
2013-05-12T05:00:00Z,2013-05-12T11:03:07Z,,,,,,,,CALCULATED
2013-05-12T05:10:00Z,2013-05-12T11:13:07Z,,,,,,,,CALCULATED
2013-05-12T05:20:00Z,2013-05-12T11:23:07Z,,,,,,,,CALCULATED
2013-05-12T05:30:00Z,2013-05-12T11:33:07Z,,,,,,,,CALCULATED
2013-05-12T05:40:00Z,2013-05-12T11:43:07Z,,,,,,,,CALCULATED
2013-05-12T05:50:00Z,2013-05-12T11:53:07Z,,,,,,,,CALCULATED
2013-05-12T06:00:00Z,2013-05-12T12:03:07Z,,,,,,,,CALCULATED
2013-05-12T06:10:00Z,2013-05-12T12:13:07Z,,,,,,,,CALCULATED
2013-05-12T06:20:00Z,2013-05-12T12:23:07Z,,,,,,,,CALCULATED
2013-05-12T06:30:00Z,2013-05-12T12:33:07Z,,,,,,,,CALCULATED
2013-05-12T06:40:00Z,2013-05-12T12:43:07Z,,,,,,,,CALCULATED
2013-05-12T06:50:00Z,2013-05-12T12:53:07Z,,,,,,,,CALCULATED
2013-05-12T07:00:00Z,2013-05-12T13:03:07Z,,,,,,,,CALCULATED
2013-05-12T07:10:00Z,2013-05-12T13:13:07Z,,,,,,,,CALCULATED
2013-05-12T07:20:00Z,2013-05-12T13:23:07Z,,,,,,,,CALCULATED
2013-05-12T07:30:00Z,2013-05-12T13:33:07Z,,,,,,,,CALCULATED
2013-05-12T07:40:00Z,2013-05-12T13:43:07Z,,,,,,,,CALCULATED
2013-05-12T07:50:00Z,2013-05-12T13:53:07Z,,,,,,,,CALCULATED
2013-05-12T08:00:00Z,2013-05-12T14:03:07Z,,,,,,,,CALCULATED
2013-05-12T08:10:00Z,2013-05-12T14:13:07Z,,,,,,,,CALCULATED
2013-05-12T08:20:00Z,2013-05-12T14:23:07Z,,,,,,,,CALCULATED
2013-05-12T08:30:00Z,2013-05-12T14:33:07Z,,,,,,,,CALCULATED
2013-05-12T08:40:00Z,2013-05-12T14:43:07Z,,,,,,,,CALCULATED
2013-05-12T08:50:00Z,2013-05-12T14:53:07Z,,,,,,,,CALCULATED
2013-05-12T09:00:00Z,2013-05-12T15:03:07Z,,,,,,,,CALCULATED
2013-05-12T09:10:00Z,2013-05-12T15:13:07Z,,,,,,,,CALCULATED
2013-05-12T09:20:00Z,2013-05-12T15:23:07Z,,,,,,,,CALCULATED
2013-05-12T09:30:00Z,2013-05-12T15:33:07Z,,,,,,,,CALCULATED
2013-05-12T09:40:00Z,2013-05-12T15:43:07Z,,,,,,,,CALCULATED
2013-05-12T09:50:00Z,2013-05-12T15:53:07Z,,,,,,,,CALCULATED
2013-05-12T10:00:00Z,2013-05-12T16:03:07Z,,,,,,,,CALCULATED
2013-05-12T10:10:00Z,2013-05-12T16:13:07Z,,,,,,,,CALCULATED
2013-05-12T10:20:00Z,2013-05-12T16:23:07Z,,,,,,,,CALCULATED
2013-05-12T10:30:00Z,2013-05-12T16:33:07Z,,,,,,,,CALCULATED
2013-05-12T10:40:00Z,2013-05-12T16:43:07Z,,,,,,,,CALCULATED
2013-05-12T10:50:00Z,2013-05-12T16:53:07Z,,,,,,,,CALCULATED
2013-05-12T11:00:00Z,2013-05-12T17:03:07Z,,,,,,,,CALCULATED
2013-05-12T11:10:00Z,2013-05-12T17:13:07Z,,,,,,,,CALCULATED
2013-05-12T11:20:00Z,2013-05-12T17:23:07Z,,,,,,,,CALCULATED
2013-05-12T11:30:00Z,2013-05-12T17:33:07Z,,,,,,,,CALCULATED
2013-05-12T11:40:00Z,2013-05-12T17:43:07Z,,,,,,,,CALCULATED
2013-05-12T11:50:00Z,2013-05-12T17:53:07Z,,,,,,,,CALCULATED
2013-05-12T12:00:00Z,2013-05-12T18:03:07Z,,,,,,,,CALCULATED
2013-05-12T12:10:00Z,2013-05-12T18:13:07Z,,,,,,,,CALCULATED
2013-05-12T12:20:00Z,2013-05-12T18:23:07Z,,,,,,,,CALCULATED
2013-05-12T12:30:00Z,2013-05-12T18:33:07Z,,,,,,,,CALCULATED
2013-05-12T12:40:00Z,2013-05-12T18:43:07Z,,,,,,,,CALCULATED
2013-05-12T12:50:00Z,2013-05-12T18:53:07Z,,,,,,,,CALCULATED
2013-05-12T13:00:00Z,2013-05-12T19:03:07Z,,,,,,,,CALCULATED
2013-05-12T13:10:00Z,2013-05-12T19:13:07Z,,,,,,,,CALCULATED
2013-05-12T13:20:00Z,2013-05-12T19:23:07Z,,,,,,,,CALCULATED
2013-05-12T13:30:00Z,2013-05-12T19:33:07Z,,,,,,,,CALCULATED
2013-05-12T13:40:00Z,2013-05-12T19:43:07Z,,,,,,,,CALCULATED
2013-05-12T13:50:00Z,2013-05-12T19:53:07Z,,,,,,,,CALCULATED
2013-05-12T14:00:00Z,2013-05-12T20:03:07Z,,,,,,,,CALCULATED
2013-05-12T14:10:00Z,2013-05-12T20:13:07Z,,,,,,,,CALCULATED
2013-05-12T14:20:00Z,2013-05-12T20:23:07Z,,,,,,,,CALCULATED
2013-05-12T14:30:00Z,2013-05-12T20:33:07Z,,,,,,,,CALCULATED
2013-05-12T14:40:00Z,2013-05-12T20:43:07Z,,,,,,,,CALCULATED
2013-05-12T14:50:00Z,2013-05-12T20:53:07Z,,,,,,,,CALCULATED
2013-05-12T15:00:00Z,2013-05-12T21:03:07Z,,,,,,,,CALCULATED
2013-05-12T15:10:00Z,2013-05-12T21:13:07Z,,,,,,,,CALCULATED
2013-05-12T15:20:00Z,2013-05-12T21:23:07Z,,,,,,,,CALCULATED
2013-05-12T15:30:00Z,2013-05-12T21:33:07Z,,,,,,,,CALCULATED
2013-05-12T15:40:00Z,2013-05-12T21:43:07Z,,,,,,,,CALCULATED
2013-05-12T15:50:00Z,2013-05-12T21:53:07Z,,,,,,,,CALCULATED
2013-05-12T16:00:00Z,2013-05-12T22:03:07Z,,,,,,,,CALCULATED
2013-05-12T16:10:00Z,2013-05-12T22:13:07Z,,,,,,,,CALCULATED
2013-05-12T16:20:00Z,2013-05-12T22:23:07Z,,,,,,,,CALCULATED
2013-05-12T16:30:00Z,2013-05-12T22:33:07Z,,,,,,,,CALCULATED
2013-05-12T16:40:00Z,2013-05-12T22:43:07Z,,,,,,,,CALCULATED
2013-05-12T16:50:00Z,2013-05-12T22:53:07Z,,,,,,,,CALCULATED
2013-05-12T17:00:00Z,2013-05-12T23:03:07Z,,,,,,,,CALCULATED
2013-05-12T17:10:00Z,2013-05-12T23:13:07Z,,,,,,,,CALCULATED
2013-05-12T17:20:00Z,2013-05-12T23:23:07Z,,,,,,,,CALCULATED
2013-05-12T17:30:00Z,2013-05-12T23:33:07Z,,,,,,,,CALCULATED
2013-05-12T17:40:00Z,2013-05-12T23:43:07Z,,,,,,,,CALCULATED
2013-05-12T17:50:00Z,2013-05-12T23:53:07Z,,,,,,,,CALCULATED
2013-05-12T18:00:00Z,2013-05-13T00:03:07Z,,,,,,,,CALCULATED
2013-05-12T18:10:00Z,2013-05-13T00:13:06Z,,,,,,,,CALCULATED
2013-05-12T18:20:00Z,2013-05-13T00:23:06Z,,,,,,,,CALCULATED
2013-05-12T18:30:00Z,2013-05-13T00:33:06Z,,,,,,,,CALCULATED
2013-05-12T18:40:00Z,2013-05-13T00:43:06Z,,,,,,,,CALCULATED
2013-05-12T18:50:00Z,2013-05-13T00:53:06Z,,,,,,,,CALCULATED
2013-05-12T19:00:00Z,2013-05-13T01:03:06Z,,,,,,,,CALCULATED
2013-05-12T19:10:00Z,2013-05-13T01:13:06Z,,,,,,,,CALCULATED
2013-05-12T19:20:00Z,2013-05-13T01:23:06Z,,,,,,,,CALCULATED
2013-05-12T19:30:00Z,2013-05-13T01:33:06Z,,,,,,,,CALCULATED
2013-05-12T19:40:00Z,2013-05-13T01:43:06Z,,,,,,,,CALCULATED
2013-05-12T19:50:00Z,2013-05-13T01:53:06Z,,,,,,,,CALCULATED
2013-05-12T20:00:00Z,2013-05-13T02:03:06Z,,,,,,,,CALCULATED
2013-05-12T20:10:00Z,2013-05-13T02:13:06Z,,,,,,,,CALCULATED
2013-05-12T20:20:00Z,2013-05-13T02:23:06Z,,,,,,,,CALCULATED
2013-05-12T20:30:00Z,2013-05-13T02:33:06Z,,,,,,,,CALCULATED
2013-05-12T20:40:00Z,2013-05-13T02:43:06Z,,,,,,,,CALCULATED
2013-05-12T20:50:00Z,2013-05-13T02:53:06Z,,,,,,,,CALCULATED
2013-05-12T21:00:00Z,2013-05-13T03:03:06Z,,,,,,,,CALCULATED
2013-05-12T21:10:00Z,2013-05-13T03:13:06Z,,,,,,,,CALCULATED
2013-05-12T21:20:00Z,2013-05-13T03:23:06Z,,,,,,,,CALCULATED
2013-05-12T21:30:00Z,2013-05-13T03:33:06Z,,,,,,,,CALCULATED
2013-05-12T21:40:00Z,2013-05-13T03:43:06Z,,,,,,,,CALCULATED
2013-05-12T21:50:00Z,2013-05-13T03:53:06Z,,,,,,,,CALCULATED
2013-05-12T22:00:00Z,2013-05-13T04:03:06Z,,,,,,,,CALCULATED
2013-05-12T22:10:00Z,2013-05-13T04:13:06Z,,,,,,,,CALCULATED
2013-05-12T22:20:00Z,2013-05-13T04:23:06Z,,,,,,,,CALCULATED
2013-05-12T22:30:00Z,2013-05-13T04:33:06Z,,,,,,,,CALCULATED
2013-05-12T22:40:00Z,2013-05-13T04:43:06Z,,,,,,,,CALCULATED
2013-05-12T22:50:00Z,2013-05-13T04:53:06Z,,,,,,,,CALCULATED
2013-05-12T23:00:00Z,2013-05-13T05:03:06Z,,,,,,,,CALCULATED
2013-05-12T23:10:00Z,2013-05-13T05:13:06Z,,,,,,,,CALCULATED
2013-05-12T23:20:00Z,2013-05-13T05:23:06Z,,,,,,,,CALCULATED
2013-05-12T23:30:00Z,2013-05-13T05:33:06Z,,,,,,,,CALCULATED
2013-05-12T23:40:00Z,2013-05-13T05:43:06Z,,,,,,,,CALCULATED
2013-05-12T23:50:00Z,2013-05-13T05:53:06Z,,,,,,,,CALCULATED
2013-05-13T00:00:00Z,2013-05-13T06:03:06Z,,,,,,,,CALCULATED
2013-05-13T00:10:00Z,2013-05-13T06:13:06Z,,,,,,,,CALCULATED
2013-05-13T00:20:00Z,2013-05-13T06:23:06Z,,,,,,,,CALCULATED
2013-05-13T00:30:00Z,2013-05-13T06:33:06Z,,,,,,,,CALCULATED
2013-05-13T00:40:00Z,2013-05-13T06:43:06Z,,,,,,,,CALCULATED
2013-05-13T00:50:00Z,2013-05-13T06:53:06Z,,,,,,,,CALCULATED
2013-05-13T01:00:00Z,2013-05-13T07:03:06Z,,,,,,,,CALCULATED
2013-05-13T01:10:00Z,2013-05-13T07:13:06Z,,,,,,,,CALCULATED
2013-05-13T01:20:00Z,2013-05-13T07:23:06Z,,,,,,,,CALCULATED
2013-05-13T01:30:00Z,2013-05-13T07:33:06Z,,,,,,,,CALCULATED
2013-05-13T01:40:00Z,2013-05-13T07:43:06Z,,,,,,,,CALCULATED
2013-05-13T01:50:00Z,2013-05-13T07:53:06Z,,,,,,,,CALCULATED
2013-05-13T02:00:00Z,2013-05-13T08:03:06Z,,,,,,,,CALCULATED
2013-05-13T02:10:00Z,2013-05-13T08:13:06Z,,,,,,,,CALCULATED
2013-05-13T02:20:00Z,2013-05-13T08:23:06Z,,,,,,,,CALCULATED
2013-05-13T02:30:00Z,2013-05-13T08:33:06Z,,,,,,,,CALCULATED
2013-05-13T02:40:00Z,2013-05-13T08:43:06Z,,,,,,,,CALCULATED
2013-05-13T02:50:00Z,2013-05-13T08:53:06Z,,,,,,,,CALCULATED
2013-05-13T03:00:00Z,2013-05-13T09:03:06Z,,,,,,,,CALCULATED
2013-05-13T03:10:00Z,2013-05-13T09:13:06Z,,,,,,,,CALCULATED
2013-05-13T03:20:00Z,2013-05-13T09:23:06Z,,,,,,,,CALCULATED
2013-05-13T03:30:00Z,2013-05-13T09:33:06Z,,,,,,,,CALCULATED
2013-05-13T03:40:00Z,2013-05-13T09:43:06Z,,,,,,,,CALCULATED
2013-05-13T03:50:00Z,2013-05-13T09:53:06Z,,,,,,,,CALCULATED
2013-05-13T04:00:00Z,2013-05-13T10:03:06Z,,,,,,,,CALCULATED
2013-05-13T04:10:00Z,2013-05-13T10:13:06Z,,,,,,,,CALCULATED
2013-05-13T04:20:00Z,2013-05-13T10:23:06Z,,,,,,,,CALCULATED
2013-05-13T04:30:00Z,2013-05-13T10:33:06Z,,,,,,,,CALCULATED
2013-05-13T04:40:00Z,2013-05-13T10:43:06Z,,,,,,,,CALCULATED
2013-05-13T04:50:00Z,2013-05-13T10:53:06Z,,,,,,,,CALCULATED
2013-05-13T05:00:00Z,2013-05-13T11:03:06Z,,,,,,,,CALCULATED
2013-05-13T05:10:00Z,2013-05-13T11:13:06Z,,,,,,,,CALCULATED
2013-05-13T05:20:00Z,2013-05-13T11:23:06Z,,,,,,,,CALCULATED
2013-05-13T05:30:00Z,2013-05-13T11:33:06Z,,,,,,,,CALCULATED
2013-05-13T05:40:00Z,2013-05-13T11:43:06Z,,,,,,,,CALCULATED
2013-05-13T05:50:00Z,2013-05-13T11:53:06Z,,,,,,,,CALCULATED
2013-05-13T06:00:00Z,2013-05-13T12:03:06Z,,,,,,,,CALCULATED
2013-05-13T06:10:00Z,2013-05-13T12:13:06Z,,,,,,,,CALCULATED
2013-05-13T06:20:00Z,2013-05-13T12:23:06Z,,,,,,,,CALCULATED
2013-05-13T06:30:00Z,2013-05-13T12:33:06Z,,,,,,,,CALCULATED
2013-05-13T06:40:00Z,2013-05-13T12:43:06Z,,,,,,,,CALCULATED
2013-05-13T06:50:00Z,2013-05-13T12:53:06Z,,,,,,,,CALCULATED
2013-05-13T07:00:00Z,2013-05-13T13:03:06Z,,,,,,,,CALCULATED
2013-05-13T07:10:00Z,2013-05-13T13:13:06Z,,,,,,,,CALCULATED
2013-05-13T07:20:00Z,2013-05-13T13:23:06Z,,,,,,,,CALCULATED
2013-05-13T07:30:00Z,2013-05-13T13:33:06Z,,,,,,,,CALCULATED
2013-05-13T07:40:00Z,2013-05-13T13:43:06Z,,,,,,,,CALCULATED
2013-05-13T07:50:00Z,2013-05-13T13:53:06Z,,,,,,,,CALCULATED
2013-05-13T08:00:00Z,2013-05-13T14:03:06Z,,,,,,,,CALCULATED
2013-05-13T08:10:00Z,2013-05-13T14:13:06Z,,,,,,,,CALCULATED
2013-05-13T08:20:00Z,2013-05-13T14:23:06Z,,,,,,,,CALCULATED
2013-05-13T08:30:00Z,2013-05-13T14:33:06Z,,,,,,,,CALCULATED
2013-05-13T08:40:00Z,2013-05-13T14:43:06Z,,,,,,,,CALCULATED
2013-05-13T08:50:00Z,2013-05-13T14:53:06Z,,,,,,,,CALCULATED
2013-05-13T09:00:00Z,2013-05-13T15:03:06Z,,,,,,,,CALCULATED
2013-05-13T09:10:00Z,2013-05-13T15:13:06Z,,,,,,,,CALCULATED
2013-05-13T09:20:00Z,2013-05-13T15:23:06Z,,,,,,,,CALCULATED
2013-05-13T09:30:00Z,2013-05-13T15:33:06Z,,,,,,,,CALCULATED
2013-05-13T09:40:00Z,2013-05-13T15:43:06Z,,,,,,,,CALCULATED
2013-05-13T09:50:00Z,2013-05-13T15:53:06Z,,,,,,,,CALCULATED
2013-05-13T10:00:00Z,2013-05-13T16:03:06Z,,,,,,,,CALCULATED
2013-05-13T10:10:00Z,2013-05-13T16:13:06Z,,,,,,,,CALCULATED
2013-05-13T10:20:00Z,2013-05-13T16:23:06Z,,,,,,,,CALCULATED
2013-05-13T10:30:00Z,2013-05-13T16:33:06Z,,,,,,,,CALCULATED
2013-05-13T10:40:00Z,2013-05-13T16:43:06Z,,,,,,,,CALCULATED
2013-05-13T10:50:00Z,2013-05-13T16:53:06Z,,,,,,,,CALCULATED
2013-05-13T11:00:00Z,2013-05-13T17:03:06Z,,,,,,,,CALCULATED
2013-05-13T11:10:00Z,2013-05-13T17:13:06Z,,,,,,,,CALCULATED
2013-05-13T11:20:00Z,2013-05-13T17:23:06Z,,,,,,,,CALCULATED
2013-05-13T11:30:00Z,2013-05-13T17:33:06Z,,,,,,,,CALCULATED
2013-05-13T11:40:00Z,2013-05-13T17:43:06Z,,,,,,,,CALCULATED
2013-05-13T11:50:00Z,2013-05-13T17:53:06Z,,,,,,,,CALCULATED
2013-05-13T12:00:00Z,2013-05-13T18:03:06Z,,,,,,,,CALCULATED
2013-05-13T12:10:00Z,2013-05-13T18:13:06Z,,,,,,,,CALCULATED
2013-05-13T12:20:00Z,2013-05-13T18:23:06Z,,,,,,,,CALCULATED
2013-05-13T12:30:00Z,2013-05-13T18:33:06Z,,,,,,,,CALCULATED
2013-05-13T12:40:00Z,2013-05-13T18:43:06Z,,,,,,,,CALCULATED
2013-05-13T12:50:00Z,2013-05-13T18:53:06Z,,,,,,,,CALCULATED
2013-05-13T13:00:00Z,2013-05-13T19:03:06Z,,,,,,,,CALCULATED
2013-05-13T13:10:00Z,2013-05-13T19:13:06Z,,,,,,,,CALCULATED
2013-05-13T13:20:00Z,2013-05-13T19:23:06Z,,,,,,,,CALCULATED
2013-05-13T13:30:00Z,2013-05-13T19:33:06Z,,,,,,,,CALCULATED
2013-05-13T13:40:00Z,2013-05-13T19:43:06Z,,,,,,,,CALCULATED
2013-05-13T13:50:00Z,2013-05-13T19:53:06Z,,,,,,,,CALCULATED
2013-05-13T14:00:00Z,2013-05-13T20:03:06Z,,,,,,,,CALCULATED
2013-05-13T14:10:00Z,2013-05-13T20:13:06Z,,,,,,,,CALCULATED
2013-05-13T14:20:00Z,2013-05-13T20:23:06Z,,,,,,,,CALCULATED
2013-05-13T14:30:00Z,2013-05-13T20:33:06Z,,,,,,,,CALCULATED
2013-05-13T14:40:00Z,2013-05-13T20:43:06Z,,,,,,,,CALCULATED
2013-05-13T14:50:00Z,2013-05-13T20:53:06Z,,,,,,,,CALCULATED
2013-05-13T15:00:00Z,2013-05-13T21:03:06Z,,,,,,,,CALCULATED
2013-05-13T15:10:00Z,2013-05-13T21:13:06Z,,,,,,,,CALCULATED
2013-05-13T15:20:00Z,2013-05-13T21:23:06Z,,,,,,,,CALCULATED
2013-05-13T15:30:00Z,2013-05-13T21:33:06Z,,,,,,,,CALCULATED
2013-05-13T15:40:00Z,2013-05-13T21:43:06Z,,,,,,,,CALCULATED
2013-05-13T15:50:00Z,2013-05-13T21:53:06Z,,,,,,,,CALCULATED
2013-05-13T16:00:00Z,2013-05-13T22:03:06Z,,,,,,,,CALCULATED
2013-05-13T16:10:00Z,2013-05-13T22:13:06Z,,,,,,,,CALCULATED
2013-05-13T16:20:00Z,2013-05-13T22:23:06Z,,,,,,,,CALCULATED
2013-05-13T16:30:00Z,2013-05-13T22:33:06Z,,,,,,,,CALCULATED
2013-05-13T16:40:00Z,2013-05-13T22:43:06Z,,,,,,,,CALCULATED
2013-05-13T16:50:00Z,2013-05-13T22:53:06Z,,,,,,,,CALCULATED
2013-05-13T17:00:00Z,2013-05-13T23:03:06Z,,,,,,,,CALCULATED
2013-05-13T17:10:00Z,2013-05-13T23:13:06Z,,,,,,,,CALCULATED
2013-05-13T17:20:00Z,2013-05-13T23:23:06Z,,,,,,,,CALCULATED
2013-05-13T17:30:00Z,2013-05-13T23:33:06Z,,,,,,,,CALCULATED
2013-05-13T17:40:00Z,2013-05-13T23:43:06Z,,,,,,,,CALCULATED
2013-05-13T17:50:00Z,2013-05-13T23:53:06Z,,,,,,,,CALCULATED
2013-05-13T18:00:00Z,2013-05-14T00:03:06Z,,,,,,,,CALCULATED
2013-05-13T18:10:00Z,2013-05-14T00:13:05Z,,,,,,,,CALCULATED
2013-05-13T18:20:00Z,2013-05-14T00:23:05Z,,,,,,,,CALCULATED
2013-05-13T18:30:00Z,2013-05-14T00:33:05Z,,,,,,,,CALCULATED
2013-05-13T18:40:00Z,2013-05-14T00:43:05Z,,,,,,,,CALCULATED
2013-05-13T18:50:00Z,2013-05-14T00:53:05Z,,,,,,,,CALCULATED
2013-05-13T19:00:00Z,2013-05-14T01:03:05Z,,,,,,,,CALCULATED
2013-05-13T19:10:00Z,2013-05-14T01:13:05Z,,,,,,,,CALCULATED
2013-05-13T19:20:00Z,2013-05-14T01:23:05Z,,,,,,,,CALCULATED
2013-05-13T19:30:00Z,2013-05-14T01:33:05Z,,,,,,,,CALCULATED
2013-05-13T19:40:00Z,2013-05-14T01:43:05Z,,,,,,,,CALCULATED
2013-05-13T19:50:00Z,2013-05-14T01:53:05Z,,,,,,,,CALCULATED
2013-05-13T20:00:00Z,2013-05-14T02:03:05Z,,,,,,,,CALCULATED
2013-05-13T20:10:00Z,2013-05-14T02:13:05Z,,,,,,,,CALCULATED
2013-05-13T20:20:00Z,2013-05-14T02:23:05Z,,,,,,,,CALCULATED
2013-05-13T20:30:00Z,2013-05-14T02:33:05Z,,,,,,,,CALCULATED
2013-05-13T20:40:00Z,2013-05-14T02:43:05Z,,,,,,,,CALCULATED
2013-05-13T20:50:00Z,2013-05-14T02:53:05Z,,,,,,,,CALCULATED
2013-05-13T21:00:00Z,2013-05-14T03:03:05Z,,,,,,,,CALCULATED
2013-05-13T21:10:00Z,2013-05-14T03:13:05Z,,,,,,,,CALCULATED
2013-05-13T21:20:00Z,2013-05-14T03:23:05Z,,,,,,,,CALCULATED
2013-05-13T21:30:00Z,2013-05-14T03:33:05Z,,,,,,,,CALCULATED
2013-05-13T21:40:00Z,2013-05-14T03:43:05Z,,,,,,,,CALCULATED
2013-05-13T21:50:00Z,2013-05-14T03:53:05Z,,,,,,,,CALCULATED
2013-05-13T22:00:00Z,2013-05-14T04:03:05Z,,,,,,,,CALCULATED
2013-05-13T22:10:00Z,2013-05-14T04:13:05Z,,,,,,,,CALCULATED
2013-05-13T22:20:00Z,2013-05-14T04:23:05Z,,,,,,,,CALCULATED
2013-05-13T22:30:00Z,2013-05-14T04:33:05Z,,,,,,,,CALCULATED
2013-05-13T22:40:00Z,2013-05-14T04:43:05Z,,,,,,,,CALCULATED
2013-05-13T22:50:00Z,2013-05-14T04:53:05Z,,,,,,,,CALCULATED
2013-05-13T23:00:00Z,2013-05-14T05:03:05Z,,,,,,,,CALCULATED
2013-05-13T23:10:00Z,2013-05-14T05:13:05Z,,,,,,,,CALCULATED
2013-05-13T23:20:00Z,2013-05-14T05:23:05Z,,,,,,,,CALCULATED
2013-05-13T23:30:00Z,2013-05-14T05:33:05Z,,,,,,,,CALCULATED
2013-05-13T23:40:00Z,2013-05-14T05:43:05Z,,,,,,,,CALCULATED
2013-05-13T23:50:00Z,2013-05-14T05:53:05Z,,,,,,,,CALCULATED
2013-05-14T00:00:00Z,2013-05-14T06:03:05Z,,,,,,,,CALCULATED
2013-05-14T00:10:00Z,2013-05-14T06:13:05Z,,,,,,,,CALCULATED
2013-05-14T00:20:00Z,2013-05-14T06:23:05Z,,,,,,,,CALCULATED
2013-05-14T00:30:00Z,2013-05-14T06:33:05Z,,,,,,,,CALCULATED
2013-05-14T00:40:00Z,2013-05-14T06:43:05Z,,,,,,,,CALCULATED
2013-05-14T00:50:00Z,2013-05-14T06:53:05Z,,,,,,,,CALCULATED
2013-05-14T01:00:00Z,2013-05-14T07:03:05Z,,,,,,,,CALCULATED
2013-05-14T01:10:00Z,2013-05-14T07:13:05Z,,,,,,,,CALCULATED
2013-05-14T01:20:00Z,2013-05-14T07:23:05Z,,,,,,,,CALCULATED
2013-05-14T01:30:00Z,2013-05-14T07:33:05Z,,,,,,,,CALCULATED
2013-05-14T01:40:00Z,2013-05-14T07:43:05Z,,,,,,,,CALCULATED
2013-05-14T01:50:00Z,2013-05-14T07:53:05Z,,,,,,,,CALCULATED
2013-05-14T02:00:00Z,2013-05-14T08:03:05Z,,,,,,,,CALCULATED
2013-05-14T02:10:00Z,2013-05-14T08:13:05Z,,,,,,,,CALCULATED
2013-05-14T02:20:00Z,2013-05-14T08:23:05Z,,,,,,,,CALCULATED
2013-05-14T02:30:00Z,2013-05-14T08:33:05Z,,,,,,,,CALCULATED
2013-05-14T02:40:00Z,2013-05-14T08:43:05Z,,,,,,,,CALCULATED
2013-05-14T02:50:00Z,2013-05-14T08:53:05Z,,,,,,,,CALCULATED
2013-05-14T03:00:00Z,2013-05-14T09:03:05Z,,,,,,,,CALCULATED
2013-05-14T03:10:00Z,2013-05-14T09:13:05Z,,,,,,,,CALCULATED
2013-05-14T03:20:00Z,2013-05-14T09:23:05Z,,,,,,,,CALCULATED
2013-05-14T03:30:00Z,2013-05-14T09:33:05Z,,,,,,,,CALCULATED
2013-05-14T03:40:00Z,2013-05-14T09:43:05Z,,,,,,,,CALCULATED
2013-05-14T03:50:00Z,2013-05-14T09:53:05Z,,,,,,,,CALCULATED
2013-05-14T04:00:00Z,2013-05-14T10:03:05Z,,,,,,,,CALCULATED
2013-05-14T04:10:00Z,2013-05-14T10:13:05Z,,,,,,,,CALCULATED
2013-05-14T04:20:00Z,2013-05-14T10:23:05Z,,,,,,,,CALCULATED
2013-05-14T04:30:00Z,2013-05-14T10:33:05Z,,,,,,,,CALCULATED
2013-05-14T04:40:00Z,2013-05-14T10:43:05Z,,,,,,,,CALCULATED
2013-05-14T04:50:00Z,2013-05-14T10:53:05Z,,,,,,,,CALCULATED
2013-05-14T05:00:00Z,2013-05-14T11:03:05Z,,,,,,,,CALCULATED
2013-05-14T05:10:00Z,2013-05-14T11:13:05Z,,,,,,,,CALCULATED
2013-05-14T05:20:00Z,2013-05-14T11:23:05Z,,,,,,,,CALCULATED
2013-05-14T05:30:00Z,2013-05-14T11:33:05Z,,,,,,,,CALCULATED
2013-05-14T05:40:00Z,2013-05-14T11:43:05Z,,,,,,,,CALCULATED
2013-05-14T05:50:00Z,2013-05-14T11:53:05Z,,,,,,,,CALCULATED
2013-05-14T06:00:00Z,2013-05-14T12:03:05Z,,,,,,,,CALCULATED
2013-05-14T06:10:00Z,2013-05-14T12:13:05Z,,,,,,,,CALCULATED
2013-05-14T06:20:00Z,2013-05-14T12:23:05Z,,,,,,,,CALCULATED
2013-05-14T06:30:00Z,2013-05-14T12:33:05Z,,,,,,,,CALCULATED
2013-05-14T06:40:00Z,2013-05-14T12:43:05Z,,,,,,,,CALCULATED
2013-05-14T06:50:00Z,2013-05-14T12:53:05Z,,,,,,,,CALCULATED
2013-05-14T07:00:00Z,2013-05-14T13:03:05Z,,,,,,,,CALCULATED
2013-05-14T07:10:00Z,2013-05-14T13:13:05Z,,,,,,,,CALCULATED
2013-05-14T07:20:00Z,2013-05-14T13:23:05Z,,,,,,,,CALCULATED
2013-05-14T07:30:00Z,2013-05-14T13:33:05Z,,,,,,,,CALCULATED
2013-05-14T07:40:00Z,2013-05-14T13:43:05Z,,,,,,,,CALCULATED
2013-05-14T07:50:00Z,2013-05-14T13:53:05Z,,,,,,,,CALCULATED
2013-05-14T08:00:00Z,2013-05-14T14:03:05Z,,,,,,,,CALCULATED
2013-05-14T08:10:00Z,2013-05-14T14:13:05Z,,,,,,,,CALCULATED
2013-05-14T08:20:00Z,2013-05-14T14:23:05Z,,,,,,,,CALCULATED
2013-05-14T08:30:00Z,2013-05-14T14:33:05Z,,,,,,,,CALCULATED
2013-05-14T08:40:00Z,2013-05-14T14:43:05Z,,,,,,,,CALCULATED
2013-05-14T08:50:00Z,2013-05-14T14:53:05Z,,,,,,,,CALCULATED
2013-05-14T09:00:00Z,2013-05-14T15:03:05Z,,,,,,,,CALCULATED
2013-05-14T09:10:00Z,2013-05-14T15:13:05Z,,,,,,,,CALCULATED
2013-05-14T09:20:00Z,2013-05-14T15:23:05Z,,,,,,,,CALCULATED
2013-05-14T09:30:00Z,2013-05-14T15:33:05Z,,,,,,,,CALCULATED
2013-05-14T09:40:00Z,2013-05-14T15:43:05Z,,,,,,,,CALCULATED
2013-05-14T09:50:00Z,2013-05-14T15:53:05Z,,,,,,,,CALCULATED
2013-05-14T10:00:00Z,2013-05-14T16:03:05Z,,,,,,,,CALCULATED
2013-05-14T10:10:00Z,2013-05-14T16:13:05Z,,,,,,,,CALCULATED
2013-05-14T10:20:00Z,2013-05-14T16:23:05Z,,,,,,,,CALCULATED
2013-05-14T10:30:00Z,2013-05-14T16:33:05Z,,,,,,,,CALCULATED
2013-05-14T10:40:00Z,2013-05-14T16:43:05Z,,,,,,,,CALCULATED
2013-05-14T10:50:00Z,2013-05-14T16:53:05Z,,,,,,,,CALCULATED
2013-05-14T11:00:00Z,2013-05-14T17:03:05Z,,,,,,,,CALCULATED
2013-05-14T11:10:00Z,2013-05-14T17:13:05Z,,,,,,,,CALCULATED
2013-05-14T11:20:00Z,2013-05-14T17:23:05Z,,,,,,,,CALCULATED
2013-05-14T11:30:00Z,2013-05-14T17:33:05Z,,,,,,,,CALCULATED
2013-05-14T11:40:00Z,2013-05-14T17:43:05Z,,,,,,,,CALCULATED
2013-05-14T11:50:00Z,2013-05-14T17:53:05Z,,,,,,,,CALCULATED
2013-05-14T12:00:00Z,2013-05-14T18:03:05Z,,,,,,,,CALCULATED
2013-05-14T12:10:00Z,2013-05-14T18:13:05Z,,,,,,,,CALCULATED
2013-05-14T12:20:00Z,2013-05-14T18:23:05Z,,,,,,,,CALCULATED
2013-05-14T12:30:00Z,2013-05-14T18:33:05Z,,,,,,,,CALCULATED
2013-05-14T12:40:00Z,2013-05-14T18:43:05Z,,,,,,,,CALCULATED
2013-05-14T12:50:00Z,2013-05-14T18:53:05Z,,,,,,,,CALCULATED
2013-05-14T13:00:00Z,2013-05-14T19:03:05Z,,,,,,,,CALCULATED
2013-05-14T13:10:00Z,2013-05-14T19:13:05Z,,,,,,,,CALCULATED
2013-05-14T13:20:00Z,2013-05-14T19:23:05Z,,,,,,,,CALCULATED
2013-05-14T13:30:00Z,2013-05-14T19:33:05Z,,,,,,,,CALCULATED
2013-05-14T13:40:00Z,2013-05-14T19:43:05Z,,,,,,,,CALCULATED
2013-05-14T13:50:00Z,2013-05-14T19:53:05Z,,,,,,,,CALCULATED
2013-05-14T14:00:00Z,2013-05-14T20:03:05Z,,,,,,,,CALCULATED
2013-05-14T14:10:00Z,2013-05-14T20:13:05Z,,,,,,,,CALCULATED
2013-05-14T14:20:00Z,2013-05-14T20:23:05Z,,,,,,,,CALCULATED
2013-05-14T14:30:00Z,2013-05-14T20:33:05Z,,,,,,,,CALCULATED
2013-05-14T14:40:00Z,2013-05-14T20:43:05Z,,,,,,,,CALCULATED
2013-05-14T14:50:00Z,2013-05-14T20:53:05Z,,,,,,,,CALCULATED
2013-05-14T15:00:00Z,2013-05-14T21:03:05Z,,,,,,,,CALCULATED
2013-05-14T15:10:00Z,2013-05-14T21:13:05Z,,,,,,,,CALCULATED
2013-05-14T15:20:00Z,2013-05-14T21:23:05Z,,,,,,,,CALCULATED
2013-05-14T15:30:00Z,2013-05-14T21:33:05Z,,,,,,,,CALCULATED
2013-05-14T15:40:00Z,2013-05-14T21:43:05Z,,,,,,,,CALCULATED
2013-05-14T15:50:00Z,2013-05-14T21:53:05Z,,,,,,,,CALCULATED
2013-05-14T16:00:00Z,2013-05-14T22:03:05Z,,,,,,,,CALCULATED
2013-05-14T16:10:00Z,2013-05-14T22:13:05Z,,,,,,,,CALCULATED
2013-05-14T16:20:00Z,2013-05-14T22:23:05Z,,,,,,,,CALCULATED
2013-05-14T16:30:00Z,2013-05-14T22:33:05Z,,,,,,,,CALCULATED
2013-05-14T16:40:00Z,2013-05-14T22:43:05Z,,,,,,,,CALCULATED
2013-05-14T16:50:00Z,2013-05-14T22:53:05Z,,,,,,,,CALCULATED
2013-05-14T17:00:00Z,2013-05-14T23:03:05Z,,,,,,,,CALCULATED
2013-05-14T17:10:00Z,2013-05-14T23:13:05Z,,,,,,,,CALCULATED
2013-05-14T17:20:00Z,2013-05-14T23:23:05Z,,,,,,,,CALCULATED
2013-05-14T17:30:00Z,2013-05-14T23:33:05Z,,,,,,,,CALCULATED
2013-05-14T17:40:00Z,2013-05-14T23:43:05Z,,,,,,,,CALCULATED
2013-05-14T17:50:00Z,2013-05-14T23:53:05Z,,,,,,,,CALCULATED
2013-05-14T18:00:00Z,2013-05-15T00:03:05Z,,,,,,,,CALCULATED
2013-05-14T18:10:00Z,2013-05-15T00:13:04Z,,,,,,,,CALCULATED
2013-05-14T18:20:00Z,2013-05-15T00:23:04Z,,,,,,,,CALCULATED
2013-05-14T18:30:00Z,2013-05-15T00:33:04Z,,,,,,,,CALCULATED
2013-05-14T18:40:00Z,2013-05-15T00:43:04Z,,,,,,,,CALCULATED
2013-05-14T18:50:00Z,2013-05-15T00:53:04Z,,,,,,,,CALCULATED
2013-05-14T19:00:00Z,2013-05-15T01:03:04Z,,,,,,,,CALCULATED
2013-05-14T19:10:00Z,2013-05-15T01:13:04Z,,,,,,,,CALCULATED
2013-05-14T19:20:00Z,2013-05-15T01:23:04Z,,,,,,,,CALCULATED
2013-05-14T19:30:00Z,2013-05-15T01:33:04Z,,,,,,,,CALCULATED
2013-05-14T19:40:00Z,2013-05-15T01:43:04Z,,,,,,,,CALCULATED
2013-05-14T19:50:00Z,2013-05-15T01:53:04Z,,,,,,,,CALCULATED
2013-05-14T20:00:00Z,2013-05-15T02:03:04Z,,,,,,,,CALCULATED
2013-05-14T20:10:00Z,2013-05-15T02:13:04Z,,,,,,,,CALCULATED
2013-05-14T20:20:00Z,2013-05-15T02:23:04Z,,,,,,,,CALCULATED
2013-05-14T20:30:00Z,2013-05-15T02:33:04Z,,,,,,,,CALCULATED
2013-05-14T20:40:00Z,2013-05-15T02:43:04Z,,,,,,,,CALCULATED
2013-05-14T20:50:00Z,2013-05-15T02:53:04Z,,,,,,,,CALCULATED
2013-05-14T21:00:00Z,2013-05-15T03:03:04Z,,,,,,,,CALCULATED
2013-05-14T21:10:00Z,2013-05-15T03:13:04Z,,,,,,,,CALCULATED
2013-05-14T21:20:00Z,2013-05-15T03:23:04Z,,,,,,,,CALCULATED
2013-05-14T21:30:00Z,2013-05-15T03:33:04Z,,,,,,,,CALCULATED
2013-05-14T21:40:00Z,2013-05-15T03:43:04Z,,,,,,,,CALCULATED
2013-05-14T21:50:00Z,2013-05-15T03:53:04Z,,,,,,,,CALCULATED
2013-05-14T22:00:00Z,2013-05-15T04:03:04Z,,,,,,,,CALCULATED
2013-05-14T22:10:00Z,2013-05-15T04:13:04Z,,,,,,,,CALCULATED
2013-05-14T22:20:00Z,2013-05-15T04:23:04Z,,,,,,,,CALCULATED
2013-05-14T22:30:00Z,2013-05-15T04:33:04Z,,,,,,,,CALCULATED
2013-05-14T22:40:00Z,2013-05-15T04:43:04Z,,,,,,,,CALCULATED
2013-05-14T22:50:00Z,2013-05-15T04:53:04Z,,,,,,,,CALCULATED
2013-05-14T23:00:00Z,2013-05-15T05:03:04Z,,,,,,,,CALCULATED
2013-05-14T23:10:00Z,2013-05-15T05:13:04Z,,,,,,,,CALCULATED
2013-05-14T23:20:00Z,2013-05-15T05:23:04Z,,,,,,,,CALCULATED
2013-05-14T23:30:00Z,2013-05-15T05:33:04Z,,,,,,,,CALCULATED
2013-05-14T23:40:00Z,2013-05-15T05:43:04Z,,,,,,,,CALCULATED
2013-05-14T23:50:00Z,2013-05-15T05:53:04Z,,,,,,,,CALCULATED
2013-05-15T00:00:00Z,2013-05-15T06:03:04Z,,,,,,,,CALCULATED
2013-05-15T00:10:00Z,2013-05-15T06:13:04Z,,,,,,,,CALCULATED
2013-05-15T00:20:00Z,2013-05-15T06:23:04Z,,,,,,,,CALCULATED
2013-05-15T00:30:00Z,2013-05-15T06:33:04Z,,,,,,,,CALCULATED
2013-05-15T00:40:00Z,2013-05-15T06:43:04Z,,,,,,,,CALCULATED
2013-05-15T00:50:00Z,2013-05-15T06:53:04Z,,,,,,,,CALCULATED
2013-05-15T01:00:00Z,2013-05-15T07:03:04Z,,,,,,,,CALCULATED
2013-05-15T01:10:00Z,2013-05-15T07:13:04Z,,,,,,,,CALCULATED
2013-05-15T01:20:00Z,2013-05-15T07:23:04Z,,,,,,,,CALCULATED
2013-05-15T01:30:00Z,2013-05-15T07:33:04Z,,,,,,,,CALCULATED
2013-05-15T01:40:00Z,2013-05-15T07:43:04Z,,,,,,,,CALCULATED
2013-05-15T01:50:00Z,2013-05-15T07:53:04Z,,,,,,,,CALCULATED
2013-05-15T02:00:00Z,2013-05-15T08:03:04Z,,,,,,,,CALCULATED
2013-05-15T02:10:00Z,2013-05-15T08:13:04Z,,,,,,,,CALCULATED
2013-05-15T02:20:00Z,2013-05-15T08:23:04Z,,,,,,,,CALCULATED
2013-05-15T02:30:00Z,2013-05-15T08:33:04Z,,,,,,,,CALCULATED
2013-05-15T02:40:00Z,2013-05-15T08:43:04Z,,,,,,,,CALCULATED
2013-05-15T02:50:00Z,2013-05-15T08:53:04Z,,,,,,,,CALCULATED
2013-05-15T03:00:00Z,2013-05-15T09:03:04Z,,,,,,,,CALCULATED
2013-05-15T03:10:00Z,2013-05-15T09:13:04Z,,,,,,,,CALCULATED
2013-05-15T03:20:00Z,2013-05-15T09:23:04Z,,,,,,,,CALCULATED
2013-05-15T03:30:00Z,2013-05-15T09:33:04Z,,,,,,,,CALCULATED
2013-05-15T03:40:00Z,2013-05-15T09:43:04Z,,,,,,,,CALCULATED
2013-05-15T03:50:00Z,2013-05-15T09:53:04Z,,,,,,,,CALCULATED
2013-05-15T04:00:00Z,2013-05-15T10:03:04Z,,,,,,,,CALCULATED
2013-05-15T04:10:00Z,2013-05-15T10:13:04Z,,,,,,,,CALCULATED
2013-05-15T04:20:00Z,2013-05-15T10:23:04Z,,,,,,,,CALCULATED
2013-05-15T04:30:00Z,2013-05-15T10:33:04Z,,,,,,,,CALCULATED
2013-05-15T04:40:00Z,2013-05-15T10:43:04Z,,,,,,,,CALCULATED
2013-05-15T04:50:00Z,2013-05-15T10:53:04Z,,,,,,,,CALCULATED
2013-05-15T05:00:00Z,2013-05-15T11:03:04Z,,,,,,,,CALCULATED
2013-05-15T05:10:00Z,2013-05-15T11:13:04Z,,,,,,,,CALCULATED
2013-05-15T05:20:00Z,2013-05-15T11:23:04Z,,,,,,,,CALCULATED
2013-05-15T05:30:00Z,2013-05-15T11:33:04Z,,,,,,,,CALCULATED
2013-05-15T05:40:00Z,2013-05-15T11:43:04Z,,,,,,,,CALCULATED
2013-05-15T05:50:00Z,2013-05-15T11:53:04Z,,,,,,,,CALCULATED
2013-05-15T06:00:00Z,2013-05-15T12:03:04Z,,,,,,,,CALCULATED
2013-05-15T06:10:00Z,2013-05-15T12:13:04Z,,,,,,,,CALCULATED
2013-05-15T06:20:00Z,2013-05-15T12:23:04Z,,,,,,,,CALCULATED
2013-05-15T06:30:00Z,2013-05-15T12:33:04Z,,,,,,,,CALCULATED
2013-05-15T06:40:00Z,2013-05-15T12:43:04Z,,,,,,,,CALCULATED
2013-05-15T06:50:00Z,2013-05-15T12:53:04Z,,,,,,,,CALCULATED
2013-05-15T07:00:00Z,2013-05-15T13:03:04Z,,,,,,,,CALCULATED
2013-05-15T07:10:00Z,2013-05-15T13:13:04Z,,,,,,,,CALCULATED
2013-05-15T07:20:00Z,2013-05-15T13:23:04Z,,,,,,,,CALCULATED
2013-05-15T07:30:00Z,2013-05-15T13:33:04Z,,,,,,,,CALCULATED
2013-05-15T07:40:00Z,2013-05-15T13:43:04Z,,,,,,,,CALCULATED
2013-05-15T07:50:00Z,2013-05-15T13:53:04Z,,,,,,,,CALCULATED
2013-05-15T08:00:00Z,2013-05-15T14:03:04Z,,,,,,,,CALCULATED
2013-05-15T08:10:00Z,2013-05-15T14:13:04Z,,,,,,,,CALCULATED
2013-05-15T08:20:00Z,2013-05-15T14:23:04Z,,,,,,,,CALCULATED
2013-05-15T08:30:00Z,2013-05-15T14:33:04Z,,,,,,,,CALCULATED
2013-05-15T08:40:00Z,2013-05-15T14:43:04Z,,,,,,,,CALCULATED
2013-05-15T08:50:00Z,2013-05-15T14:53:04Z,,,,,,,,CALCULATED
2013-05-15T09:00:00Z,2013-05-15T15:03:04Z,,,,,,,,CALCULATED
2013-05-15T09:10:00Z,2013-05-15T15:13:04Z,,,,,,,,CALCULATED
2013-05-15T09:20:00Z,2013-05-15T15:23:04Z,,,,,,,,CALCULATED
2013-05-15T09:30:00Z,2013-05-15T15:33:04Z,,,,,,,,CALCULATED
2013-05-15T09:40:00Z,2013-05-15T15:43:04Z,,,,,,,,CALCULATED
2013-05-15T09:50:00Z,2013-05-15T15:53:04Z,,,,,,,,CALCULATED
2013-05-15T10:00:00Z,2013-05-15T16:03:04Z,,,,,,,,CALCULATED
2013-05-15T10:10:00Z,2013-05-15T16:13:04Z,,,,,,,,CALCULATED
2013-05-15T10:20:00Z,2013-05-15T16:23:04Z,,,,,,,,CALCULATED
2013-05-15T10:30:00Z,2013-05-15T16:33:04Z,,,,,,,,CALCULATED
2013-05-15T10:40:00Z,2013-05-15T16:43:04Z,,,,,,,,CALCULATED
2013-05-15T10:50:00Z,2013-05-15T16:53:04Z,,,,,,,,CALCULATED
2013-05-15T11:00:00Z,2013-05-15T17:03:04Z,,,,,,,,CALCULATED
2013-05-15T11:10:00Z,2013-05-15T17:13:04Z,,,,,,,,CALCULATED
2013-05-15T11:20:00Z,2013-05-15T17:23:04Z,,,,,,,,CALCULATED
2013-05-15T11:30:00Z,2013-05-15T17:33:04Z,,,,,,,,CALCULATED
2013-05-15T11:40:00Z,2013-05-15T17:43:04Z,,,,,,,,CALCULATED
2013-05-15T11:50:00Z,2013-05-15T17:53:04Z,,,,,,,,CALCULATED
2013-05-15T12:00:00Z,2013-05-15T18:03:04Z,,,,,,,,CALCULATED
2013-05-15T12:10:00Z,2013-05-15T18:13:04Z,,,,,,,,CALCULATED
2013-05-15T12:20:00Z,2013-05-15T18:23:04Z,,,,,,,,CALCULATED
2013-05-15T12:30:00Z,2013-05-15T18:33:04Z,,,,,,,,CALCULATED
2013-05-15T12:40:00Z,2013-05-15T18:43:04Z,,,,,,,,CALCULATED
2013-05-15T12:50:00Z,2013-05-15T18:53:04Z,,,,,,,,CALCULATED
2013-05-15T13:00:00Z,2013-05-15T19:03:04Z,,,,,,,,CALCULATED
2013-05-15T13:10:00Z,2013-05-15T19:13:04Z,,,,,,,,CALCULATED
2013-05-15T13:20:00Z,2013-05-15T19:23:04Z,,,,,,,,CALCULATED
2013-05-15T13:30:00Z,2013-05-15T19:33:04Z,,,,,,,,CALCULATED
2013-05-15T13:40:00Z,2013-05-15T19:43:04Z,,,,,,,,CALCULATED
2013-05-15T13:50:00Z,2013-05-15T19:53:04Z,,,,,,,,CALCULATED
2013-05-15T14:00:00Z,2013-05-15T20:03:04Z,,,,,,,,CALCULATED
2013-05-15T14:10:00Z,2013-05-15T20:13:04Z,,,,,,,,CALCULATED
2013-05-15T14:20:00Z,2013-05-15T20:23:04Z,,,,,,,,CALCULATED
2013-05-15T14:30:00Z,2013-05-15T20:33:04Z,,,,,,,,CALCULATED
2013-05-15T14:40:00Z,2013-05-15T20:43:04Z,,,,,,,,CALCULATED
2013-05-15T14:50:00Z,2013-05-15T20:53:04Z,,,,,,,,CALCULATED
2013-05-15T15:00:00Z,2013-05-15T21:03:04Z,,,,,,,,CALCULATED
2013-05-15T15:10:00Z,2013-05-15T21:13:04Z,,,,,,,,CALCULATED
2013-05-15T15:20:00Z,2013-05-15T21:23:04Z,,,,,,,,CALCULATED
2013-05-15T15:30:00Z,2013-05-15T21:33:04Z,,,,,,,,CALCULATED
2013-05-15T15:40:00Z,2013-05-15T21:43:04Z,,,,,,,,CALCULATED
2013-05-15T15:50:00Z,2013-05-15T21:53:04Z,,,,,,,,CALCULATED
2013-05-15T16:00:00Z,2013-05-15T22:03:04Z,,,,,,,,CALCULATED
2013-05-15T16:10:00Z,2013-05-15T22:13:04Z,,,,,,,,CALCULATED
2013-05-15T16:20:00Z,2013-05-15T22:23:04Z,,,,,,,,CALCULATED
2013-05-15T16:30:00Z,2013-05-15T22:33:04Z,,,,,,,,CALCULATED
2013-05-15T16:40:00Z,2013-05-15T22:43:04Z,,,,,,,,CALCULATED
2013-05-15T16:50:00Z,2013-05-15T22:53:04Z,,,,,,,,CALCULATED
2013-05-15T17:00:00Z,2013-05-15T23:03:04Z,,,,,,,,CALCULATED
2013-05-15T17:10:00Z,2013-05-15T23:13:04Z,,,,,,,,CALCULATED
2013-05-15T17:20:00Z,2013-05-15T23:23:04Z,,,,,,,,CALCULATED
2013-05-15T17:30:00Z,2013-05-15T23:33:04Z,,,,,,,,CALCULATED
2013-05-15T17:40:00Z,2013-05-15T23:43:04Z,,,,,,,,CALCULATED
2013-05-15T17:50:00Z,2013-05-15T23:53:04Z,,,,,,,,CALCULATED
2013-05-15T18:00:00Z,2013-05-16T00:03:04Z,,,,,,,,CALCULATED
2013-05-15T18:10:00Z,2013-05-16T00:13:01Z,,,,,,,,CALCULATED
2013-05-15T18:20:00Z,2013-05-16T00:23:01Z,,,,,,,,CALCULATED
2013-05-15T18:30:00Z,2013-05-16T00:33:01Z,,,,,,,,CALCULATED
2013-05-15T18:40:00Z,2013-05-16T00:43:01Z,,,,,,,,CALCULATED
2013-05-15T18:50:00Z,2013-05-16T00:53:01Z,,,,,,,,CALCULATED
2013-05-15T19:00:00Z,2013-05-16T01:03:01Z,,,,,,,,CALCULATED
2013-05-15T19:10:00Z,2013-05-16T01:13:01Z,,,,,,,,CALCULATED
2013-05-15T19:20:00Z,2013-05-16T01:23:01Z,,,,,,,,CALCULATED
2013-05-15T19:30:00Z,2013-05-16T01:33:01Z,,,,,,,,CALCULATED
2013-05-15T19:40:00Z,2013-05-16T01:43:01Z,,,,,,,,CALCULATED
2013-05-15T19:50:00Z,2013-05-16T01:53:01Z,,,,,,,,CALCULATED
2013-05-15T20:00:00Z,2013-05-16T02:03:01Z,,,,,,,,CALCULATED
2013-05-15T20:10:00Z,2013-05-16T02:13:01Z,,,,,,,,CALCULATED
2013-05-15T20:20:00Z,2013-05-16T02:23:01Z,,,,,,,,CALCULATED
2013-05-15T20:30:00Z,2013-05-16T02:33:01Z,,,,,,,,CALCULATED
2013-05-15T20:40:00Z,2013-05-16T02:43:01Z,,,,,,,,CALCULATED
2013-05-15T20:50:00Z,2013-05-16T02:53:01Z,,,,,,,,CALCULATED
2013-05-15T21:00:00Z,2013-05-16T03:03:01Z,,,,,,,,CALCULATED
2013-05-15T21:10:00Z,2013-05-16T03:13:01Z,,,,,,,,CALCULATED
2013-05-15T21:20:00Z,2013-05-16T03:23:01Z,,,,,,,,CALCULATED
2013-05-15T21:30:00Z,2013-05-16T03:33:01Z,,,,,,,,CALCULATED
2013-05-15T21:40:00Z,2013-05-16T03:43:01Z,,,,,,,,CALCULATED
2013-05-15T21:50:00Z,2013-05-16T03:53:01Z,,,,,,,,CALCULATED
2013-05-15T22:00:00Z,2013-05-16T04:03:01Z,,,,,,,,CALCULATED
2013-05-15T22:10:00Z,2013-05-16T04:13:01Z,,,,,,,,CALCULATED
2013-05-15T22:20:00Z,2013-05-16T04:23:01Z,,,,,,,,CALCULATED
2013-05-15T22:30:00Z,2013-05-16T04:33:01Z,,,,,,,,CALCULATED
2013-05-15T22:40:00Z,2013-05-16T04:43:01Z,,,,,,,,CALCULATED
2013-05-15T22:50:00Z,2013-05-16T04:53:01Z,,,,,,,,CALCULATED
2013-05-15T23:00:00Z,2013-05-16T05:03:01Z,,,,,,,,CALCULATED
2013-05-15T23:10:00Z,2013-05-16T05:13:01Z,,,,,,,,CALCULATED
2013-05-15T23:20:00Z,2013-05-16T05:23:01Z,,,,,,,,CALCULATED
2013-05-15T23:30:00Z,2013-05-16T05:33:01Z,,,,,,,,CALCULATED
2013-05-15T23:40:00Z,2013-05-16T05:43:01Z,,,,,,,,CALCULATED
2013-05-15T23:50:00Z,2013-05-16T05:53:01Z,,,,,,,,CALCULATED
2013-05-16T00:00:00Z,2013-05-16T06:03:01Z,,,,,,,,CALCULATED
2013-05-16T00:10:00Z,2013-05-16T06:13:01Z,,,,,,,,CALCULATED
2013-05-16T00:20:00Z,2013-05-16T06:23:01Z,,,,,,,,CALCULATED
2013-05-16T00:30:00Z,2013-05-16T06:33:01Z,,,,,,,,CALCULATED
2013-05-16T00:40:00Z,2013-05-16T06:43:01Z,,,,,,,,CALCULATED
2013-05-16T00:50:00Z,2013-05-16T06:53:01Z,,,,,,,,CALCULATED
2013-05-16T01:00:00Z,2013-05-16T07:03:01Z,,,,,,,,CALCULATED
2013-05-16T01:10:00Z,2013-05-16T07:13:01Z,,,,,,,,CALCULATED
2013-05-16T01:20:00Z,2013-05-16T07:23:01Z,,,,,,,,CALCULATED
2013-05-16T01:30:00Z,2013-05-16T07:33:01Z,,,,,,,,CALCULATED
2013-05-16T01:40:00Z,2013-05-16T07:43:01Z,,,,,,,,CALCULATED
2013-05-16T01:50:00Z,2013-05-16T07:53:01Z,,,,,,,,CALCULATED
2013-05-16T02:00:00Z,2013-05-16T08:03:01Z,,,,,,,,CALCULATED
2013-05-16T02:10:00Z,2013-05-16T08:13:01Z,,,,,,,,CALCULATED
2013-05-16T02:20:00Z,2013-05-16T08:23:01Z,,,,,,,,CALCULATED
2013-05-16T02:30:00Z,2013-05-16T08:33:01Z,,,,,,,,CALCULATED
2013-05-16T02:40:00Z,2013-05-16T08:43:01Z,,,,,,,,CALCULATED
2013-05-16T02:50:00Z,2013-05-16T08:53:01Z,,,,,,,,CALCULATED
2013-05-16T03:00:00Z,2013-05-16T09:03:01Z,,,,,,,,CALCULATED
2013-05-16T03:10:00Z,2013-05-16T09:13:01Z,,,,,,,,CALCULATED
2013-05-16T03:20:00Z,2013-05-16T09:23:01Z,,,,,,,,CALCULATED
2013-05-16T03:30:00Z,2013-05-16T09:33:01Z,,,,,,,,CALCULATED
2013-05-16T03:40:00Z,2013-05-16T09:43:01Z,,,,,,,,CALCULATED
2013-05-16T03:50:00Z,2013-05-16T09:53:01Z,,,,,,,,CALCULATED
2013-05-16T04:00:00Z,2013-05-16T10:03:01Z,,,,,,,,CALCULATED
2013-05-16T04:10:00Z,2013-05-16T10:13:01Z,,,,,,,,CALCULATED
2013-05-16T04:20:00Z,2013-05-16T10:23:01Z,,,,,,,,CALCULATED
2013-05-16T04:30:00Z,2013-05-16T10:33:01Z,,,,,,,,CALCULATED
2013-05-16T04:40:00Z,2013-05-16T10:43:01Z,,,,,,,,CALCULATED
2013-05-16T04:50:00Z,2013-05-16T10:53:01Z,,,,,,,,CALCULATED
2013-05-16T05:00:00Z,2013-05-16T11:03:01Z,,,,,,,,CALCULATED
2013-05-16T05:10:00Z,2013-05-16T11:13:01Z,,,,,,,,CALCULATED
2013-05-16T05:20:00Z,2013-05-16T11:23:01Z,,,,,,,,CALCULATED
2013-05-16T05:30:00Z,2013-05-16T11:33:01Z,,,,,,,,CALCULATED
2013-05-16T05:40:00Z,2013-05-16T11:43:01Z,,,,,,,,CALCULATED
2013-05-16T05:50:00Z,2013-05-16T11:53:01Z,,,,,,,,CALCULATED
2013-05-16T06:00:00Z,2013-05-16T12:03:01Z,,,,,,,,CALCULATED
2013-05-16T06:10:00Z,2013-05-16T12:13:01Z,,,,,,,,CALCULATED
2013-05-16T06:20:00Z,2013-05-16T12:23:01Z,,,,,,,,CALCULATED
2013-05-16T06:30:00Z,2013-05-16T12:33:01Z,,,,,,,,CALCULATED
2013-05-16T06:40:00Z,2013-05-16T12:43:01Z,,,,,,,,CALCULATED
2013-05-16T06:50:00Z,2013-05-16T12:53:01Z,,,,,,,,CALCULATED
2013-05-16T07:00:00Z,2013-05-16T13:03:01Z,,,,,,,,CALCULATED
2013-05-16T07:10:00Z,2013-05-16T13:13:01Z,,,,,,,,CALCULATED
2013-05-16T07:20:00Z,2013-05-16T13:23:01Z,,,,,,,,CALCULATED
2013-05-16T07:30:00Z,2013-05-16T13:33:01Z,,,,,,,,CALCULATED
2013-05-16T07:40:00Z,2013-05-16T13:43:01Z,,,,,,,,CALCULATED
2013-05-16T07:50:00Z,2013-05-16T13:53:01Z,,,,,,,,CALCULATED
2013-05-16T08:00:00Z,2013-05-16T14:03:01Z,,,,,,,,CALCULATED
2013-05-16T08:10:00Z,2013-05-16T14:13:01Z,,,,,,,,CALCULATED
2013-05-16T08:20:00Z,2013-05-16T14:23:01Z,,,,,,,,CALCULATED
2013-05-16T08:30:00Z,2013-05-16T14:33:01Z,,,,,,,,CALCULATED
2013-05-16T08:40:00Z,2013-05-16T14:43:01Z,,,,,,,,CALCULATED
2013-05-16T08:50:00Z,2013-05-16T14:53:01Z,,,,,,,,CALCULATED
2013-05-16T09:00:00Z,2013-05-16T15:03:01Z,,,,,,,,CALCULATED
2013-05-16T09:10:00Z,2013-05-16T15:13:01Z,,,,,,,,CALCULATED
2013-05-16T09:20:00Z,2013-05-16T15:23:01Z,,,,,,,,CALCULATED
2013-05-16T09:30:00Z,2013-05-16T15:33:01Z,,,,,,,,CALCULATED
2013-05-16T09:40:00Z,2013-05-16T15:43:01Z,,,,,,,,CALCULATED
2013-05-16T09:50:00Z,2013-05-16T15:53:01Z,,,,,,,,CALCULATED
2013-05-16T10:00:00Z,2013-05-16T16:03:01Z,,,,,,,,CALCULATED
2013-05-16T10:10:00Z,2013-05-16T16:13:01Z,,,,,,,,CALCULATED
2013-05-16T10:20:00Z,2013-05-16T16:23:01Z,,,,,,,,CALCULATED
2013-05-16T10:30:00Z,2013-05-16T16:33:01Z,,,,,,,,CALCULATED
2013-05-16T10:40:00Z,2013-05-16T16:43:01Z,,,,,,,,CALCULATED
2013-05-16T10:50:00Z,2013-05-16T16:53:01Z,,,,,,,,CALCULATED
2013-05-16T11:00:00Z,2013-05-16T17:03:01Z,,,,,,,,CALCULATED
2013-05-16T11:10:00Z,2013-05-16T17:13:01Z,,,,,,,,CALCULATED
2013-05-16T11:20:00Z,2013-05-16T17:23:01Z,,,,,,,,CALCULATED
2013-05-16T11:30:00Z,2013-05-16T17:33:01Z,,,,,,,,CALCULATED
2013-05-16T11:40:00Z,2013-05-16T17:43:01Z,,,,,,,,CALCULATED
2013-05-16T11:50:00Z,2013-05-16T17:53:01Z,,,,,,,,CALCULATED
2013-05-16T12:00:00Z,2013-05-16T18:03:01Z,,,,,,,,CALCULATED
2013-05-16T12:10:00Z,2013-05-16T18:13:01Z,,,,,,,,CALCULATED
2013-05-16T12:20:00Z,2013-05-16T18:23:01Z,,,,,,,,CALCULATED
2013-05-16T12:30:00Z,2013-05-16T18:33:01Z,,,,,,,,CALCULATED
2013-05-16T12:40:00Z,2013-05-16T18:43:01Z,,,,,,,,CALCULATED
2013-05-16T12:50:00Z,2013-05-16T18:53:01Z,,,,,,,,CALCULATED
2013-05-16T13:00:00Z,2013-05-16T19:03:01Z,,,,,,,,CALCULATED
2013-05-16T13:10:00Z,2013-05-16T19:13:01Z,,,,,,,,CALCULATED
2013-05-16T13:20:00Z,2013-05-16T19:23:01Z,,,,,,,,CALCULATED
2013-05-16T13:30:00Z,2013-05-16T19:33:01Z,,,,,,,,CALCULATED
2013-05-16T13:40:00Z,2013-05-16T19:43:01Z,,,,,,,,CALCULATED
2013-05-16T13:50:00Z,2013-05-16T19:53:01Z,,,,,,,,CALCULATED
2013-05-16T14:00:00Z,2013-05-16T20:03:01Z,,,,,,,,CALCULATED
2013-05-16T14:10:00Z,2013-05-16T20:13:01Z,,,,,,,,CALCULATED
2013-05-16T14:20:00Z,2013-05-16T20:23:01Z,,,,,,,,CALCULATED
2013-05-16T14:30:00Z,2013-05-16T20:33:01Z,,,,,,,,CALCULATED
2013-05-16T14:40:00Z,2013-05-16T20:43:01Z,,,,,,,,CALCULATED
2013-05-16T14:50:00Z,2013-05-16T20:53:01Z,,,,,,,,CALCULATED
2013-05-16T15:00:00Z,2013-05-16T21:03:01Z,,,,,,,,CALCULATED
2013-05-16T15:10:00Z,2013-05-16T21:13:01Z,,,,,,,,CALCULATED
2013-05-16T15:20:00Z,2013-05-16T21:23:01Z,,,,,,,,CALCULATED
2013-05-16T15:30:00Z,2013-05-16T21:33:01Z,,,,,,,,CALCULATED
2013-05-16T15:40:00Z,2013-05-16T21:43:01Z,,,,,,,,CALCULATED
2013-05-16T15:50:00Z,2013-05-16T21:53:01Z,,,,,,,,CALCULATED
2013-05-16T16:00:00Z,2013-05-16T22:03:01Z,,,,,,OUT_WARN,,CALCULATED
2013-05-16T16:10:00Z,2013-05-16T22:13:01Z,,,,,,OUT_WARN,,CALCULATED
2013-05-16T16:20:00Z,2013-05-16T22:23:01Z,,,,,,OUT_WARN,,CALCULATED
2013-05-16T16:30:00Z,2013-05-16T22:33:01Z,,,,,,OUT_WARN,,CALCULATED
2013-05-16T16:40:00Z,2013-05-16T22:43:01Z,,,,,,OUT_WARN,,CALCULATED
2013-05-16T16:50:00Z,2013-05-16T22:53:01Z,,,,,,OUT_WARN,,CALCULATED
2013-05-16T17:00:00Z,2013-05-16T23:03:01Z,,,,,,OUT_WARN,,CALCULATED
2013-05-16T17:10:00Z,2013-05-16T23:13:01Z,,,,,,OUT_WARN,,CALCULATED
2013-05-16T17:20:00Z,2013-05-16T23:23:01Z,,,,,,OUT_WARN,,CALCULATED
2013-05-16T17:30:00Z,2013-05-16T23:33:01Z,,,,,,OUT_WARN,,CALCULATED
2013-05-16T17:40:00Z,2013-05-16T23:43:01Z,,,,,,OUT_WARN,,CALCULATED
2013-05-16T17:50:00Z,2013-05-16T23:53:01Z,,,,,,OUT_WARN,,CALCULATED
2013-05-16T18:00:00Z,2013-05-17T00:03:01Z,,,,,,,,CALCULATED
2013-05-16T18:10:00Z,2013-05-17T00:12:59Z,,,,,,OUT_WARN,,CALCULATED
2013-05-16T18:20:00Z,2013-05-17T00:22:59Z,,,,,,,,CALCULATED
2013-05-16T18:30:00Z,2013-05-17T00:32:59Z,,,,,,,,CALCULATED
2013-05-16T18:40:00Z,2013-05-17T00:42:59Z,,,,,,,,CALCULATED
2013-05-16T18:50:00Z,2013-05-17T00:52:59Z,,,,,,,,CALCULATED
2013-05-16T19:00:00Z,2013-05-17T01:02:59Z,,,,,,OUT_WARN,,CALCULATED
2013-05-16T19:10:00Z,2013-05-17T01:12:59Z,,,,,,OUT_WARN,,CALCULATED
2013-05-16T19:20:00Z,2013-05-17T01:22:59Z,,,,,,,,CALCULATED
2013-05-16T19:30:00Z,2013-05-17T01:32:59Z,,,,,,,,CALCULATED
2013-05-16T19:40:00Z,2013-05-17T01:42:59Z,,,,,,,,CALCULATED
2013-05-16T19:50:00Z,2013-05-17T01:52:59Z,,,,,,,,CALCULATED
2013-05-16T20:00:00Z,2013-05-17T02:02:59Z,,,,,,,,CALCULATED
2013-05-16T20:10:00Z,2013-05-17T02:12:59Z,,,,,,,,CALCULATED
2013-05-16T20:20:00Z,2013-05-17T02:22:59Z,,,,,,,,CALCULATED
2013-05-16T20:30:00Z,2013-05-17T02:32:59Z,,,,,,,,CALCULATED
2013-05-16T20:40:00Z,2013-05-17T02:42:59Z,,,,,,,,CALCULATED
2013-05-16T20:50:00Z,2013-05-17T02:52:59Z,,,,,,,,CALCULATED
2013-05-16T21:00:00Z,2013-05-17T03:02:59Z,,,,,,,,CALCULATED
2013-05-16T21:10:00Z,2013-05-17T03:12:59Z,,,,,,,,CALCULATED
2013-05-16T21:20:00Z,2013-05-17T03:22:59Z,,,,,,,,CALCULATED
2013-05-16T21:30:00Z,2013-05-17T03:32:59Z,,,,,,,,CALCULATED
2013-05-16T21:40:00Z,2013-05-17T03:42:59Z,,,,,,,,CALCULATED
2013-05-16T21:50:00Z,2013-05-17T03:52:59Z,,,,,,,,CALCULATED
2013-05-16T22:00:00Z,2013-05-17T04:02:59Z,,,,,,,,CALCULATED
2013-05-16T22:10:00Z,2013-05-17T04:12:59Z,,,,,,,,CALCULATED
2013-05-16T22:20:00Z,2013-05-17T04:22:59Z,,,,,,,,CALCULATED
2013-05-16T22:30:00Z,2013-05-17T04:32:59Z,,,,,,,,CALCULATED
2013-05-16T22:40:00Z,2013-05-17T04:42:59Z,,,,,,,,CALCULATED
2013-05-16T22:50:00Z,2013-05-17T04:52:59Z,,,,,,,,CALCULATED
2013-05-16T23:00:00Z,2013-05-17T05:02:59Z,,,,,,,,CALCULATED
2013-05-16T23:10:00Z,2013-05-17T05:12:59Z,,,,,,,,CALCULATED
2013-05-16T23:20:00Z,2013-05-17T05:22:59Z,,,,,,,,CALCULATED
2013-05-16T23:30:00Z,2013-05-17T05:32:59Z,,,,,,,,CALCULATED
2013-05-16T23:40:00Z,2013-05-17T05:42:59Z,,,,,,,,CALCULATED
2013-05-16T23:50:00Z,2013-05-17T05:52:59Z,,,,,,OUT_WARN,,CALCULATED
2013-05-17T00:00:00Z,2013-05-17T06:02:59Z,,,,,,OUT_WARN,,CALCULATED
2013-05-17T00:10:00Z,2013-05-17T06:12:59Z,,,,,,,,CALCULATED
2013-05-17T00:20:00Z,2013-05-17T06:22:59Z,,,,,,,,CALCULATED
2013-05-17T00:30:00Z,2013-05-17T06:32:59Z,,,,,,,,CALCULATED
2013-05-17T00:40:00Z,2013-05-17T06:42:59Z,,,,,,,,CALCULATED
2013-05-17T00:50:00Z,2013-05-17T06:52:59Z,,,,,,,,CALCULATED
2013-05-17T01:00:00Z,2013-05-17T07:02:59Z,,,,,,,,CALCULATED
2013-05-17T01:10:00Z,2013-05-17T07:12:59Z,,,,,,,,CALCULATED
2013-05-17T01:20:00Z,2013-05-17T07:22:59Z,,,,,,,,CALCULATED
2013-05-17T01:30:00Z,2013-05-17T07:32:59Z,,,,,,,,CALCULATED
2013-05-17T01:40:00Z,2013-05-17T07:42:59Z,,,,,,,,CALCULATED
2013-05-17T01:50:00Z,2013-05-17T07:52:59Z,,,,,,,,CALCULATED
2013-05-17T02:00:00Z,2013-05-17T08:02:59Z,,,,,,,,CALCULATED
2013-05-17T02:10:00Z,2013-05-17T08:12:59Z,,,,,,,,CALCULATED
2013-05-17T02:20:00Z,2013-05-17T08:22:59Z,,,,,,,,CALCULATED
2013-05-17T02:30:00Z,2013-05-17T08:32:59Z,,,,,,,,CALCULATED
2013-05-17T02:40:00Z,2013-05-17T08:42:59Z,,,,,,,,CALCULATED
2013-05-17T02:50:00Z,2013-05-17T08:52:59Z,,,,,,,,CALCULATED
2013-05-17T03:00:00Z,2013-05-17T09:02:59Z,,,,,,,,CALCULATED
2013-05-17T03:10:00Z,2013-05-17T09:12:59Z,,,,,,,,CALCULATED
2013-05-17T03:20:00Z,2013-05-17T09:22:59Z,,,,,,,,CALCULATED
2013-05-17T03:30:00Z,2013-05-17T09:32:59Z,,,,,,,,CALCULATED
2013-05-17T03:40:00Z,2013-05-17T09:42:59Z,,,,,,,,CALCULATED
2013-05-17T03:50:00Z,2013-05-17T09:52:59Z,,,,,,,,CALCULATED
2013-05-17T04:00:00Z,2013-05-17T10:02:59Z,,,,,,,,CALCULATED
2013-05-17T04:10:00Z,2013-05-17T10:12:59Z,,,,,,,,CALCULATED
2013-05-17T04:20:00Z,2013-05-17T10:22:59Z,,,,,,,,CALCULATED
2013-05-17T04:30:00Z,2013-05-17T10:32:59Z,,,,,,,,CALCULATED
2013-05-17T04:40:00Z,2013-05-17T10:42:59Z,,,,,,,,CALCULATED
2013-05-17T04:50:00Z,2013-05-17T10:52:59Z,,,,,,,,CALCULATED
2013-05-17T05:00:00Z,2013-05-17T11:02:59Z,,,,,,,,CALCULATED
2013-05-17T05:10:00Z,2013-05-17T11:12:59Z,,,,,,,,CALCULATED
2013-05-17T05:20:00Z,2013-05-17T11:22:59Z,,,,,,,,CALCULATED
2013-05-17T05:30:00Z,2013-05-17T11:32:59Z,,,,,,,,CALCULATED
2013-05-17T05:40:00Z,2013-05-17T11:42:59Z,,,,,,,,CALCULATED
2013-05-17T05:50:00Z,2013-05-17T11:52:59Z,,,,,,,,CALCULATED
2013-05-17T06:00:00Z,2013-05-17T12:02:59Z,,RANGE_WARN,,,,,,CALCULATED
2013-05-17T06:10:00Z,2013-05-17T12:12:59Z,,,,,,,,CALCULATED
2013-05-17T06:20:00Z,2013-05-17T12:22:59Z,,RANGE_WARN,,,,,,CALCULATED
2013-05-17T06:30:00Z,2013-05-17T12:32:59Z,,RANGE_WARN,,,,,,CALCULATED
2013-05-17T06:40:00Z,2013-05-17T12:42:59Z,,RANGE_WARN,,,,,,CALCULATED
2013-05-17T06:50:00Z,2013-05-17T12:52:59Z,,RANGE_WARN,,,,,,CALCULATED
2013-05-17T07:00:00Z,2013-05-17T13:02:59Z,,RANGE_WARN,,,,,,CALCULATED
2013-05-17T07:10:00Z,2013-05-17T13:12:59Z,,RANGE_WARN,,,,,,CALCULATED
2013-05-17T07:20:00Z,2013-05-17T13:22:59Z,,RANGE_WARN,,,,,,CALCULATED
2013-05-17T07:30:00Z,2013-05-17T13:32:59Z,,RANGE_WARN,,,,,,CALCULATED
2013-05-17T07:40:00Z,2013-05-17T13:42:59Z,,RANGE_WARN,,,,,,CALCULATED
2013-05-17T07:50:00Z,2013-05-17T13:52:59Z,,RANGE_WARN,,,,,,CALCULATED
2013-05-17T08:00:00Z,2013-05-17T14:02:59Z,,RANGE_WARN,,,,,,CALCULATED
2013-05-17T08:10:00Z,2013-05-17T14:12:59Z,,RANGE_WARN,,,,,,CALCULATED
2013-05-17T08:20:00Z,2013-05-17T14:22:59Z,,RANGE_WARN,,,,,,CALCULATED
2013-05-17T08:30:00Z,2013-05-17T14:32:59Z,,RANGE_WARN,,,,,,CALCULATED
2013-05-17T08:40:00Z,2013-05-17T14:42:59Z,,RANGE_WARN,,,,,,CALCULATED
2013-05-17T08:50:00Z,2013-05-17T14:52:59Z,,RANGE_WARN,,,,,,CALCULATED
2013-05-17T09:00:00Z,2013-05-17T15:02:59Z,,RANGE_WARN,,,,,,CALCULATED
2013-05-17T09:10:00Z,2013-05-17T15:12:59Z,,RANGE_WARN,,,,,,CALCULATED
2013-05-17T09:20:00Z,2013-05-17T15:22:59Z,,RANGE_WARN,,,,,,CALCULATED
2013-05-17T09:30:00Z,2013-05-17T15:32:59Z,,RANGE_WARN,,,,,,CALCULATED
2013-05-17T09:40:00Z,2013-05-17T15:42:59Z,,RANGE_WARN,,,,,,CALCULATED
2013-05-17T09:50:00Z,2013-05-17T15:52:59Z,,RANGE_WARN,,,,,,CALCULATED
2013-05-17T10:00:00Z,2013-05-17T16:02:59Z,,RANGE_WARN,,,,,,CALCULATED
2013-05-17T10:10:00Z,2013-05-17T16:12:59Z,,,,,,,,CALCULATED
2013-05-17T10:20:00Z,2013-05-17T16:22:59Z,,,,,,,,CALCULATED
2013-05-17T10:30:00Z,2013-05-17T16:32:59Z,,,,,,,,CALCULATED
2013-05-17T10:40:00Z,2013-05-17T16:42:59Z,,,,,,,,CALCULATED
2013-05-17T10:50:00Z,2013-05-17T16:52:59Z,,,,,,,,CALCULATED
2013-05-17T11:00:00Z,2013-05-17T17:02:59Z,,,,,,,,CALCULATED
2013-05-17T11:10:00Z,2013-05-17T17:12:59Z,,,,,,,,CALCULATED
2013-05-17T11:20:00Z,2013-05-17T17:22:59Z,,,,,,,,CALCULATED
2013-05-17T11:30:00Z,2013-05-17T17:32:59Z,,,,,,,,CALCULATED
2013-05-17T11:40:00Z,2013-05-17T17:42:59Z,,,,,,,,CALCULATED
2013-05-17T11:50:00Z,2013-05-17T17:52:59Z,,,,,,,,CALCULATED
2013-05-17T12:00:00Z,2013-05-17T18:02:59Z,,,,,,,,CALCULATED
2013-05-17T12:10:00Z,2013-05-17T18:12:59Z,,,,,,,,CALCULATED
2013-05-17T12:20:00Z,2013-05-17T18:22:59Z,,,,,,,,CALCULATED
2013-05-17T12:30:00Z,2013-05-17T18:32:59Z,,,,,,,,CALCULATED
2013-05-17T12:40:00Z,2013-05-17T18:42:59Z,,,,,,,,CALCULATED
2013-05-17T12:50:00Z,2013-05-17T18:52:59Z,,,,,,,,CALCULATED
2013-05-17T13:00:00Z,2013-05-17T19:02:59Z,,,,,,,,CALCULATED
2013-05-17T13:10:00Z,2013-05-17T19:12:59Z,,,,,,,,CALCULATED
2013-05-17T13:20:00Z,2013-05-17T19:22:59Z,,,,,,,,CALCULATED
2013-05-17T13:30:00Z,2013-05-17T19:32:59Z,,,,,,,,CALCULATED
2013-05-17T13:40:00Z,2013-05-17T19:42:59Z,,,,,,,,CALCULATED
2013-05-17T13:50:00Z,2013-05-17T19:52:59Z,,,,,,,,CALCULATED
2013-05-17T14:00:00Z,2013-05-17T20:02:59Z,,,,,,,,CALCULATED
2013-05-17T14:10:00Z,2013-05-17T20:12:59Z,,,,,,,,CALCULATED
2013-05-17T14:20:00Z,2013-05-17T20:22:59Z,,,,,,,,CALCULATED
2013-05-17T14:30:00Z,2013-05-17T20:32:59Z,,,,,,,,CALCULATED
2013-05-17T14:40:00Z,2013-05-17T20:42:59Z,,,,,,,,CALCULATED
2013-05-17T14:50:00Z,2013-05-17T20:52:59Z,,,,,,,,CALCULATED
2013-05-17T15:00:00Z,2013-05-17T21:02:59Z,,,,,,,,CALCULATED
2013-05-17T15:10:00Z,2013-05-17T21:12:59Z,,,,,,,,CALCULATED
2013-05-17T15:20:00Z,2013-05-17T21:22:59Z,,,,,,,,CALCULATED
2013-05-17T15:30:00Z,2013-05-17T21:32:59Z,,,,,,,,CALCULATED
2013-05-17T15:40:00Z,2013-05-17T21:42:59Z,,,,,,,,CALCULATED
2013-05-17T15:50:00Z,2013-05-17T21:52:59Z,,,,,,,,CALCULATED
2013-05-17T16:00:00Z,2013-05-17T22:02:59Z,,,,,,,,CALCULATED
2013-05-17T16:10:00Z,2013-05-17T22:12:59Z,,,,,,,,CALCULATED
2013-05-17T16:20:00Z,2013-05-17T22:22:59Z,,,,,,,,CALCULATED
2013-05-17T16:30:00Z,2013-05-17T22:32:59Z,,,,,,,,CALCULATED
2013-05-17T16:40:00Z,2013-05-17T22:42:59Z,,,,,,,,CALCULATED
2013-05-17T16:50:00Z,2013-05-17T22:52:59Z,,,,,,,,CALCULATED
2013-05-17T17:00:00Z,2013-05-17T23:02:59Z,,,,,,,,CALCULATED
2013-05-17T17:10:00Z,2013-05-17T23:12:59Z,,,,,,,,CALCULATED
2013-05-17T17:20:00Z,2013-05-17T23:22:59Z,,,,,,,,CALCULATED
2013-05-17T17:30:00Z,2013-05-17T23:32:59Z,,,,,,,,CALCULATED
2013-05-17T17:40:00Z,2013-05-17T23:42:59Z,,,,,,,,CALCULATED
2013-05-17T17:50:00Z,2013-05-17T23:52:59Z,,,,,,,,CALCULATED
2013-05-17T18:00:00Z,2013-05-18T00:02:59Z,,,,,,,,CALCULATED
2013-05-17T18:10:00Z,2013-05-18T00:12:55Z,,,,,,,,CALCULATED
2013-05-17T18:20:00Z,2013-05-18T00:22:55Z,,,,,,,,CALCULATED
2013-05-17T18:30:00Z,2013-05-18T00:32:55Z,,,,,,,,CALCULATED
2013-05-17T18:40:00Z,2013-05-18T00:42:55Z,,,,,,,,CALCULATED
2013-05-17T18:50:00Z,2013-05-18T00:52:55Z,,,,,,,,CALCULATED
2013-05-17T19:00:00Z,2013-05-18T01:02:55Z,,,,,,,,CALCULATED
2013-05-17T19:10:00Z,2013-05-18T01:12:55Z,,,,,,,,CALCULATED
2013-05-17T19:20:00Z,2013-05-18T01:22:55Z,,,,,,,,CALCULATED
2013-05-17T19:30:00Z,2013-05-18T01:32:55Z,,,,,,,,CALCULATED
2013-05-17T19:40:00Z,2013-05-18T01:42:55Z,,,,,,,,CALCULATED
2013-05-17T19:50:00Z,2013-05-18T01:52:55Z,,,,,,,,CALCULATED
2013-05-17T20:00:00Z,2013-05-18T02:02:55Z,,,,,,,,CALCULATED
2013-05-17T20:10:00Z,2013-05-18T02:12:55Z,,,,,,,,CALCULATED
2013-05-17T20:20:00Z,2013-05-18T02:22:55Z,,,,,,,,CALCULATED
2013-05-17T20:30:00Z,2013-05-18T02:32:55Z,,,,,,,,CALCULATED
2013-05-17T20:40:00Z,2013-05-18T02:42:55Z,,,,,,,,CALCULATED
2013-05-17T20:50:00Z,2013-05-18T02:52:55Z,,,,,,,,CALCULATED
2013-05-17T21:00:00Z,2013-05-18T03:02:55Z,,,,,,,,CALCULATED
2013-05-17T21:10:00Z,2013-05-18T03:12:55Z,,,,,,,,CALCULATED
2013-05-17T21:20:00Z,2013-05-18T03:22:55Z,,,,,,,,CALCULATED
2013-05-17T21:30:00Z,2013-05-18T03:32:55Z,,,,,,,,CALCULATED
2013-05-17T21:40:00Z,2013-05-18T03:42:55Z,,,,,,,,CALCULATED
2013-05-17T21:50:00Z,2013-05-18T03:52:55Z,,,,,,,,CALCULATED
2013-05-17T22:00:00Z,2013-05-18T04:02:55Z,,,,,,,,CALCULATED
2013-05-17T22:10:00Z,2013-05-18T04:12:55Z,,,,,,,,CALCULATED
2013-05-17T22:20:00Z,2013-05-18T04:22:55Z,,,,,,,,CALCULATED
2013-05-17T22:30:00Z,2013-05-18T04:32:55Z,,,,,,,,CALCULATED
2013-05-17T22:40:00Z,2013-05-18T04:42:55Z,,,,,,,,CALCULATED
2013-05-17T22:50:00Z,2013-05-18T04:52:55Z,,,,,,,,CALCULATED
2013-05-17T23:00:00Z,2013-05-18T05:02:55Z,,,,,,,,CALCULATED
2013-05-17T23:10:00Z,2013-05-18T05:12:55Z,,,,,,,,CALCULATED
2013-05-17T23:20:00Z,2013-05-18T05:22:55Z,,,,,,,,CALCULATED
2013-05-17T23:30:00Z,2013-05-18T05:32:55Z,,,,,,,,CALCULATED
2013-05-17T23:40:00Z,2013-05-18T05:42:55Z,,,,,,,,CALCULATED
2013-05-17T23:50:00Z,2013-05-18T05:52:55Z,,,,,,,,CALCULATED
2013-05-18T00:00:00Z,2013-05-18T06:02:55Z,,,,,,,,CALCULATED
2013-05-18T00:10:00Z,2013-05-18T06:12:55Z,,,,,,,,CALCULATED
2013-05-18T00:20:00Z,2013-05-18T06:22:55Z,,,,,,,,CALCULATED
2013-05-18T00:30:00Z,2013-05-18T06:32:55Z,,,,,,,,CALCULATED
2013-05-18T00:40:00Z,2013-05-18T06:42:55Z,,,,,,,,CALCULATED
2013-05-18T00:50:00Z,2013-05-18T06:52:55Z,,,,,,,,CALCULATED
2013-05-18T01:00:00Z,2013-05-18T07:02:55Z,,,,,,,,CALCULATED
2013-05-18T01:10:00Z,2013-05-18T07:12:55Z,,,,,,,,CALCULATED
2013-05-18T01:20:00Z,2013-05-18T07:22:55Z,,,,,,,,CALCULATED
2013-05-18T01:30:00Z,2013-05-18T07:32:55Z,,,,,,,,CALCULATED
2013-05-18T01:40:00Z,2013-05-18T07:42:55Z,,,,,,,,CALCULATED
2013-05-18T01:50:00Z,2013-05-18T07:52:55Z,,,,,,,,CALCULATED
2013-05-18T02:00:00Z,2013-05-18T08:02:55Z,,,,,,,,CALCULATED
2013-05-18T02:10:00Z,2013-05-18T08:12:55Z,,,,,,,,CALCULATED
2013-05-18T02:20:00Z,2013-05-18T08:22:55Z,,,,,,,,CALCULATED
2013-05-18T02:30:00Z,2013-05-18T08:32:55Z,,,,,,,,CALCULATED
2013-05-18T02:40:00Z,2013-05-18T08:42:55Z,,,,,,,,CALCULATED
2013-05-18T02:50:00Z,2013-05-18T08:52:55Z,,,,,,,,CALCULATED
2013-05-18T03:00:00Z,2013-05-18T09:02:55Z,,,,,,,,CALCULATED
2013-05-18T03:10:00Z,2013-05-18T09:12:55Z,,,,,,,,CALCULATED
2013-05-18T03:20:00Z,2013-05-18T09:22:55Z,,,,,,,,CALCULATED
2013-05-18T03:30:00Z,2013-05-18T09:32:55Z,,,,,,,,CALCULATED
2013-05-18T03:40:00Z,2013-05-18T09:42:55Z,,,,,,,,CALCULATED
2013-05-18T03:50:00Z,2013-05-18T09:52:55Z,,,,,,,,CALCULATED
2013-05-18T04:00:00Z,2013-05-18T10:02:55Z,,,,,,,,CALCULATED
2013-05-18T04:10:00Z,2013-05-18T10:12:55Z,,,,,,,,CALCULATED
2013-05-18T04:20:00Z,2013-05-18T10:22:55Z,,,,,,,,CALCULATED
2013-05-18T04:30:00Z,2013-05-18T10:32:55Z,,,,,,,,CALCULATED
2013-05-18T04:40:00Z,2013-05-18T10:42:55Z,,,,,,,,CALCULATED
2013-05-18T04:50:00Z,2013-05-18T10:52:55Z,,,,,,,,CALCULATED
2013-05-18T05:00:00Z,2013-05-18T11:02:55Z,,,,,,,,CALCULATED
2013-05-18T05:10:00Z,2013-05-18T11:12:55Z,,,,,,,,CALCULATED
2013-05-18T05:20:00Z,2013-05-18T11:22:55Z,,,,,,,,CALCULATED
2013-05-18T05:30:00Z,2013-05-18T11:32:55Z,,,,,,,,CALCULATED
2013-05-18T05:40:00Z,2013-05-18T11:42:55Z,,,,,,,,CALCULATED
2013-05-18T05:50:00Z,2013-05-18T11:52:55Z,,,,,,,,CALCULATED
2013-05-18T06:00:00Z,2013-05-18T12:02:55Z,,,,,,,,CALCULATED
2013-05-18T06:10:00Z,2013-05-18T12:12:55Z,,,,,,,,CALCULATED
2013-05-18T06:20:00Z,2013-05-18T12:22:55Z,,,,,,,,CALCULATED
2013-05-18T06:30:00Z,2013-05-18T12:32:55Z,,,,,,,,CALCULATED
2013-05-18T06:40:00Z,2013-05-18T12:42:55Z,,,,,,,,CALCULATED
2013-05-18T06:50:00Z,2013-05-18T12:52:55Z,,,,,,,,CALCULATED
2013-05-18T07:00:00Z,2013-05-18T13:02:55Z,,,,,,,,CALCULATED
2013-05-18T07:10:00Z,2013-05-18T13:12:55Z,,,,,,,,CALCULATED
2013-05-18T07:20:00Z,2013-05-18T13:22:55Z,,,,,,,,CALCULATED
2013-05-18T07:30:00Z,2013-05-18T13:32:55Z,,,,,,,,CALCULATED
2013-05-18T07:40:00Z,2013-05-18T13:42:55Z,,,,,,,,CALCULATED
2013-05-18T07:50:00Z,2013-05-18T13:52:55Z,,,,,,,,CALCULATED
2013-05-18T08:00:00Z,2013-05-18T14:02:55Z,,,,,,,,CALCULATED
2013-05-18T08:10:00Z,2013-05-18T14:12:55Z,,,,,,,,CALCULATED
2013-05-18T08:20:00Z,2013-05-18T14:22:55Z,,,,,,,,CALCULATED
2013-05-18T08:30:00Z,2013-05-18T14:32:55Z,,,,,,,,CALCULATED
2013-05-18T08:40:00Z,2013-05-18T14:42:55Z,,,,,,,,CALCULATED
2013-05-18T08:50:00Z,2013-05-18T14:52:55Z,,,,,,,,CALCULATED
2013-05-18T09:00:00Z,2013-05-18T15:02:55Z,,,,,,,,CALCULATED
2013-05-18T09:10:00Z,2013-05-18T15:12:55Z,,,,,,,,CALCULATED
2013-05-18T09:20:00Z,2013-05-18T15:22:55Z,,,,,,,,CALCULATED
2013-05-18T09:30:00Z,2013-05-18T15:32:55Z,,,,,,,,CALCULATED
2013-05-18T09:40:00Z,2013-05-18T15:42:55Z,,,,,,,,CALCULATED
2013-05-18T09:50:00Z,2013-05-18T15:52:55Z,,,,,,,,CALCULATED
2013-05-18T10:00:00Z,2013-05-18T16:02:55Z,,,,,,,,CALCULATED
2013-05-18T10:10:00Z,2013-05-18T16:12:55Z,,,,,,,,CALCULATED
2013-05-18T10:20:00Z,2013-05-18T16:22:55Z,,,,,,,,CALCULATED
2013-05-18T10:30:00Z,2013-05-18T16:32:55Z,,,,,,,,CALCULATED
2013-05-18T10:40:00Z,2013-05-18T16:42:55Z,,,,,,,,CALCULATED
2013-05-18T10:50:00Z,2013-05-18T16:52:55Z,,,,,,,,CALCULATED
2013-05-18T11:00:00Z,2013-05-18T17:02:55Z,,,,,,,,CALCULATED
2013-05-18T11:10:00Z,2013-05-18T17:12:55Z,,,,,,,,CALCULATED
2013-05-18T11:20:00Z,2013-05-18T17:22:55Z,,,,,,,,CALCULATED
2013-05-18T11:30:00Z,2013-05-18T17:32:55Z,,,,,,,,CALCULATED
2013-05-18T11:40:00Z,2013-05-18T17:42:55Z,,,,,,,,CALCULATED
2013-05-18T11:50:00Z,2013-05-18T17:52:55Z,,,,,,,,CALCULATED
2013-05-18T12:00:00Z,2013-05-18T18:02:55Z,,,,,,,,CALCULATED
2013-05-18T12:10:00Z,2013-05-18T18:12:55Z,,,,,,,,CALCULATED
2013-05-18T12:20:00Z,2013-05-18T18:22:55Z,,,,,,,,CALCULATED
2013-05-18T12:30:00Z,2013-05-18T18:32:55Z,,,,,,,,CALCULATED
2013-05-18T12:40:00Z,2013-05-18T18:42:55Z,,,,,,,,CALCULATED
2013-05-18T12:50:00Z,2013-05-18T18:52:55Z,,,,,,,,CALCULATED
2013-05-18T13:00:00Z,2013-05-18T19:02:55Z,,,,,,,,CALCULATED
2013-05-18T13:10:00Z,2013-05-18T19:12:55Z,,,,,,,,CALCULATED
2013-05-18T13:20:00Z,2013-05-18T19:22:55Z,,,,,,,,CALCULATED
2013-05-18T13:30:00Z,2013-05-18T19:32:55Z,,,,,,,,CALCULATED
2013-05-18T13:40:00Z,2013-05-18T19:42:55Z,,,,,,,,CALCULATED
2013-05-18T13:50:00Z,2013-05-18T19:52:55Z,,,,,,,,CALCULATED
2013-05-18T14:00:00Z,2013-05-18T20:02:55Z,,,,,,,,CALCULATED
2013-05-18T14:10:00Z,2013-05-18T20:12:55Z,,,,,,,,CALCULATED
2013-05-18T14:20:00Z,2013-05-18T20:22:55Z,,,,,,,,CALCULATED
2013-05-18T14:30:00Z,2013-05-18T20:32:55Z,,,,,,,,CALCULATED
2013-05-18T14:40:00Z,2013-05-18T20:42:55Z,,,,,,,,CALCULATED
2013-05-18T14:50:00Z,2013-05-18T20:52:55Z,,,,,,,,CALCULATED
2013-05-18T15:00:00Z,2013-05-18T21:02:55Z,,,,,,,,CALCULATED
2013-05-18T15:10:00Z,2013-05-18T21:12:55Z,,,,,,,,CALCULATED
2013-05-18T15:20:00Z,2013-05-18T21:22:55Z,,,,,,,,CALCULATED
2013-05-18T15:30:00Z,2013-05-18T21:32:55Z,,,,,,,,CALCULATED
2013-05-18T15:40:00Z,2013-05-18T21:42:55Z,,,,,,,,CALCULATED
2013-05-18T15:50:00Z,2013-05-18T21:52:55Z,,,,,,,,CALCULATED
2013-05-18T16:00:00Z,2013-05-18T22:02:55Z,,,,,,,,CALCULATED
2013-05-18T16:10:00Z,2013-05-18T22:12:55Z,,,,,,,,CALCULATED
2013-05-18T16:20:00Z,2013-05-18T22:22:55Z,,,,,,,,CALCULATED
2013-05-18T16:30:00Z,2013-05-18T22:32:55Z,,,,,,,,CALCULATED
2013-05-18T16:40:00Z,2013-05-18T22:42:55Z,,,,,,,,CALCULATED
2013-05-18T16:50:00Z,2013-05-18T22:52:55Z,,,,,,,,CALCULATED
2013-05-18T17:00:00Z,2013-05-18T23:02:55Z,,,,,,,,CALCULATED
2013-05-18T17:10:00Z,2013-05-18T23:12:55Z,,,,,,,,CALCULATED
2013-05-18T17:20:00Z,2013-05-18T23:22:55Z,,,,,,,,CALCULATED
2013-05-18T17:30:00Z,2013-05-18T23:32:55Z,,,,,,,,CALCULATED
2013-05-18T17:40:00Z,2013-05-18T23:42:55Z,,,,,,,,CALCULATED
2013-05-18T17:50:00Z,2013-05-18T23:52:55Z,,,,,,,,CALCULATED
2013-05-18T18:00:00Z,2013-05-19T00:02:55Z,,,,,,,,CALCULATED
2013-05-18T18:10:00Z,2013-05-19T00:12:52Z,,,,,,,,CALCULATED
2013-05-18T18:20:00Z,2013-05-19T00:22:52Z,,,,,,,,CALCULATED
2013-05-18T18:30:00Z,2013-05-19T00:32:52Z,,,,,,,,CALCULATED
2013-05-18T18:40:00Z,2013-05-19T00:42:52Z,,,,,,,,CALCULATED
2013-05-18T18:50:00Z,2013-05-19T00:52:52Z,,,,,,OUT_WARN,,CALCULATED
2013-05-18T19:00:00Z,2013-05-19T01:02:52Z,,,,,,,,CALCULATED
2013-05-18T19:10:00Z,2013-05-19T01:12:52Z,,,,,,,,CALCULATED
2013-05-18T19:20:00Z,2013-05-19T01:22:52Z,,,,,,,,CALCULATED
2013-05-18T19:30:00Z,2013-05-19T01:32:52Z,,,,,,,,CALCULATED
2013-05-18T19:40:00Z,2013-05-19T01:42:52Z,,,,,,,,CALCULATED
2013-05-18T19:50:00Z,2013-05-19T01:52:52Z,,,,,,,,CALCULATED
2013-05-18T20:00:00Z,2013-05-19T02:02:52Z,,,,,,,,CALCULATED
2013-05-18T20:10:00Z,2013-05-19T02:12:52Z,,,,,,,,CALCULATED
2013-05-18T20:20:00Z,2013-05-19T02:22:52Z,,,,,,,,CALCULATED
2013-05-18T20:30:00Z,2013-05-19T02:32:52Z,,,,,,,,CALCULATED
2013-05-18T20:40:00Z,2013-05-19T02:42:52Z,,,,,,,,CALCULATED
2013-05-18T20:50:00Z,2013-05-19T02:52:52Z,,,,,,,,CALCULATED
2013-05-18T21:00:00Z,2013-05-19T03:02:52Z,,,,,,,,CALCULATED
2013-05-18T21:10:00Z,2013-05-19T03:12:52Z,,,,,,,,CALCULATED
2013-05-18T21:20:00Z,2013-05-19T03:22:52Z,,,,,,,,CALCULATED
2013-05-18T21:30:00Z,2013-05-19T03:32:52Z,,,,,,,,CALCULATED
2013-05-18T21:40:00Z,2013-05-19T03:42:52Z,,,,,,,,CALCULATED
2013-05-18T21:50:00Z,2013-05-19T03:52:52Z,,,,,,,,CALCULATED
2013-05-18T22:00:00Z,2013-05-19T04:02:52Z,,,,,,,,CALCULATED
2013-05-18T22:10:00Z,2013-05-19T04:12:52Z,,,,,,,,CALCULATED
2013-05-18T22:20:00Z,2013-05-19T04:22:52Z,,,,,,,,CALCULATED
2013-05-18T22:30:00Z,2013-05-19T04:32:52Z,,,,,,,,CALCULATED
2013-05-18T22:40:00Z,2013-05-19T04:42:52Z,,,,,,,,CALCULATED
2013-05-18T22:50:00Z,2013-05-19T04:52:52Z,,,,,,,,CALCULATED
2013-05-18T23:00:00Z,2013-05-19T05:02:52Z,,,,,,,,CALCULATED
2013-05-18T23:10:00Z,2013-05-19T05:12:52Z,,,,,,,,CALCULATED
2013-05-18T23:20:00Z,2013-05-19T05:22:52Z,,,,,,,,CALCULATED
2013-05-18T23:30:00Z,2013-05-19T05:32:52Z,,,,,,,,CALCULATED
2013-05-18T23:40:00Z,2013-05-19T05:42:52Z,,,,,,,,CALCULATED
2013-05-18T23:50:00Z,2013-05-19T05:52:52Z,,,,,,,,CALCULATED
2013-05-19T00:00:00Z,2013-05-19T06:02:52Z,,,,,,,,CALCULATED
2013-05-19T00:10:00Z,2013-05-19T06:12:52Z,,,,,,,,CALCULATED
2013-05-19T00:20:00Z,2013-05-19T06:22:52Z,,,,,,,,CALCULATED
2013-05-19T00:30:00Z,2013-05-19T06:32:52Z,,,,,,,,CALCULATED
2013-05-19T00:40:00Z,2013-05-19T06:42:52Z,,,,,,,,CALCULATED
2013-05-19T00:50:00Z,2013-05-19T06:52:52Z,,,,,,,,CALCULATED
2013-05-19T01:00:00Z,2013-05-19T07:02:52Z,,,,,,,,CALCULATED
2013-05-19T01:10:00Z,2013-05-19T07:12:52Z,,,,,,OUT_WARN,,CALCULATED
2013-05-19T01:20:00Z,2013-05-19T07:22:52Z,,,,,,,,CALCULATED
2013-05-19T01:30:00Z,2013-05-19T07:32:52Z,,,,,,,,CALCULATED
2013-05-19T01:40:00Z,2013-05-19T07:42:52Z,,,,,,,,CALCULATED
2013-05-19T01:50:00Z,2013-05-19T07:52:52Z,,,,,,,,CALCULATED
2013-05-19T02:00:00Z,2013-05-19T08:02:52Z,,,,,,,,CALCULATED
2013-05-19T02:10:00Z,2013-05-19T08:12:52Z,,,,,,,,CALCULATED
2013-05-19T02:20:00Z,2013-05-19T08:22:52Z,,,,,,,,CALCULATED
2013-05-19T02:30:00Z,2013-05-19T08:32:52Z,,,,,,,,CALCULATED
2013-05-19T02:40:00Z,2013-05-19T08:42:52Z,,,,,,,,CALCULATED
2013-05-19T02:50:00Z,2013-05-19T08:52:52Z,,,,,,,,CALCULATED
2013-05-19T03:00:00Z,2013-05-19T09:02:52Z,,,,,,,,CALCULATED
2013-05-19T03:10:00Z,2013-05-19T09:12:52Z,,,,,,,,CALCULATED
2013-05-19T03:20:00Z,2013-05-19T09:22:52Z,,,,,,,,CALCULATED
2013-05-19T03:30:00Z,2013-05-19T09:32:52Z,,,,,,,,CALCULATED
2013-05-19T03:40:00Z,2013-05-19T09:42:52Z,,,,,,,,CALCULATED
2013-05-19T03:50:00Z,2013-05-19T09:52:52Z,,,,,,,,CALCULATED
2013-05-19T04:00:00Z,2013-05-19T10:02:52Z,,,,,,,,CALCULATED
2013-05-19T04:10:00Z,2013-05-19T10:12:52Z,,,,,,,,CALCULATED
2013-05-19T04:20:00Z,2013-05-19T10:22:52Z,,,,,,,,CALCULATED
2013-05-19T04:30:00Z,2013-05-19T10:32:52Z,,,,,,,,CALCULATED
2013-05-19T04:40:00Z,2013-05-19T10:42:52Z,,,,,,,,CALCULATED
2013-05-19T04:50:00Z,2013-05-19T10:52:52Z,,,,,,,,CALCULATED
2013-05-19T05:00:00Z,2013-05-19T11:02:52Z,,,,,,,,CALCULATED
2013-05-19T05:10:00Z,2013-05-19T11:12:52Z,,,,,,,,CALCULATED
2013-05-19T05:20:00Z,2013-05-19T11:22:52Z,,,,,,,,CALCULATED
2013-05-19T05:30:00Z,2013-05-19T11:32:52Z,,,,,,,,CALCULATED
2013-05-19T05:40:00Z,2013-05-19T11:42:52Z,,,,,,,,CALCULATED
2013-05-19T05:50:00Z,2013-05-19T11:52:52Z,,,,,,,,CALCULATED
2013-05-19T06:00:00Z,2013-05-19T12:02:52Z,,,,,,,,CALCULATED
2013-05-19T06:10:00Z,2013-05-19T12:12:52Z,,,,,,,,CALCULATED
2013-05-19T06:20:00Z,2013-05-19T12:22:52Z,,,,,,,,CALCULATED
2013-05-19T06:30:00Z,2013-05-19T12:32:52Z,,,,,,,,CALCULATED
2013-05-19T06:40:00Z,2013-05-19T12:42:52Z,,,,,,,,CALCULATED
2013-05-19T06:50:00Z,2013-05-19T12:52:52Z,,,,,,,,CALCULATED
2013-05-19T07:00:00Z,2013-05-19T13:02:52Z,,,,,,,,CALCULATED
2013-05-19T07:10:00Z,2013-05-19T13:12:52Z,,,,,,,,CALCULATED
2013-05-19T07:20:00Z,2013-05-19T13:22:52Z,,,,,,,,CALCULATED
2013-05-19T07:30:00Z,2013-05-19T13:32:52Z,,,,,,,,CALCULATED
2013-05-19T07:40:00Z,2013-05-19T13:42:52Z,,,,,,,,CALCULATED
2013-05-19T07:50:00Z,2013-05-19T13:52:52Z,,,,,,,,CALCULATED
2013-05-19T08:00:00Z,2013-05-19T14:02:52Z,,,,,,,,CALCULATED
2013-05-19T08:10:00Z,2013-05-19T14:12:52Z,,RANGE_WARN,,,,,,CALCULATED
2013-05-19T08:20:00Z,2013-05-19T14:22:52Z,,RANGE_WARN,,,,,,CALCULATED
2013-05-19T08:30:00Z,2013-05-19T14:32:52Z,,RANGE_WARN,,,,,,CALCULATED
2013-05-19T08:40:00Z,2013-05-19T14:42:52Z,,RANGE_WARN,,,,,,CALCULATED
2013-05-19T08:50:00Z,2013-05-19T14:52:52Z,,RANGE_WARN,,,,,,CALCULATED
2013-05-19T09:00:00Z,2013-05-19T15:02:52Z,,RANGE_WARN,,,,,,CALCULATED
2013-05-19T09:10:00Z,2013-05-19T15:12:52Z,,RANGE_WARN,,,,,,CALCULATED
2013-05-19T09:20:00Z,2013-05-19T15:22:52Z,,RANGE_WARN,,,,,,CALCULATED
2013-05-19T09:30:00Z,2013-05-19T15:32:52Z,,RANGE_WARN,,,,,,CALCULATED
2013-05-19T09:40:00Z,2013-05-19T15:42:52Z,,RANGE_WARN,,,,,,CALCULATED
2013-05-19T09:50:00Z,2013-05-19T15:52:52Z,,RANGE_WARN,,,,,,CALCULATED
2013-05-19T10:00:00Z,2013-05-19T16:02:52Z,,RANGE_WARN,,,,,,CALCULATED
2013-05-19T10:10:00Z,2013-05-19T16:12:52Z,,RANGE_WARN,,,,,,CALCULATED
2013-05-19T10:20:00Z,2013-05-19T16:22:52Z,,RANGE_WARN,,,,,,CALCULATED
2013-05-19T10:30:00Z,2013-05-19T16:32:52Z,,RANGE_WARN,,,,,,CALCULATED
2013-05-19T10:40:00Z,2013-05-19T16:42:52Z,,RANGE_WARN,,,,,,CALCULATED
2013-05-19T10:50:00Z,2013-05-19T16:52:52Z,,RANGE_WARN,,,,,,CALCULATED
2013-05-19T11:00:00Z,2013-05-19T17:02:52Z,,RANGE_WARN,,,,,,CALCULATED
2013-05-19T11:10:00Z,2013-05-19T17:12:52Z,,RANGE_WARN,,,,,,CALCULATED
2013-05-19T11:20:00Z,2013-05-19T17:22:52Z,,RANGE_WARN,,,,,,CALCULATED
2013-05-19T11:30:00Z,2013-05-19T17:32:52Z,,RANGE_WARN,,,,,,CALCULATED
2013-05-19T11:40:00Z,2013-05-19T17:42:52Z,,RANGE_WARN,,,,,,CALCULATED
2013-05-19T11:50:00Z,2013-05-19T17:52:52Z,,RANGE_WARN,,,,,,CALCULATED
2013-05-19T12:00:00Z,2013-05-19T18:02:52Z,,RANGE_WARN,,,,,,CALCULATED
2013-05-19T12:10:00Z,2013-05-19T18:12:52Z,,RANGE_WARN,,,,,,CALCULATED
2013-05-19T12:20:00Z,2013-05-19T18:22:52Z,,,,,,,,CALCULATED
2013-05-19T12:30:00Z,2013-05-19T18:32:52Z,,,,,,,,CALCULATED
2013-05-19T12:40:00Z,2013-05-19T18:42:52Z,,,,,,,,CALCULATED
2013-05-19T12:50:00Z,2013-05-19T18:52:52Z,,,,,,,,CALCULATED
2013-05-19T13:00:00Z,2013-05-19T19:02:52Z,,,,,,,,CALCULATED
2013-05-19T13:10:00Z,2013-05-19T19:12:52Z,,,,,,,,CALCULATED
2013-05-19T13:20:00Z,2013-05-19T19:22:52Z,,,,,,,,CALCULATED
2013-05-19T13:30:00Z,2013-05-19T19:32:52Z,,,,,,,,CALCULATED
2013-05-19T13:40:00Z,2013-05-19T19:42:52Z,,,,,,,,CALCULATED
2013-05-19T13:50:00Z,2013-05-19T19:52:52Z,,,,,,,,CALCULATED
2013-05-19T14:00:00Z,2013-05-19T20:02:52Z,,,,,,,,CALCULATED
2013-05-19T14:10:00Z,2013-05-19T20:12:52Z,,,,,,,,CALCULATED
2013-05-19T14:20:00Z,2013-05-19T20:22:52Z,,,,,,,,CALCULATED
2013-05-19T14:30:00Z,2013-05-19T20:32:52Z,,,,,,,,CALCULATED
2013-05-19T14:40:00Z,2013-05-19T20:42:52Z,,,,,,,,CALCULATED
2013-05-19T14:50:00Z,2013-05-19T20:52:52Z,,,,,,,,CALCULATED
2013-05-19T15:00:00Z,2013-05-19T21:02:52Z,,,,,,,,CALCULATED
2013-05-19T15:10:00Z,2013-05-19T21:12:52Z,,,,,,,,CALCULATED
2013-05-19T15:20:00Z,2013-05-19T21:22:52Z,,,,,,,,CALCULATED
2013-05-19T15:30:00Z,2013-05-19T21:32:52Z,,,,,,,,CALCULATED
2013-05-19T15:40:00Z,2013-05-19T21:42:52Z,,,,,,,,CALCULATED
2013-05-19T15:50:00Z,2013-05-19T21:52:52Z,,,,,,,,CALCULATED
2013-05-19T16:00:00Z,2013-05-19T22:02:52Z,,,,,,,,CALCULATED
2013-05-19T16:10:00Z,2013-05-19T22:12:52Z,,,,,,,,CALCULATED
2013-05-19T16:20:00Z,2013-05-19T22:22:52Z,,,,,,,,CALCULATED
2013-05-19T16:30:00Z,2013-05-19T22:32:52Z,,,,,,,,CALCULATED
2013-05-19T16:40:00Z,2013-05-19T22:42:52Z,,,,,,,,CALCULATED
2013-05-19T16:50:00Z,2013-05-19T22:52:52Z,,,,,,,,CALCULATED
2013-05-19T17:00:00Z,2013-05-19T23:02:52Z,,,,,,,,CALCULATED
2013-05-19T17:10:00Z,2013-05-19T23:12:52Z,,,,,,,,CALCULATED
2013-05-19T17:20:00Z,2013-05-19T23:22:52Z,,,,,,,,CALCULATED
2013-05-19T17:30:00Z,2013-05-19T23:32:52Z,,,,,,,,CALCULATED
2013-05-19T17:40:00Z,2013-05-19T23:42:52Z,,,,,,,,CALCULATED
2013-05-19T17:50:00Z,2013-05-19T23:52:52Z,,,,,,,,CALCULATED
2013-05-19T18:00:00Z,2013-05-20T00:02:52Z,,,,,,,,CALCULATED
2013-05-19T18:10:00Z,2013-05-20T00:12:47Z,,,,,,,,CALCULATED
2013-05-19T18:20:00Z,2013-05-20T00:22:47Z,,,,,,,,CALCULATED
2013-05-19T18:30:00Z,2013-05-20T00:32:47Z,,,,,,,,CALCULATED
2013-05-19T18:40:00Z,2013-05-20T00:42:47Z,,,,,,,,CALCULATED
2013-05-19T18:50:00Z,2013-05-20T00:52:47Z,,,,,,,,CALCULATED
2013-05-19T19:00:00Z,2013-05-20T01:02:47Z,,,,,,,,CALCULATED
2013-05-19T19:10:00Z,2013-05-20T01:12:47Z,,,,,,,,CALCULATED
2013-05-19T19:20:00Z,2013-05-20T01:22:47Z,,,,,,,,CALCULATED
2013-05-19T19:30:00Z,2013-05-20T01:32:47Z,,,,,,,,CALCULATED
2013-05-19T19:40:00Z,2013-05-20T01:42:47Z,,,,,,,,CALCULATED
2013-05-19T19:50:00Z,2013-05-20T01:52:47Z,,,,,,,,CALCULATED
2013-05-19T20:00:00Z,2013-05-20T02:02:47Z,,,,,,,,CALCULATED
2013-05-19T20:10:00Z,2013-05-20T02:12:47Z,,,,,,,,CALCULATED
2013-05-19T20:20:00Z,2013-05-20T02:22:47Z,,,,,,,,CALCULATED
2013-05-19T20:30:00Z,2013-05-20T02:32:47Z,,,,,,,,CALCULATED
2013-05-19T20:40:00Z,2013-05-20T02:42:47Z,,,,,,,,CALCULATED
2013-05-19T20:50:00Z,2013-05-20T02:52:47Z,,,,,,,,CALCULATED
2013-05-19T21:00:00Z,2013-05-20T03:02:47Z,,,,,,,,CALCULATED
2013-05-19T21:10:00Z,2013-05-20T03:12:47Z,,,,,,,,CALCULATED
2013-05-19T21:20:00Z,2013-05-20T03:22:47Z,,,,,,,,CALCULATED
2013-05-19T21:30:00Z,2013-05-20T03:32:47Z,,,,,,,,CALCULATED
2013-05-19T21:40:00Z,2013-05-20T03:42:47Z,,,,,,,,CALCULATED
2013-05-19T21:50:00Z,2013-05-20T03:52:47Z,,,,,,,,CALCULATED
2013-05-19T22:00:00Z,2013-05-20T04:02:47Z,,,,,,,,CALCULATED
2013-05-19T22:10:00Z,2013-05-20T04:12:47Z,,,,,,,,CALCULATED
2013-05-19T22:20:00Z,2013-05-20T04:22:47Z,,,,,,,,CALCULATED
2013-05-19T22:30:00Z,2013-05-20T04:32:47Z,,,,,,,,CALCULATED
2013-05-19T22:40:00Z,2013-05-20T04:42:47Z,,,,,,,,CALCULATED
2013-05-19T22:50:00Z,2013-05-20T04:52:47Z,,,,,,,,CALCULATED
2013-05-19T23:00:00Z,2013-05-20T05:02:47Z,,,,,,,,CALCULATED
2013-05-19T23:10:00Z,2013-05-20T05:12:47Z,,,,,,,,CALCULATED
2013-05-19T23:20:00Z,2013-05-20T05:22:47Z,,,,,,,,CALCULATED
2013-05-19T23:30:00Z,2013-05-20T05:32:47Z,,,,,,,,CALCULATED
2013-05-19T23:40:00Z,2013-05-20T05:42:47Z,,,,,,,,CALCULATED
2013-05-19T23:50:00Z,2013-05-20T05:52:47Z,,,,,,,,CALCULATED
2013-05-20T00:00:00Z,2013-05-20T06:02:47Z,,,,,,,,CALCULATED
2013-05-20T00:10:00Z,2013-05-20T06:12:47Z,,,,,,,,CALCULATED
2013-05-20T00:20:00Z,2013-05-20T06:22:47Z,,,,,,,,CALCULATED
2013-05-20T00:30:00Z,2013-05-20T06:32:47Z,,,,,,,,CALCULATED
2013-05-20T00:40:00Z,2013-05-20T06:42:47Z,,,,,,,,CALCULATED
2013-05-20T00:50:00Z,2013-05-20T06:52:47Z,,,,,,,,CALCULATED
2013-05-20T01:00:00Z,2013-05-20T07:02:47Z,,,,,,,,CALCULATED
2013-05-20T01:10:00Z,2013-05-20T07:12:47Z,,,,,,,,CALCULATED
2013-05-20T01:20:00Z,2013-05-20T07:22:47Z,,,,,,,,CALCULATED
2013-05-20T01:30:00Z,2013-05-20T07:32:47Z,,,,,,,,CALCULATED
2013-05-20T01:40:00Z,2013-05-20T07:42:47Z,,,,,,,,CALCULATED
2013-05-20T01:50:00Z,2013-05-20T07:52:47Z,,,,,,,,CALCULATED
2013-05-20T02:00:00Z,2013-05-20T08:02:47Z,,,,,,,,CALCULATED
2013-05-20T02:10:00Z,2013-05-20T08:12:47Z,,,,,,,,CALCULATED
2013-05-20T02:20:00Z,2013-05-20T08:22:47Z,,,,,,,,CALCULATED
2013-05-20T02:30:00Z,2013-05-20T08:32:47Z,,,,,,,,CALCULATED
2013-05-20T02:40:00Z,2013-05-20T08:42:47Z,,,,,,,,CALCULATED
2013-05-20T02:50:00Z,2013-05-20T08:52:47Z,,,,,,OUT_WARN,,CALCULATED
2013-05-20T03:00:00Z,2013-05-20T09:02:47Z,,,,,,,,CALCULATED
2013-05-20T03:10:00Z,2013-05-20T09:12:47Z,,,,,,,,CALCULATED
2013-05-20T03:20:00Z,2013-05-20T09:22:47Z,,,,,,,,CALCULATED
2013-05-20T03:30:00Z,2013-05-20T09:32:47Z,,,,,,,,CALCULATED
2013-05-20T03:40:00Z,2013-05-20T09:42:47Z,,,,,,,,CALCULATED
2013-05-20T03:50:00Z,2013-05-20T09:52:47Z,,,,,,,,CALCULATED
2013-05-20T04:00:00Z,2013-05-20T10:02:47Z,,,,,,,,CALCULATED
2013-05-20T04:10:00Z,2013-05-20T10:12:47Z,,,,,,,,CALCULATED
2013-05-20T04:20:00Z,2013-05-20T10:22:47Z,,,,,,,,CALCULATED
2013-05-20T04:30:00Z,2013-05-20T10:32:47Z,,,,,,,,CALCULATED
2013-05-20T04:40:00Z,2013-05-20T10:42:47Z,,,,,,,,CALCULATED
2013-05-20T04:50:00Z,2013-05-20T10:52:47Z,,,,,,,,CALCULATED
2013-05-20T05:00:00Z,2013-05-20T11:02:47Z,,RANGE_WARN,,,,,,CALCULATED
2013-05-20T05:10:00Z,2013-05-20T11:12:47Z,,RANGE_WARN,,,,,,CALCULATED
2013-05-20T05:20:00Z,2013-05-20T11:22:47Z,,RANGE_WARN,,,,,,CALCULATED
2013-05-20T05:30:00Z,2013-05-20T11:32:47Z,,RANGE_WARN,,,,,,CALCULATED
2013-05-20T05:40:00Z,2013-05-20T11:42:47Z,,RANGE_WARN,,,,,,CALCULATED
2013-05-20T05:50:00Z,2013-05-20T11:52:47Z,,,,,,,,CALCULATED
2013-05-20T06:00:00Z,2013-05-20T12:02:47Z,,RANGE_WARN,,,,,,CALCULATED
2013-05-20T06:10:00Z,2013-05-20T12:12:47Z,,RANGE_WARN,,,,,,CALCULATED
2013-05-20T06:20:00Z,2013-05-20T12:22:47Z,,RANGE_WARN,,,,,,CALCULATED
2013-05-20T06:30:00Z,2013-05-20T12:32:47Z,,RANGE_WARN,,,,,,CALCULATED
2013-05-20T06:40:00Z,2013-05-20T12:42:47Z,,RANGE_WARN,,,,,,CALCULATED
2013-05-20T06:50:00Z,2013-05-20T12:52:47Z,,RANGE_WARN,,,,,,CALCULATED
2013-05-20T07:00:00Z,2013-05-20T13:02:47Z,,RANGE_WARN,,,,,,CALCULATED
2013-05-20T07:10:00Z,2013-05-20T13:12:47Z,,RANGE_WARN,,,,,,CALCULATED
2013-05-20T07:20:00Z,2013-05-20T13:22:47Z,,RANGE_WARN,,,,,,CALCULATED
2013-05-20T07:30:00Z,2013-05-20T13:32:47Z,,RANGE_WARN,,,,,,CALCULATED
2013-05-20T07:40:00Z,2013-05-20T13:42:47Z,,RANGE_WARN,,,,,,CALCULATED
2013-05-20T07:50:00Z,2013-05-20T13:52:47Z,,RANGE_WARN,,,,,,CALCULATED
2013-05-20T08:00:00Z,2013-05-20T14:02:47Z,,RANGE_WARN,,,,,,CALCULATED
2013-05-20T08:10:00Z,2013-05-20T14:12:47Z,,RANGE_WARN,,,,,,CALCULATED
2013-05-20T08:20:00Z,2013-05-20T14:22:47Z,,RANGE_WARN,,,,,,CALCULATED
2013-05-20T08:30:00Z,2013-05-20T14:32:47Z,,RANGE_WARN,,,,,,CALCULATED
2013-05-20T08:40:00Z,2013-05-20T14:42:47Z,,RANGE_WARN,,,,,,CALCULATED
2013-05-20T08:50:00Z,2013-05-20T14:52:47Z,,RANGE_WARN,,,,,,CALCULATED
2013-05-20T09:00:00Z,2013-05-20T15:02:47Z,,RANGE_WARN,,,,,,CALCULATED
2013-05-20T09:10:00Z,2013-05-20T15:12:47Z,,RANGE_WARN,,,,,,CALCULATED
2013-05-20T09:20:00Z,2013-05-20T15:22:47Z,,RANGE_WARN,,,,,,CALCULATED
2013-05-20T09:30:00Z,2013-05-20T15:32:47Z,,RANGE_WARN,,,,,,CALCULATED
2013-05-20T09:40:00Z,2013-05-20T15:42:47Z,,RANGE_WARN,,,,,,CALCULATED
2013-05-20T09:50:00Z,2013-05-20T15:52:47Z,,RANGE_WARN,,,,,,CALCULATED
2013-05-20T10:00:00Z,2013-05-20T16:02:47Z,,RANGE_WARN,,,,,,CALCULATED
2013-05-20T10:10:00Z,2013-05-20T16:12:47Z,,RANGE_WARN,,,,,,CALCULATED
2013-05-20T10:20:00Z,2013-05-20T16:22:47Z,,RANGE_WARN,,,,,,CALCULATED
2013-05-20T10:30:00Z,2013-05-20T16:32:47Z,,RANGE_WARN,,,,,,CALCULATED
2013-05-20T10:40:00Z,2013-05-20T16:42:47Z,,RANGE_WARN,,,,,,CALCULATED
2013-05-20T10:50:00Z,2013-05-20T16:52:47Z,,RANGE_WARN,,,,,,CALCULATED
2013-05-20T11:00:00Z,2013-05-20T17:02:47Z,,RANGE_WARN,,,,,,CALCULATED
2013-05-20T11:10:00Z,2013-05-20T17:12:47Z,,RANGE_WARN,,,,,,CALCULATED
2013-05-20T11:20:00Z,2013-05-20T17:22:47Z,,RANGE_WARN,,,,,,CALCULATED
2013-05-20T11:30:00Z,2013-05-20T17:32:47Z,,RANGE_WARN,,,,,,CALCULATED
2013-05-20T11:40:00Z,2013-05-20T17:42:47Z,,RANGE_WARN,,,,,,CALCULATED
2013-05-20T11:50:00Z,2013-05-20T17:52:47Z,,RANGE_WARN,,,,,,CALCULATED
2013-05-20T12:00:00Z,2013-05-20T18:02:47Z,,RANGE_WARN,,,,,,CALCULATED
2013-05-20T12:10:00Z,2013-05-20T18:12:47Z,,RANGE_WARN,,,,,,CALCULATED
2013-05-20T12:20:00Z,2013-05-20T18:22:47Z,,RANGE_WARN,,,,,,CALCULATED
2013-05-20T12:30:00Z,2013-05-20T18:32:47Z,,RANGE_WARN,,,,,,CALCULATED
2013-05-20T12:40:00Z,2013-05-20T18:42:47Z,,RANGE_WARN,,,,,,CALCULATED
2013-05-20T12:50:00Z,2013-05-20T18:52:47Z,,RANGE_WARN,,,,,,CALCULATED
2013-05-20T13:00:00Z,2013-05-20T19:02:47Z,,RANGE_WARN,,,,,,CALCULATED
2013-05-20T13:10:00Z,2013-05-20T19:12:47Z,,RANGE_WARN,,,,,,CALCULATED
2013-05-20T13:20:00Z,2013-05-20T19:22:47Z,,RANGE_WARN,,,,,,CALCULATED
2013-05-20T13:30:00Z,2013-05-20T19:32:47Z,,RANGE_WARN,,,,,,CALCULATED
2013-05-20T13:40:00Z,2013-05-20T19:42:47Z,,RANGE_WARN,,,,,,CALCULATED
2013-05-20T13:50:00Z,2013-05-20T19:52:47Z,,,,,,,,CALCULATED
2013-05-20T14:00:00Z,2013-05-20T20:02:47Z,,,,,,,,CALCULATED
2013-05-20T14:10:00Z,2013-05-20T20:12:47Z,,,,,,,,CALCULATED
2013-05-20T14:20:00Z,2013-05-20T20:22:47Z,,,,,,,,CALCULATED
2013-05-20T14:30:00Z,2013-05-20T20:32:47Z,,,,,,,,CALCULATED
2013-05-20T14:40:00Z,2013-05-20T20:42:47Z,,,,,,,,CALCULATED
2013-05-20T14:50:00Z,2013-05-20T20:52:47Z,,,,,,,,CALCULATED
2013-05-20T15:00:00Z,2013-05-20T21:02:47Z,,,,,,,,CALCULATED
2013-05-20T15:10:00Z,2013-05-20T21:12:47Z,,,,,,,,CALCULATED
2013-05-20T15:20:00Z,2013-05-20T21:22:47Z,,,,,,,,CALCULATED
2013-05-20T15:30:00Z,2013-05-20T21:32:47Z,,,,,,,,CALCULATED
2013-05-20T15:40:00Z,2013-05-20T21:42:47Z,,,,,,,,CALCULATED
2013-05-20T15:50:00Z,2013-05-20T21:52:47Z,,,,,,,,CALCULATED
2013-05-20T16:00:00Z,2013-05-20T22:02:47Z,,,,,,,,CALCULATED
2013-05-20T16:10:00Z,2013-05-20T22:12:47Z,,,,,,,,CALCULATED
2013-05-20T16:20:00Z,2013-05-20T22:22:47Z,,,,,,,,CALCULATED
2013-05-20T16:30:00Z,2013-05-20T22:32:47Z,,,,,,,,CALCULATED
2013-05-20T16:40:00Z,2013-05-20T22:42:47Z,,,,,,,,CALCULATED
2013-05-20T16:50:00Z,2013-05-20T22:52:47Z,,,,,,,,CALCULATED
2013-05-20T17:00:00Z,2013-05-20T23:02:47Z,,,,,,,,CALCULATED
2013-05-20T17:10:00Z,2013-05-20T23:12:47Z,,,,,,,,CALCULATED
2013-05-20T17:20:00Z,2013-05-20T23:22:47Z,,,,,,,,CALCULATED
2013-05-20T17:30:00Z,2013-05-20T23:32:47Z,,,,,,,,CALCULATED
2013-05-20T17:40:00Z,2013-05-20T23:42:47Z,,,,,,,,CALCULATED
2013-05-20T17:50:00Z,2013-05-20T23:52:47Z,,,,,,,,CALCULATED
2013-05-20T18:00:00Z,2013-05-21T00:02:47Z,,,,,,,,CALCULATED
2013-05-20T18:10:00Z,2013-05-21T00:12:43Z,,,,,,,,CALCULATED
2013-05-20T18:20:00Z,2013-05-21T00:22:43Z,,,,,,,,CALCULATED
2013-05-20T18:30:00Z,2013-05-21T00:32:43Z,,,,,,,,CALCULATED
2013-05-20T18:40:00Z,2013-05-21T00:42:43Z,,,,,,,,CALCULATED
2013-05-20T18:50:00Z,2013-05-21T00:52:43Z,,,,,,,,CALCULATED
2013-05-20T19:00:00Z,2013-05-21T01:02:43Z,,,,,,,,CALCULATED
2013-05-20T19:10:00Z,2013-05-21T01:12:43Z,,,,,,,,CALCULATED
2013-05-20T19:20:00Z,2013-05-21T01:22:43Z,,,,,,,,CALCULATED
2013-05-20T19:30:00Z,2013-05-21T01:32:43Z,,,,,,,,CALCULATED
2013-05-20T19:40:00Z,2013-05-21T01:42:43Z,,,,,,,,CALCULATED
2013-05-20T19:50:00Z,2013-05-21T01:52:43Z,,,,,,,,CALCULATED
2013-05-20T20:00:00Z,2013-05-21T02:02:43Z,,,,,,,,CALCULATED
2013-05-20T20:10:00Z,2013-05-21T02:12:43Z,,,,,,,,CALCULATED
2013-05-20T20:20:00Z,2013-05-21T02:22:43Z,,,,,,,,CALCULATED
2013-05-20T20:30:00Z,2013-05-21T02:32:43Z,,,,,,,,CALCULATED
2013-05-20T20:40:00Z,2013-05-21T02:42:43Z,,,,,,,,CALCULATED
2013-05-20T20:50:00Z,2013-05-21T02:52:43Z,,,,,,,,CALCULATED
2013-05-20T21:00:00Z,2013-05-21T03:02:43Z,,,,,,,,CALCULATED
2013-05-20T21:10:00Z,2013-05-21T03:12:43Z,,,,,,,,CALCULATED
2013-05-20T21:20:00Z,2013-05-21T03:22:43Z,,,,,,,,CALCULATED
2013-05-20T21:30:00Z,2013-05-21T03:32:43Z,,,,,,,,CALCULATED
2013-05-20T21:40:00Z,2013-05-21T03:42:43Z,,,,,,,,CALCULATED
2013-05-20T21:50:00Z,2013-05-21T03:52:43Z,,,,,,,,CALCULATED
2013-05-20T22:00:00Z,2013-05-21T04:02:43Z,,,,,,,,CALCULATED
2013-05-20T22:10:00Z,2013-05-21T04:12:43Z,,,,,,,,CALCULATED
2013-05-20T22:20:00Z,2013-05-21T04:22:43Z,,,,,,,,CALCULATED
2013-05-20T22:30:00Z,2013-05-21T04:32:43Z,,,,,,,,CALCULATED
2013-05-20T22:40:00Z,2013-05-21T04:42:43Z,,,,,,,,CALCULATED
2013-05-20T22:50:00Z,2013-05-21T04:52:43Z,,,,,,,,CALCULATED
2013-05-20T23:00:00Z,2013-05-21T05:02:43Z,,,,,,,,CALCULATED
2013-05-20T23:10:00Z,2013-05-21T05:12:43Z,,,,,,,,CALCULATED
2013-05-20T23:20:00Z,2013-05-21T05:22:43Z,,,,,,,,CALCULATED
2013-05-20T23:30:00Z,2013-05-21T05:32:43Z,,,,,,,,CALCULATED
2013-05-20T23:40:00Z,2013-05-21T05:42:43Z,,,,,,,,CALCULATED
2013-05-20T23:50:00Z,2013-05-21T05:52:43Z,,,,,,,,CALCULATED
2013-05-21T00:00:00Z,2013-05-21T06:02:43Z,,,,,,,,CALCULATED
2013-05-21T00:10:00Z,2013-05-21T06:12:43Z,,,,,,,,CALCULATED
2013-05-21T00:20:00Z,2013-05-21T06:22:43Z,,,,,,,,CALCULATED
2013-05-21T00:30:00Z,2013-05-21T06:32:43Z,,,,,,,,CALCULATED
2013-05-21T00:40:00Z,2013-05-21T06:42:43Z,,,,,,,,CALCULATED
2013-05-21T00:50:00Z,2013-05-21T06:52:43Z,,,,,,,,CALCULATED
2013-05-21T01:00:00Z,2013-05-21T07:02:43Z,,,,,,,,CALCULATED
2013-05-21T01:10:00Z,2013-05-21T07:12:43Z,,,,,,,,CALCULATED
2013-05-21T01:20:00Z,2013-05-21T07:22:43Z,,,,,,,,CALCULATED
2013-05-21T01:30:00Z,2013-05-21T07:32:43Z,,,,,,,,CALCULATED
2013-05-21T01:40:00Z,2013-05-21T07:42:43Z,,,,,,,,CALCULATED
2013-05-21T01:50:00Z,2013-05-21T07:52:43Z,,,,,,,,CALCULATED
2013-05-21T02:00:00Z,2013-05-21T08:02:43Z,,,,,,,,CALCULATED
2013-05-21T02:10:00Z,2013-05-21T08:12:43Z,,,,,,,,CALCULATED
2013-05-21T02:20:00Z,2013-05-21T08:22:43Z,,,,,,,,CALCULATED
2013-05-21T02:30:00Z,2013-05-21T08:32:43Z,,,,,,,,CALCULATED
2013-05-21T02:40:00Z,2013-05-21T08:42:43Z,,,,,,,,CALCULATED
2013-05-21T02:50:00Z,2013-05-21T08:52:43Z,,,,,,,,CALCULATED
2013-05-21T03:00:00Z,2013-05-21T09:02:43Z,,,,,,,,CALCULATED
2013-05-21T03:10:00Z,2013-05-21T09:12:43Z,,,,,,,,CALCULATED
2013-05-21T03:20:00Z,2013-05-21T09:22:43Z,,,,,,,,CALCULATED
2013-05-21T03:30:00Z,2013-05-21T09:32:43Z,,,,,,,,CALCULATED
2013-05-21T03:40:00Z,2013-05-21T09:42:43Z,,,,,,,,CALCULATED
2013-05-21T03:50:00Z,2013-05-21T09:52:43Z,,,,,,,,CALCULATED
2013-05-21T04:00:00Z,2013-05-21T10:02:43Z,,,,,,,,CALCULATED
2013-05-21T04:10:00Z,2013-05-21T10:12:43Z,,,,,,,,CALCULATED
2013-05-21T04:20:00Z,2013-05-21T10:22:43Z,,,,,,,,CALCULATED
2013-05-21T04:30:00Z,2013-05-21T10:32:43Z,,,,,,,,CALCULATED
2013-05-21T04:40:00Z,2013-05-21T10:42:43Z,,,,,,,,CALCULATED
2013-05-21T04:50:00Z,2013-05-21T10:52:43Z,,,,,,,,CALCULATED
2013-05-21T05:00:00Z,2013-05-21T11:02:43Z,,,,,,,,CALCULATED
2013-05-21T05:10:00Z,2013-05-21T11:12:43Z,,,,,,,,CALCULATED
2013-05-21T05:20:00Z,2013-05-21T11:22:43Z,,,,,,,,CALCULATED
2013-05-21T05:30:00Z,2013-05-21T11:32:43Z,,,,,,,,CALCULATED
2013-05-21T05:40:00Z,2013-05-21T11:42:43Z,,,,,,,,CALCULATED
2013-05-21T05:50:00Z,2013-05-21T11:52:43Z,,,,,,,,CALCULATED
2013-05-21T06:00:00Z,2013-05-21T12:02:43Z,,,,,,,,CALCULATED
2013-05-21T06:10:00Z,2013-05-21T12:12:43Z,,RANGE_WARN,,,,,,CALCULATED
2013-05-21T06:20:00Z,2013-05-21T12:22:43Z,,RANGE_WARN,,,,,,CALCULATED
2013-05-21T06:30:00Z,2013-05-21T12:32:43Z,,RANGE_WARN,,,,,,CALCULATED
2013-05-21T06:40:00Z,2013-05-21T12:42:43Z,,,,,,,,CALCULATED
2013-05-21T06:50:00Z,2013-05-21T12:52:43Z,,RANGE_WARN,,,,,,CALCULATED
2013-05-21T07:00:00Z,2013-05-21T13:02:43Z,,RANGE_WARN,,,,,,CALCULATED
2013-05-21T07:10:00Z,2013-05-21T13:12:43Z,,RANGE_WARN,,,,,,CALCULATED
2013-05-21T07:20:00Z,2013-05-21T13:22:43Z,,RANGE_WARN,,,,,,CALCULATED
2013-05-21T07:30:00Z,2013-05-21T13:32:43Z,,RANGE_WARN,,,,,,CALCULATED
2013-05-21T07:40:00Z,2013-05-21T13:42:43Z,,RANGE_WARN,,,,,,CALCULATED
2013-05-21T07:50:00Z,2013-05-21T13:52:43Z,,RANGE_WARN,,,,,,CALCULATED
2013-05-21T08:00:00Z,2013-05-21T14:02:43Z,,RANGE_WARN,,,,,,CALCULATED
2013-05-21T08:10:00Z,2013-05-21T14:12:43Z,,RANGE_WARN,,,,,,CALCULATED
2013-05-21T08:20:00Z,2013-05-21T14:22:43Z,,RANGE_WARN,,,,,,CALCULATED
2013-05-21T08:30:00Z,2013-05-21T14:32:43Z,,RANGE_WARN,,,,,,CALCULATED
2013-05-21T08:40:00Z,2013-05-21T14:42:43Z,,RANGE_WARN,,,,,,CALCULATED
2013-05-21T08:50:00Z,2013-05-21T14:52:43Z,,RANGE_WARN,,,,,,CALCULATED
2013-05-21T09:00:00Z,2013-05-21T15:02:43Z,,RANGE_WARN,,,,,,CALCULATED
2013-05-21T09:10:00Z,2013-05-21T15:12:43Z,,RANGE_WARN,,,,,,CALCULATED
2013-05-21T09:20:00Z,2013-05-21T15:22:43Z,,RANGE_WARN,,,,,,CALCULATED
2013-05-21T09:30:00Z,2013-05-21T15:32:43Z,,RANGE_WARN,,,,,,CALCULATED
2013-05-21T09:40:00Z,2013-05-21T15:42:43Z,,RANGE_WARN,,,,,,CALCULATED
2013-05-21T09:50:00Z,2013-05-21T15:52:43Z,,RANGE_WARN,,,,,,CALCULATED
2013-05-21T10:00:00Z,2013-05-21T16:02:43Z,,RANGE_WARN,,,,,,CALCULATED
2013-05-21T10:10:00Z,2013-05-21T16:12:43Z,,RANGE_WARN,,,,,,CALCULATED
2013-05-21T10:20:00Z,2013-05-21T16:22:43Z,,RANGE_WARN,,,,,,CALCULATED
2013-05-21T10:30:00Z,2013-05-21T16:32:43Z,,RANGE_WARN,,,,,,CALCULATED
2013-05-21T10:40:00Z,2013-05-21T16:42:43Z,,RANGE_WARN,,,,,,CALCULATED
2013-05-21T10:50:00Z,2013-05-21T16:52:43Z,,RANGE_WARN,,,,,,CALCULATED
2013-05-21T11:00:00Z,2013-05-21T17:02:43Z,,RANGE_WARN,,,,,,CALCULATED
2013-05-21T11:10:00Z,2013-05-21T17:12:43Z,,RANGE_WARN,,,,,,CALCULATED
2013-05-21T11:20:00Z,2013-05-21T17:22:43Z,,RANGE_WARN,,,,,,CALCULATED
2013-05-21T11:30:00Z,2013-05-21T17:32:43Z,,RANGE_WARN,,,,,,CALCULATED
2013-05-21T11:40:00Z,2013-05-21T17:42:43Z,,RANGE_WARN,,,,,,CALCULATED
2013-05-21T11:50:00Z,2013-05-21T17:52:43Z,,RANGE_WARN,,,,,,CALCULATED
2013-05-21T12:00:00Z,2013-05-21T18:02:43Z,,RANGE_WARN,,,,,,CALCULATED
2013-05-21T12:10:00Z,2013-05-21T18:12:43Z,,RANGE_WARN,,,,,,CALCULATED
2013-05-21T12:20:00Z,2013-05-21T18:22:43Z,,,,,,,,CALCULATED
2013-05-21T12:30:00Z,2013-05-21T18:32:43Z,,RANGE_WARN,,,,,,CALCULATED
2013-05-21T12:40:00Z,2013-05-21T18:42:43Z,,RANGE_WARN,,,,,,CALCULATED
2013-05-21T12:50:00Z,2013-05-21T18:52:43Z,,,,,,,,CALCULATED
2013-05-21T13:00:00Z,2013-05-21T19:02:43Z,,,,,,,,CALCULATED
2013-05-21T13:10:00Z,2013-05-21T19:12:43Z,,,,,,,,CALCULATED
2013-05-21T13:20:00Z,2013-05-21T19:22:43Z,,,,,,,,CALCULATED
2013-05-21T13:30:00Z,2013-05-21T19:32:43Z,,,,,,,,CALCULATED
2013-05-21T13:40:00Z,2013-05-21T19:42:43Z,,,,,,,,CALCULATED
2013-05-21T13:50:00Z,2013-05-21T19:52:43Z,,,,,,,,CALCULATED
2013-05-21T14:00:00Z,2013-05-21T20:02:43Z,,,,,,,,CALCULATED
2013-05-21T14:10:00Z,2013-05-21T20:12:43Z,,,,,,,,CALCULATED
2013-05-21T14:20:00Z,2013-05-21T20:22:43Z,,,,,,,,CALCULATED
2013-05-21T14:30:00Z,2013-05-21T20:32:43Z,,,,,,,,CALCULATED
2013-05-21T14:40:00Z,2013-05-21T20:42:43Z,,,,,,,,CALCULATED
2013-05-21T14:50:00Z,2013-05-21T20:52:43Z,,,,,,,,CALCULATED
2013-05-21T15:00:00Z,2013-05-21T21:02:43Z,,,,,,,,CALCULATED
2013-05-21T15:10:00Z,2013-05-21T21:12:43Z,,,,,,,,CALCULATED
2013-05-21T15:20:00Z,2013-05-21T21:22:43Z,,,,,,,,CALCULATED
2013-05-21T15:30:00Z,2013-05-21T21:32:43Z,,,,,,,,CALCULATED
2013-05-21T15:40:00Z,2013-05-21T21:42:43Z,,,,,,,,CALCULATED
2013-05-21T15:50:00Z,2013-05-21T21:52:43Z,,,,,,,,CALCULATED
2013-05-21T16:00:00Z,2013-05-21T22:02:43Z,,,,,,,,CALCULATED
2013-05-21T16:10:00Z,2013-05-21T22:12:43Z,,,,,,,,CALCULATED
2013-05-21T16:20:00Z,2013-05-21T22:22:43Z,,,,,,,,CALCULATED
2013-05-21T16:30:00Z,2013-05-21T22:32:43Z,,,,,,,,CALCULATED
2013-05-21T16:40:00Z,2013-05-21T22:42:43Z,,,,,,,,CALCULATED
2013-05-21T16:50:00Z,2013-05-21T22:52:43Z,,,,,,,,CALCULATED
2013-05-21T17:00:00Z,2013-05-21T23:02:43Z,,,,,,,,CALCULATED
2013-05-21T17:10:00Z,2013-05-21T23:12:43Z,,,,,,,,CALCULATED
2013-05-21T17:20:00Z,2013-05-21T23:22:43Z,,,,,,,,CALCULATED
2013-05-21T17:30:00Z,2013-05-21T23:32:43Z,,,,,,,,CALCULATED
2013-05-21T17:40:00Z,2013-05-21T23:42:43Z,,,,,,,,CALCULATED
2013-05-21T17:50:00Z,2013-05-21T23:52:43Z,,,,,,,,CALCULATED
2013-05-21T18:00:00Z,2013-05-22T00:02:43Z,,,,,,,,CALCULATED
2013-05-21T18:10:00Z,2013-05-22T00:12:37Z,,,,,,,,CALCULATED
2013-05-21T18:20:00Z,2013-05-22T00:22:37Z,,,,,,,,CALCULATED
2013-05-21T18:30:00Z,2013-05-22T00:32:37Z,,,,,,,,CALCULATED
2013-05-21T18:40:00Z,2013-05-22T00:42:37Z,,,,,,,,CALCULATED
2013-05-21T18:50:00Z,2013-05-22T00:52:37Z,,,,,,,,CALCULATED
2013-05-21T19:00:00Z,2013-05-22T01:02:37Z,,,,,,,,CALCULATED
2013-05-21T19:10:00Z,2013-05-22T01:12:37Z,,,,,,,,CALCULATED
2013-05-21T19:20:00Z,2013-05-22T01:22:37Z,,,,,,,,CALCULATED
2013-05-21T19:30:00Z,2013-05-22T01:32:37Z,,,,,,,,CALCULATED
2013-05-21T19:40:00Z,2013-05-22T01:42:37Z,,,,,,,,CALCULATED
2013-05-21T19:50:00Z,2013-05-22T01:52:37Z,,,,,,,,CALCULATED
2013-05-21T20:00:00Z,2013-05-22T02:02:37Z,,,,,,,,CALCULATED
2013-05-21T20:10:00Z,2013-05-22T02:12:37Z,,,,,,,,CALCULATED
2013-05-21T20:20:00Z,2013-05-22T02:22:37Z,,,,,,,,CALCULATED
2013-05-21T20:30:00Z,2013-05-22T02:32:37Z,,,,,,,,CALCULATED
2013-05-21T20:40:00Z,2013-05-22T02:42:37Z,,,,,,,,CALCULATED
2013-05-21T20:50:00Z,2013-05-22T02:52:37Z,,,,,,,,CALCULATED
2013-05-21T21:00:00Z,2013-05-22T03:02:37Z,,,,,,,,CALCULATED
2013-05-21T21:10:00Z,2013-05-22T03:12:37Z,,,,,,,,CALCULATED
2013-05-21T21:20:00Z,2013-05-22T03:22:37Z,,,,,,,,CALCULATED
2013-05-21T21:30:00Z,2013-05-22T03:32:37Z,,,,,,,,CALCULATED
2013-05-21T21:40:00Z,2013-05-22T03:42:37Z,,,,,,,,CALCULATED
2013-05-21T21:50:00Z,2013-05-22T03:52:37Z,,,,,,,,CALCULATED
2013-05-21T22:00:00Z,2013-05-22T04:02:37Z,,,,,,,,CALCULATED
2013-05-21T22:10:00Z,2013-05-22T04:12:37Z,,,,,,,,CALCULATED
2013-05-21T22:20:00Z,2013-05-22T04:22:37Z,,,,,,,,CALCULATED
2013-05-21T22:30:00Z,2013-05-22T04:32:37Z,,,,,,,,CALCULATED
2013-05-21T22:40:00Z,2013-05-22T04:42:37Z,,,,,,,,CALCULATED
2013-05-21T22:50:00Z,2013-05-22T04:52:37Z,,,,,,,,CALCULATED
2013-05-21T23:00:00Z,2013-05-22T05:02:37Z,,,,,,,,CALCULATED
2013-05-21T23:10:00Z,2013-05-22T05:12:37Z,,,,,,,,CALCULATED
2013-05-21T23:20:00Z,2013-05-22T05:22:37Z,,,,,,,,CALCULATED
2013-05-21T23:30:00Z,2013-05-22T05:32:37Z,,,,,,,,CALCULATED
2013-05-21T23:40:00Z,2013-05-22T05:42:37Z,,,,,,,,CALCULATED
2013-05-21T23:50:00Z,2013-05-22T05:52:37Z,,,,,,,,CALCULATED
2013-05-22T00:00:00Z,2013-05-22T06:02:37Z,,,,,,,,CALCULATED
2013-05-22T00:10:00Z,2013-05-22T06:12:37Z,,,,,,,,CALCULATED
2013-05-22T00:20:00Z,2013-05-22T06:22:37Z,,,,,,,,CALCULATED
2013-05-22T00:30:00Z,2013-05-22T06:32:37Z,,,,,,,,CALCULATED
2013-05-22T00:40:00Z,2013-05-22T06:42:37Z,,,,,,,,CALCULATED
2013-05-22T00:50:00Z,2013-05-22T06:52:37Z,,,,,,,,CALCULATED
2013-05-22T01:00:00Z,2013-05-22T07:02:37Z,,,,,,,,CALCULATED
2013-05-22T01:10:00Z,2013-05-22T07:12:37Z,,,,,,,,CALCULATED
2013-05-22T01:20:00Z,2013-05-22T07:22:37Z,,,,,,,,CALCULATED
2013-05-22T01:30:00Z,2013-05-22T07:32:37Z,,,,,,,,CALCULATED
2013-05-22T01:40:00Z,2013-05-22T07:42:37Z,,,,,,,,CALCULATED
2013-05-22T01:50:00Z,2013-05-22T07:52:37Z,,,,,,,,CALCULATED
2013-05-22T02:00:00Z,2013-05-22T08:02:37Z,,,,,,,,CALCULATED
2013-05-22T02:10:00Z,2013-05-22T08:12:37Z,,,,,,,,CALCULATED
2013-05-22T02:20:00Z,2013-05-22T08:22:37Z,,,,,,,,CALCULATED
2013-05-22T02:30:00Z,2013-05-22T08:32:37Z,,,,,,,,CALCULATED
2013-05-22T02:40:00Z,2013-05-22T08:42:37Z,,,,,,,,CALCULATED
2013-05-22T02:50:00Z,2013-05-22T08:52:37Z,,,,,,,,CALCULATED
2013-05-22T03:00:00Z,2013-05-22T09:02:37Z,,,,,,,,CALCULATED
2013-05-22T03:10:00Z,2013-05-22T09:12:37Z,,,,,,,,CALCULATED
2013-05-22T03:20:00Z,2013-05-22T09:22:37Z,,,,,,,,CALCULATED
2013-05-22T03:30:00Z,2013-05-22T09:32:37Z,,,,,,,,CALCULATED
2013-05-22T03:40:00Z,2013-05-22T09:42:37Z,,,,,,,,CALCULATED
2013-05-22T03:50:00Z,2013-05-22T09:52:37Z,,,,,,,,CALCULATED
2013-05-22T04:00:00Z,2013-05-22T10:02:37Z,,,,,,,,CALCULATED
2013-05-22T04:10:00Z,2013-05-22T10:12:37Z,,,,,,,,CALCULATED
2013-05-22T04:20:00Z,2013-05-22T10:22:37Z,,,,,,,,CALCULATED
2013-05-22T04:30:00Z,2013-05-22T10:32:37Z,,,,,,,,CALCULATED
2013-05-22T04:40:00Z,2013-05-22T10:42:37Z,,,,,,,,CALCULATED
2013-05-22T04:50:00Z,2013-05-22T10:52:37Z,,,,,,,,CALCULATED
2013-05-22T05:00:00Z,2013-05-22T11:02:37Z,,,,,,,,CALCULATED
2013-05-22T05:10:00Z,2013-05-22T11:12:37Z,,,,,,,,CALCULATED
2013-05-22T05:20:00Z,2013-05-22T11:22:37Z,,,,,,,,CALCULATED
2013-05-22T05:30:00Z,2013-05-22T11:32:37Z,,,,,,,,CALCULATED
2013-05-22T05:40:00Z,2013-05-22T11:42:37Z,,,,,,,,CALCULATED
2013-05-22T05:50:00Z,2013-05-22T11:52:37Z,,,,,,,,CALCULATED
2013-05-22T06:00:00Z,2013-05-22T12:02:37Z,,,,,,,,CALCULATED
2013-05-22T06:10:00Z,2013-05-22T12:12:37Z,,,,,,,,CALCULATED
2013-05-22T06:20:00Z,2013-05-22T12:22:37Z,,,,,,,,CALCULATED
2013-05-22T06:30:00Z,2013-05-22T12:32:37Z,,,,,,,,CALCULATED
2013-05-22T06:40:00Z,2013-05-22T12:42:37Z,,,,,,,,CALCULATED
2013-05-22T06:50:00Z,2013-05-22T12:52:37Z,,,,,,,,CALCULATED
2013-05-22T07:00:00Z,2013-05-22T13:02:37Z,,,,,,,,CALCULATED
2013-05-22T07:10:00Z,2013-05-22T13:12:37Z,,,,,,,,CALCULATED
2013-05-22T07:20:00Z,2013-05-22T13:22:37Z,,,,,,,,CALCULATED
2013-05-22T07:30:00Z,2013-05-22T13:32:37Z,,,,,,,,CALCULATED
2013-05-22T07:40:00Z,2013-05-22T13:42:37Z,,,,,,,,CALCULATED
2013-05-22T07:50:00Z,2013-05-22T13:52:37Z,,,,,,,,CALCULATED
2013-05-22T08:00:00Z,2013-05-22T14:02:37Z,,,,,,,,CALCULATED
2013-05-22T08:10:00Z,2013-05-22T14:12:37Z,,,,,,,,CALCULATED
2013-05-22T08:20:00Z,2013-05-22T14:22:37Z,,,,,,,,CALCULATED
2013-05-22T08:30:00Z,2013-05-22T14:32:37Z,,,,,,,,CALCULATED
2013-05-22T08:40:00Z,2013-05-22T14:42:37Z,,,,,,,,CALCULATED
2013-05-22T08:50:00Z,2013-05-22T14:52:37Z,,,,,,,,CALCULATED
2013-05-22T09:00:00Z,2013-05-22T15:02:37Z,,,,,,,,CALCULATED
2013-05-22T09:10:00Z,2013-05-22T15:12:37Z,,,,,,,,CALCULATED
2013-05-22T09:20:00Z,2013-05-22T15:22:37Z,,,,,,,,CALCULATED
2013-05-22T09:30:00Z,2013-05-22T15:32:37Z,,,,,,,,CALCULATED
2013-05-22T09:40:00Z,2013-05-22T15:42:37Z,,,,,,,,CALCULATED
2013-05-22T09:50:00Z,2013-05-22T15:52:37Z,,,,,,,,CALCULATED
2013-05-22T10:00:00Z,2013-05-22T16:02:37Z,,,,,,,,CALCULATED
2013-05-22T10:10:00Z,2013-05-22T16:12:37Z,,,,,,,,CALCULATED
2013-05-22T10:20:00Z,2013-05-22T16:22:37Z,,,,,,,,CALCULATED
2013-05-22T10:30:00Z,2013-05-22T16:32:37Z,,,,,,,,CALCULATED
2013-05-22T10:40:00Z,2013-05-22T16:42:37Z,,,,,,,,CALCULATED
2013-05-22T10:50:00Z,2013-05-22T16:52:37Z,,,,,,,,CALCULATED
2013-05-22T11:00:00Z,2013-05-22T17:02:37Z,,,,,,,,CALCULATED
2013-05-22T11:10:00Z,2013-05-22T17:12:37Z,,,,,,,,CALCULATED
2013-05-22T11:20:00Z,2013-05-22T17:22:37Z,,,,,,,,CALCULATED
2013-05-22T11:30:00Z,2013-05-22T17:32:37Z,,,,,,,,CALCULATED
2013-05-22T11:40:00Z,2013-05-22T17:42:37Z,,,,,,,,CALCULATED
2013-05-22T11:50:00Z,2013-05-22T17:52:37Z,,,,,,,,CALCULATED
2013-05-22T12:00:00Z,2013-05-22T18:02:37Z,,,,,,,,CALCULATED
2013-05-22T12:10:00Z,2013-05-22T18:12:37Z,,,,,,,,CALCULATED
2013-05-22T12:20:00Z,2013-05-22T18:22:37Z,,,,,,,,CALCULATED
2013-05-22T12:30:00Z,2013-05-22T18:32:37Z,,,,,,,,CALCULATED
2013-05-22T12:40:00Z,2013-05-22T18:42:37Z,,,,,,,,CALCULATED
2013-05-22T12:50:00Z,2013-05-22T18:52:37Z,,,,,,,,CALCULATED
2013-05-22T13:00:00Z,2013-05-22T19:02:37Z,,,,,,,,CALCULATED
2013-05-22T13:10:00Z,2013-05-22T19:12:37Z,,,,,,,,CALCULATED
2013-05-22T13:20:00Z,2013-05-22T19:22:37Z,,,,,,,,CALCULATED
2013-05-22T13:30:00Z,2013-05-22T19:32:37Z,,,,,,,,CALCULATED
2013-05-22T13:40:00Z,2013-05-22T19:42:37Z,,,,,,,,CALCULATED
2013-05-22T13:50:00Z,2013-05-22T19:52:37Z,,,,,,,,CALCULATED
2013-05-22T14:00:00Z,2013-05-22T20:02:37Z,,,,,,,,CALCULATED
2013-05-22T14:10:00Z,2013-05-22T20:12:37Z,,,,,,,,CALCULATED
2013-05-22T14:20:00Z,2013-05-22T20:22:37Z,,,,,,,,CALCULATED
2013-05-22T14:30:00Z,2013-05-22T20:32:37Z,,,,,,,,CALCULATED
2013-05-22T14:40:00Z,2013-05-22T20:42:37Z,,,,,,,,CALCULATED
2013-05-22T14:50:00Z,2013-05-22T20:52:37Z,,,,,,,,CALCULATED
2013-05-22T15:00:00Z,2013-05-22T21:02:37Z,,,,,,,,CALCULATED
2013-05-22T15:10:00Z,2013-05-22T21:12:37Z,,,,,,,,CALCULATED
2013-05-22T15:20:00Z,2013-05-22T21:22:37Z,,,,,,,,CALCULATED
2013-05-22T15:30:00Z,2013-05-22T21:32:37Z,,,,,,,,CALCULATED
2013-05-22T15:40:00Z,2013-05-22T21:42:37Z,,,,,,,,CALCULATED
2013-05-22T15:50:00Z,2013-05-22T21:52:37Z,,,,,,,,CALCULATED
2013-05-22T16:00:00Z,2013-05-22T22:02:37Z,,,,,,,,CALCULATED
2013-05-22T16:10:00Z,2013-05-22T22:12:37Z,,,,,,,,CALCULATED
2013-05-22T16:20:00Z,2013-05-22T22:22:37Z,,,,,,,,CALCULATED
2013-05-22T16:30:00Z,2013-05-22T22:32:37Z,,,,,,,,CALCULATED
2013-05-22T16:40:00Z,2013-05-22T22:42:37Z,,,,,,,,CALCULATED
2013-05-22T16:50:00Z,2013-05-22T22:52:37Z,,,,,,,,CALCULATED
2013-05-22T17:00:00Z,2013-05-22T23:02:37Z,,,,,,,,CALCULATED
2013-05-22T17:10:00Z,2013-05-22T23:12:37Z,,,,,,,,CALCULATED
2013-05-22T17:20:00Z,2013-05-22T23:22:37Z,,,,,,,,CALCULATED
2013-05-22T17:30:00Z,2013-05-22T23:32:37Z,,,,,,,,CALCULATED
2013-05-22T17:40:00Z,2013-05-22T23:42:37Z,,,,,,,,CALCULATED
2013-05-22T17:50:00Z,2013-05-22T23:52:37Z,,,,,,,,CALCULATED
2013-05-22T18:00:00Z,2013-05-23T00:02:37Z,,,,,,,,CALCULATED
2013-05-22T18:10:00Z,2013-05-23T00:12:32Z,,,,,,,,CALCULATED
2013-05-22T18:20:00Z,2013-05-23T00:22:32Z,,,,,,,,CALCULATED
2013-05-22T18:30:00Z,2013-05-23T00:32:32Z,,,,,,,,CALCULATED
2013-05-22T18:40:00Z,2013-05-23T00:42:32Z,,,,,,,,CALCULATED
2013-05-22T18:50:00Z,2013-05-23T00:52:32Z,,,,,,,,CALCULATED
2013-05-22T19:00:00Z,2013-05-23T01:02:32Z,,,,,,,,CALCULATED
2013-05-22T19:10:00Z,2013-05-23T01:12:32Z,,,,,,,,CALCULATED
2013-05-22T19:20:00Z,2013-05-23T01:22:32Z,,,,,,,,CALCULATED
2013-05-22T19:30:00Z,2013-05-23T01:32:32Z,,,,,,,,CALCULATED
2013-05-22T19:40:00Z,2013-05-23T01:42:32Z,,,,,,,,CALCULATED
2013-05-22T19:50:00Z,2013-05-23T01:52:32Z,,,,,,,,CALCULATED
2013-05-22T20:00:00Z,2013-05-23T02:02:32Z,,,,,,,,CALCULATED
2013-05-22T20:10:00Z,2013-05-23T02:12:32Z,,,,,,,,CALCULATED
2013-05-22T20:20:00Z,2013-05-23T02:22:32Z,,,,,,,,CALCULATED
2013-05-22T20:30:00Z,2013-05-23T02:32:32Z,,,,,,,,CALCULATED
2013-05-22T20:40:00Z,2013-05-23T02:42:32Z,,,,,,,,CALCULATED
2013-05-22T20:50:00Z,2013-05-23T02:52:32Z,,,,,,,,CALCULATED
2013-05-22T21:00:00Z,2013-05-23T03:02:32Z,,,,,,,,CALCULATED
2013-05-22T21:10:00Z,2013-05-23T03:12:32Z,,,,,,,,CALCULATED
2013-05-22T21:20:00Z,2013-05-23T03:22:32Z,,,,,,,,CALCULATED
2013-05-22T21:30:00Z,2013-05-23T03:32:32Z,,,,,,,,CALCULATED
2013-05-22T21:40:00Z,2013-05-23T03:42:32Z,,,,,,,,CALCULATED
2013-05-22T21:50:00Z,2013-05-23T03:52:32Z,,,,,,,,CALCULATED
2013-05-22T22:00:00Z,2013-05-23T04:02:32Z,,,,,,,,CALCULATED
2013-05-22T22:10:00Z,2013-05-23T04:12:32Z,,,,,,,,CALCULATED
2013-05-22T22:20:00Z,2013-05-23T04:22:32Z,,,,,,,,CALCULATED
2013-05-22T22:30:00Z,2013-05-23T04:32:32Z,,,,,,,,CALCULATED
2013-05-22T22:40:00Z,2013-05-23T04:42:32Z,,,,,,,,CALCULATED
2013-05-22T22:50:00Z,2013-05-23T04:52:32Z,,,,,,,,CALCULATED
2013-05-22T23:00:00Z,2013-05-23T05:02:32Z,,,,,,,,CALCULATED
2013-05-22T23:10:00Z,2013-05-23T05:12:32Z,,,,,,,,CALCULATED
2013-05-22T23:20:00Z,2013-05-23T05:22:32Z,,,,,,,,CALCULATED
2013-05-22T23:30:00Z,2013-05-23T05:32:32Z,,,,,,,,CALCULATED
2013-05-22T23:40:00Z,2013-05-23T05:42:32Z,,,,,,,,CALCULATED
2013-05-22T23:50:00Z,2013-05-23T05:52:32Z,,,,,,,,CALCULATED
2013-05-23T00:00:00Z,2013-05-23T06:02:32Z,,,,,,,,CALCULATED
2013-05-23T00:10:00Z,2013-05-23T06:12:32Z,,,,,,,,CALCULATED
2013-05-23T00:20:00Z,2013-05-23T06:22:32Z,,,,,,,,CALCULATED
2013-05-23T00:30:00Z,2013-05-23T06:32:32Z,,,,,,,,CALCULATED
2013-05-23T00:40:00Z,2013-05-23T06:42:32Z,,,,,,,,CALCULATED
2013-05-23T00:50:00Z,2013-05-23T06:52:32Z,,,,,,,,CALCULATED
2013-05-23T01:00:00Z,2013-05-23T07:02:32Z,,,,,,,,CALCULATED
2013-05-23T01:10:00Z,2013-05-23T07:12:32Z,,,,,,,,CALCULATED
2013-05-23T01:20:00Z,2013-05-23T07:22:32Z,,,,,,,,CALCULATED
2013-05-23T01:30:00Z,2013-05-23T07:32:32Z,,,,,,,,CALCULATED
2013-05-23T01:40:00Z,2013-05-23T07:42:32Z,,,,,,,,CALCULATED
2013-05-23T01:50:00Z,2013-05-23T07:52:32Z,,,,,,,,CALCULATED
2013-05-23T02:00:00Z,2013-05-23T08:02:32Z,,,,,,,,CALCULATED
2013-05-23T02:10:00Z,2013-05-23T08:12:32Z,,,,,,,,CALCULATED
2013-05-23T02:20:00Z,2013-05-23T08:22:32Z,,,,,,,,CALCULATED
2013-05-23T02:30:00Z,2013-05-23T08:32:32Z,,,,,,,,CALCULATED
2013-05-23T02:40:00Z,2013-05-23T08:42:32Z,,,,,,,,CALCULATED
2013-05-23T02:50:00Z,2013-05-23T08:52:32Z,,,,,,,,CALCULATED
2013-05-23T03:00:00Z,2013-05-23T09:02:32Z,,,,,,,,CALCULATED
2013-05-23T03:10:00Z,2013-05-23T09:12:32Z,,,,,,,,CALCULATED
2013-05-23T03:20:00Z,2013-05-23T09:22:32Z,,,,,,,,CALCULATED
2013-05-23T03:30:00Z,2013-05-23T09:32:32Z,,,,,,,,CALCULATED
2013-05-23T03:40:00Z,2013-05-23T09:42:32Z,,,,,,,,CALCULATED
2013-05-23T03:50:00Z,2013-05-23T09:52:32Z,,,,,,,,CALCULATED
2013-05-23T04:00:00Z,2013-05-23T10:02:32Z,,,,,,,,CALCULATED
2013-05-23T04:10:00Z,2013-05-23T10:12:32Z,,,,,,,,CALCULATED
2013-05-23T04:20:00Z,2013-05-23T10:22:32Z,,,,,,,,CALCULATED
2013-05-23T04:30:00Z,2013-05-23T10:32:32Z,,,,,,,,CALCULATED
2013-05-23T04:40:00Z,2013-05-23T10:42:32Z,,,,,,,,CALCULATED
2013-05-23T04:50:00Z,2013-05-23T10:52:32Z,,,,,,,,CALCULATED
2013-05-23T05:00:00Z,2013-05-23T11:02:32Z,,,,,,,,CALCULATED
2013-05-23T05:10:00Z,2013-05-23T11:12:32Z,,,,,,,,CALCULATED
2013-05-23T05:20:00Z,2013-05-23T11:22:32Z,,,,,,,,CALCULATED
2013-05-23T05:30:00Z,2013-05-23T11:32:32Z,,,,,,,,CALCULATED
2013-05-23T05:40:00Z,2013-05-23T11:42:32Z,,,,,,,,CALCULATED
2013-05-23T05:50:00Z,2013-05-23T11:52:32Z,,,,,,,,CALCULATED
2013-05-23T06:00:00Z,2013-05-23T12:02:32Z,,,,,,,,CALCULATED
2013-05-23T06:10:00Z,2013-05-23T12:12:32Z,,,,,,,,CALCULATED
2013-05-23T06:20:00Z,2013-05-23T12:22:32Z,,,,,,,,CALCULATED
2013-05-23T06:30:00Z,2013-05-23T12:32:32Z,,,,,,,,CALCULATED
2013-05-23T06:40:00Z,2013-05-23T12:42:32Z,,,,,,,,CALCULATED
2013-05-23T06:50:00Z,2013-05-23T12:52:32Z,,,,,,,,CALCULATED
2013-05-23T07:00:00Z,2013-05-23T13:02:32Z,,,,,,,,CALCULATED
2013-05-23T07:10:00Z,2013-05-23T13:12:32Z,,,,,,,,CALCULATED
2013-05-23T07:20:00Z,2013-05-23T13:22:32Z,,,,,,,,CALCULATED
2013-05-23T07:30:00Z,2013-05-23T13:32:32Z,,RANGE_WARN,,,,,,CALCULATED
2013-05-23T07:40:00Z,2013-05-23T13:42:32Z,,,,,,,,CALCULATED
2013-05-23T07:50:00Z,2013-05-23T13:52:32Z,,RANGE_WARN,,,,,,CALCULATED
2013-05-23T08:00:00Z,2013-05-23T14:02:32Z,,RANGE_WARN,,,,,,CALCULATED
2013-05-23T08:10:00Z,2013-05-23T14:12:32Z,,RANGE_WARN,,,,,,CALCULATED
2013-05-23T08:20:00Z,2013-05-23T14:22:32Z,,RANGE_WARN,,,,,,CALCULATED
2013-05-23T08:30:00Z,2013-05-23T14:32:32Z,,RANGE_WARN,,,,,,CALCULATED
2013-05-23T08:40:00Z,2013-05-23T14:42:32Z,,RANGE_WARN,,,,,,CALCULATED
2013-05-23T08:50:00Z,2013-05-23T14:52:32Z,,RANGE_WARN,,,,,,CALCULATED
2013-05-23T09:00:00Z,2013-05-23T15:02:32Z,,RANGE_WARN,,,,,,CALCULATED
2013-05-23T09:10:00Z,2013-05-23T15:12:32Z,,RANGE_WARN,,,,,,CALCULATED
2013-05-23T09:20:00Z,2013-05-23T15:22:32Z,,RANGE_WARN,,,,,,CALCULATED
2013-05-23T09:30:00Z,2013-05-23T15:32:32Z,,RANGE_WARN,,,,,,CALCULATED
2013-05-23T09:40:00Z,2013-05-23T15:42:32Z,,RANGE_WARN,,,,,,CALCULATED
2013-05-23T09:50:00Z,2013-05-23T15:52:32Z,,RANGE_WARN,,,,,,CALCULATED
2013-05-23T10:00:00Z,2013-05-23T16:02:32Z,,RANGE_WARN,,,,,,CALCULATED
2013-05-23T10:10:00Z,2013-05-23T16:12:32Z,,RANGE_WARN,,,,,,CALCULATED
2013-05-23T10:20:00Z,2013-05-23T16:22:32Z,,RANGE_WARN,,,,,,CALCULATED
2013-05-23T10:30:00Z,2013-05-23T16:32:32Z,,RANGE_WARN,,,,,,CALCULATED
2013-05-23T10:40:00Z,2013-05-23T16:42:32Z,,RANGE_WARN,,,,,,CALCULATED
2013-05-23T10:50:00Z,2013-05-23T16:52:32Z,,RANGE_WARN,,,,,,CALCULATED
2013-05-23T11:00:00Z,2013-05-23T17:02:32Z,,RANGE_WARN,,,,,,CALCULATED
2013-05-23T11:10:00Z,2013-05-23T17:12:32Z,,RANGE_WARN,,,,,,CALCULATED
2013-05-23T11:20:00Z,2013-05-23T17:22:32Z,,RANGE_WARN,,,,,,CALCULATED
2013-05-23T11:30:00Z,2013-05-23T17:32:32Z,,RANGE_WARN,,,,,,CALCULATED
2013-05-23T11:40:00Z,2013-05-23T17:42:32Z,,RANGE_WARN,,,,,,CALCULATED
2013-05-23T11:50:00Z,2013-05-23T17:52:32Z,,RANGE_WARN,,,,,,CALCULATED
2013-05-23T12:00:00Z,2013-05-23T18:02:32Z,,RANGE_WARN,,,,,,CALCULATED
2013-05-23T12:10:00Z,2013-05-23T18:12:32Z,,,,,,,,CALCULATED
2013-05-23T12:20:00Z,2013-05-23T18:22:32Z,,,,,,,,CALCULATED
2013-05-23T12:30:00Z,2013-05-23T18:32:32Z,,,,,,,,CALCULATED
2013-05-23T12:40:00Z,2013-05-23T18:42:32Z,,,,,,,,CALCULATED
2013-05-23T12:50:00Z,2013-05-23T18:52:32Z,,,,,,,,CALCULATED
2013-05-23T13:00:00Z,2013-05-23T19:02:32Z,,,,,,,,CALCULATED
2013-05-23T13:10:00Z,2013-05-23T19:12:32Z,,,,,,,,CALCULATED
2013-05-23T13:20:00Z,2013-05-23T19:22:32Z,,,,,,,,CALCULATED
2013-05-23T13:30:00Z,2013-05-23T19:32:32Z,,,,,,,,CALCULATED
2013-05-23T13:40:00Z,2013-05-23T19:42:32Z,,,,,,,,CALCULATED
2013-05-23T13:50:00Z,2013-05-23T19:52:32Z,,,,,,,,CALCULATED
2013-05-23T14:00:00Z,2013-05-23T20:02:32Z,,,,,,,,CALCULATED
2013-05-23T14:10:00Z,2013-05-23T20:12:32Z,,,,,,,,CALCULATED
2013-05-23T14:20:00Z,2013-05-23T20:22:32Z,,,,,,,,CALCULATED
2013-05-23T14:30:00Z,2013-05-23T20:32:32Z,,,,,,,,CALCULATED
2013-05-23T14:40:00Z,2013-05-23T20:42:32Z,,,,,,,,CALCULATED
2013-05-23T14:50:00Z,2013-05-23T20:52:32Z,,,,,,,,CALCULATED
2013-05-23T15:00:00Z,2013-05-23T21:02:32Z,,,,,,,,CALCULATED
2013-05-23T15:10:00Z,2013-05-23T21:12:32Z,,,,,,,,CALCULATED
2013-05-23T15:20:00Z,2013-05-23T21:22:32Z,,,,,,,,CALCULATED
2013-05-23T15:30:00Z,2013-05-23T21:32:32Z,,,,,,,,CALCULATED
2013-05-23T15:40:00Z,2013-05-23T21:42:32Z,,,,,,,,CALCULATED
2013-05-23T15:50:00Z,2013-05-23T21:52:32Z,,,,,,,,CALCULATED
2013-05-23T16:00:00Z,2013-05-23T22:02:32Z,,,,,,,,CALCULATED
2013-05-23T16:10:00Z,2013-05-23T22:12:32Z,,,,,,,,CALCULATED
2013-05-23T16:20:00Z,2013-05-23T22:22:32Z,,,,,,,,CALCULATED
2013-05-23T16:30:00Z,2013-05-23T22:32:32Z,,,,,,,,CALCULATED
2013-05-23T16:40:00Z,2013-05-23T22:42:32Z,,,,,,,,CALCULATED
2013-05-23T16:50:00Z,2013-05-23T22:52:32Z,,,,,,,,CALCULATED
2013-05-23T17:00:00Z,2013-05-23T23:02:32Z,,,,,,,,CALCULATED
2013-05-23T17:10:00Z,2013-05-23T23:12:32Z,,,,,,,,CALCULATED
2013-05-23T17:20:00Z,2013-05-23T23:22:32Z,,,,,,,,CALCULATED
2013-05-23T17:30:00Z,2013-05-23T23:32:32Z,,,,,,,,CALCULATED
2013-05-23T17:40:00Z,2013-05-23T23:42:32Z,,,,,,,,CALCULATED
2013-05-23T17:50:00Z,2013-05-23T23:52:32Z,,,,,,,,CALCULATED
2013-05-23T18:00:00Z,2013-05-24T00:02:32Z,,,,,,OUT_WARN,,CALCULATED
2013-05-23T18:10:00Z,2013-05-24T00:12:26Z,,,,,,,,CALCULATED
2013-05-23T18:20:00Z,2013-05-24T00:22:26Z,,,,,,,,CALCULATED
2013-05-23T18:30:00Z,2013-05-24T00:32:26Z,,,,,,,,CALCULATED
2013-05-23T18:40:00Z,2013-05-24T00:42:26Z,,,,,,,,CALCULATED
2013-05-23T18:50:00Z,2013-05-24T00:52:26Z,,,,,,,,CALCULATED
2013-05-23T19:00:00Z,2013-05-24T01:02:26Z,,,,,,,,CALCULATED
2013-05-23T19:10:00Z,2013-05-24T01:12:26Z,,,,,,,,CALCULATED
2013-05-23T19:20:00Z,2013-05-24T01:22:26Z,,,,,,,,CALCULATED
2013-05-23T19:30:00Z,2013-05-24T01:32:26Z,,,,,,,,CALCULATED
2013-05-23T19:40:00Z,2013-05-24T01:42:26Z,,,,,,,,CALCULATED
2013-05-23T19:50:00Z,2013-05-24T01:52:26Z,,,,,,,,CALCULATED
2013-05-23T20:00:00Z,2013-05-24T02:02:26Z,,,,,,,,CALCULATED
2013-05-23T20:10:00Z,2013-05-24T02:12:26Z,,,,,,,,CALCULATED
2013-05-23T20:20:00Z,2013-05-24T02:22:26Z,,,,,,,,CALCULATED
2013-05-23T20:30:00Z,2013-05-24T02:32:26Z,,,,,,,,CALCULATED
2013-05-23T20:40:00Z,2013-05-24T02:42:26Z,,,,,,,,CALCULATED
2013-05-23T20:50:00Z,2013-05-24T02:52:26Z,,,,,,,,CALCULATED
2013-05-23T21:00:00Z,2013-05-24T03:02:26Z,,,,,,,,CALCULATED
2013-05-23T21:10:00Z,2013-05-24T03:12:26Z,,,,,,,,CALCULATED
2013-05-23T21:20:00Z,2013-05-24T03:22:26Z,,,,,,,,CALCULATED
2013-05-23T21:30:00Z,2013-05-24T03:32:26Z,,,,,,,,CALCULATED
2013-05-23T21:40:00Z,2013-05-24T03:42:26Z,,,,,,,,CALCULATED
2013-05-23T21:50:00Z,2013-05-24T03:52:26Z,,,,,,,,CALCULATED
2013-05-23T22:00:00Z,2013-05-24T04:02:26Z,,,,,,,,CALCULATED
2013-05-23T22:10:00Z,2013-05-24T04:12:26Z,,,,,,,,CALCULATED
2013-05-23T22:20:00Z,2013-05-24T04:22:26Z,,,,,,,,CALCULATED
2013-05-23T22:30:00Z,2013-05-24T04:32:26Z,,,,,,,,CALCULATED
2013-05-23T22:40:00Z,2013-05-24T04:42:26Z,,,,,,,,CALCULATED
2013-05-23T22:50:00Z,2013-05-24T04:52:26Z,,,,,,,,CALCULATED
2013-05-23T23:00:00Z,2013-05-24T05:02:26Z,,,,,,,,CALCULATED
2013-05-23T23:10:00Z,2013-05-24T05:12:26Z,,,,,,,,CALCULATED
2013-05-23T23:20:00Z,2013-05-24T05:22:26Z,,,,,,,,CALCULATED
2013-05-23T23:30:00Z,2013-05-24T05:32:26Z,,,,,,,,CALCULATED
2013-05-23T23:40:00Z,2013-05-24T05:42:26Z,,,,,,,,CALCULATED
2013-05-23T23:50:00Z,2013-05-24T05:52:26Z,,,,,,,,CALCULATED
2013-05-24T00:00:00Z,2013-05-24T06:02:26Z,,,,,,,,CALCULATED
2013-05-24T00:10:00Z,2013-05-24T06:12:26Z,,,,,,,,CALCULATED
2013-05-24T00:20:00Z,2013-05-24T06:22:26Z,,,,,,,,CALCULATED
2013-05-24T00:30:00Z,2013-05-24T06:32:26Z,,,,,,,,CALCULATED
2013-05-24T00:40:00Z,2013-05-24T06:42:26Z,,,,,,,,CALCULATED
2013-05-24T00:50:00Z,2013-05-24T06:52:26Z,,,,,,,,CALCULATED
2013-05-24T01:00:00Z,2013-05-24T07:02:26Z,,,,,,,,CALCULATED
2013-05-24T01:10:00Z,2013-05-24T07:12:26Z,,,,,,,,CALCULATED
2013-05-24T01:20:00Z,2013-05-24T07:22:26Z,,,,,,,,CALCULATED
2013-05-24T01:30:00Z,2013-05-24T07:32:26Z,,,,,,,,CALCULATED
2013-05-24T01:40:00Z,2013-05-24T07:42:26Z,,,,,,,,CALCULATED
2013-05-24T01:50:00Z,2013-05-24T07:52:26Z,,,,,,,,CALCULATED
2013-05-24T02:00:00Z,2013-05-24T08:02:26Z,,,,,,,,CALCULATED
2013-05-24T02:10:00Z,2013-05-24T08:12:26Z,,,,,,,,CALCULATED
2013-05-24T02:20:00Z,2013-05-24T08:22:26Z,,,,,,,,CALCULATED
2013-05-24T02:30:00Z,2013-05-24T08:32:26Z,,RANGE_WARN,,,,,,CALCULATED
2013-05-24T02:40:00Z,2013-05-24T08:42:26Z,,RANGE_WARN,,,,,,CALCULATED
2013-05-24T02:50:00Z,2013-05-24T08:52:26Z,,RANGE_WARN,,,,,,CALCULATED
2013-05-24T03:00:00Z,2013-05-24T09:02:26Z,,RANGE_WARN,,,,,,CALCULATED
2013-05-24T03:10:00Z,2013-05-24T09:12:26Z,,RANGE_WARN,,,,,,CALCULATED
2013-05-24T03:20:00Z,2013-05-24T09:22:26Z,,RANGE_WARN,,,,,,CALCULATED
2013-05-24T03:30:00Z,2013-05-24T09:32:26Z,,RANGE_WARN,,,,,,CALCULATED
2013-05-24T03:40:00Z,2013-05-24T09:42:26Z,,RANGE_WARN,,,,,,CALCULATED
2013-05-24T03:50:00Z,2013-05-24T09:52:26Z,,RANGE_WARN,,,,,,CALCULATED
2013-05-24T04:00:00Z,2013-05-24T10:02:26Z,,RANGE_WARN,,,,,,CALCULATED
2013-05-24T04:10:00Z,2013-05-24T10:12:26Z,,RANGE_WARN,,,,,,CALCULATED
2013-05-24T04:20:00Z,2013-05-24T10:22:26Z,,RANGE_WARN,,,,,,CALCULATED
2013-05-24T04:30:00Z,2013-05-24T10:32:26Z,,RANGE_WARN,,,,,,CALCULATED
2013-05-24T04:40:00Z,2013-05-24T10:42:26Z,,RANGE_WARN,,,,,,CALCULATED
2013-05-24T04:50:00Z,2013-05-24T10:52:26Z,,RANGE_WARN,,,,,,CALCULATED
2013-05-24T05:00:00Z,2013-05-24T11:02:26Z,,RANGE_WARN,,,,,,CALCULATED
2013-05-24T05:10:00Z,2013-05-24T11:12:26Z,,RANGE_WARN,,,,,,CALCULATED
2013-05-24T05:20:00Z,2013-05-24T11:22:26Z,,RANGE_WARN,,,,,,CALCULATED
2013-05-24T05:30:00Z,2013-05-24T11:32:26Z,,RANGE_WARN,,,,,,CALCULATED
2013-05-24T05:40:00Z,2013-05-24T11:42:26Z,,RANGE_WARN,,,,,,CALCULATED
2013-05-24T05:50:00Z,2013-05-24T11:52:26Z,,RANGE_WARN,,,,,,CALCULATED
2013-05-24T06:00:00Z,2013-05-24T12:02:26Z,,RANGE_WARN,,,,,,CALCULATED
2013-05-24T06:10:00Z,2013-05-24T12:12:26Z,,RANGE_WARN,,,,,,CALCULATED
2013-05-24T06:20:00Z,2013-05-24T12:22:26Z,,RANGE_WARN,,,,,,CALCULATED
2013-05-24T06:30:00Z,2013-05-24T12:32:26Z,,RANGE_WARN,,,,,,CALCULATED
2013-05-24T06:40:00Z,2013-05-24T12:42:26Z,,RANGE_WARN,,,,,,CALCULATED
2013-05-24T06:50:00Z,2013-05-24T12:52:26Z,,RANGE_WARN,,,,,,CALCULATED
2013-05-24T07:00:00Z,2013-05-24T13:02:26Z,,RANGE_WARN,,,,,,CALCULATED
2013-05-24T07:10:00Z,2013-05-24T13:12:26Z,,RANGE_WARN,,,,,,CALCULATED
2013-05-24T07:20:00Z,2013-05-24T13:22:26Z,,RANGE_WARN,,,,,,CALCULATED
2013-05-24T07:30:00Z,2013-05-24T13:32:26Z,,RANGE_WARN,,,,,,CALCULATED
2013-05-24T07:40:00Z,2013-05-24T13:42:26Z,,RANGE_WARN,,,,,,CALCULATED
2013-05-24T07:50:00Z,2013-05-24T13:52:26Z,,RANGE_WARN,,,,,,CALCULATED
2013-05-24T08:00:00Z,2013-05-24T14:02:26Z,,RANGE_WARN,,,,,,CALCULATED
2013-05-24T08:10:00Z,2013-05-24T14:12:26Z,,RANGE_WARN,,,,,,CALCULATED
2013-05-24T08:20:00Z,2013-05-24T14:22:26Z,,RANGE_WARN,,,,,,CALCULATED
2013-05-24T08:30:00Z,2013-05-24T14:32:26Z,,RANGE_WARN,,,,,,CALCULATED
2013-05-24T08:40:00Z,2013-05-24T14:42:26Z,,RANGE_WARN,,,,,,CALCULATED
2013-05-24T08:50:00Z,2013-05-24T14:52:26Z,,RANGE_WARN,,,,,,CALCULATED
2013-05-24T09:00:00Z,2013-05-24T15:02:26Z,,RANGE_WARN,,,,,,CALCULATED
2013-05-24T09:10:00Z,2013-05-24T15:12:26Z,,RANGE_WARN,,,,,,CALCULATED
2013-05-24T09:20:00Z,2013-05-24T15:22:26Z,,RANGE_WARN,,,,,,CALCULATED
2013-05-24T09:30:00Z,2013-05-24T15:32:26Z,,RANGE_WARN,,,,,,CALCULATED
2013-05-24T09:40:00Z,2013-05-24T15:42:26Z,,RANGE_WARN,,,,,,CALCULATED
2013-05-24T09:50:00Z,2013-05-24T15:52:26Z,,RANGE_WARN,,,,,,CALCULATED
2013-05-24T10:00:00Z,2013-05-24T16:02:26Z,,RANGE_WARN,,,,,,CALCULATED
2013-05-24T10:10:00Z,2013-05-24T16:12:26Z,,RANGE_WARN,,,,,,CALCULATED
2013-05-24T10:20:00Z,2013-05-24T16:22:26Z,,RANGE_WARN,,,,,,CALCULATED
2013-05-24T10:30:00Z,2013-05-24T16:32:26Z,,RANGE_WARN,,,,,,CALCULATED
2013-05-24T10:40:00Z,2013-05-24T16:42:26Z,,RANGE_WARN,,,,,,CALCULATED
2013-05-24T10:50:00Z,2013-05-24T16:52:26Z,,RANGE_WARN,,,,,,CALCULATED
2013-05-24T11:00:00Z,2013-05-24T17:02:26Z,,RANGE_WARN,,,,,,CALCULATED
2013-05-24T11:10:00Z,2013-05-24T17:12:26Z,,RANGE_WARN,,,,,,CALCULATED
2013-05-24T11:20:00Z,2013-05-24T17:22:26Z,,RANGE_WARN,,,,,,CALCULATED
2013-05-24T11:30:00Z,2013-05-24T17:32:26Z,,RANGE_WARN,,,,,,CALCULATED
2013-05-24T11:40:00Z,2013-05-24T17:42:26Z,,RANGE_WARN,,,,,,CALCULATED
2013-05-24T11:50:00Z,2013-05-24T17:52:26Z,,RANGE_WARN,,,,,,CALCULATED
2013-05-24T12:00:00Z,2013-05-24T18:02:26Z,,,,,,,,CALCULATED
2013-05-24T12:10:00Z,2013-05-24T18:12:26Z,,RANGE_WARN,,,,OUT_WARN,,CALCULATED
2013-05-24T12:20:00Z,2013-05-24T18:22:26Z,,,,,,,,CALCULATED
2013-05-24T12:30:00Z,2013-05-24T18:32:26Z,,,,,,,,CALCULATED
2013-05-24T12:40:00Z,2013-05-24T18:42:26Z,,,,,,,,CALCULATED
2013-05-24T12:50:00Z,2013-05-24T18:52:26Z,,,,,,,,CALCULATED
2013-05-24T13:00:00Z,2013-05-24T19:02:26Z,,,,,,,,CALCULATED
2013-05-24T13:10:00Z,2013-05-24T19:12:26Z,,,,,,,,CALCULATED
2013-05-24T13:20:00Z,2013-05-24T19:22:26Z,,,,,,,,CALCULATED
2013-05-24T13:30:00Z,2013-05-24T19:32:26Z,,,,,,,,CALCULATED
2013-05-24T13:40:00Z,2013-05-24T19:42:26Z,,,,,,,,CALCULATED
2013-05-24T13:50:00Z,2013-05-24T19:52:26Z,,,,,,,,CALCULATED
2013-05-24T14:00:00Z,2013-05-24T20:02:26Z,,,,,,,,CALCULATED
2013-05-24T14:10:00Z,2013-05-24T20:12:26Z,,,,,,,,CALCULATED
2013-05-24T14:20:00Z,2013-05-24T20:22:26Z,,,,,,,,CALCULATED
2013-05-24T14:30:00Z,2013-05-24T20:32:26Z,,,,,,,,CALCULATED
2013-05-24T14:40:00Z,2013-05-24T20:42:26Z,,,,,,,,CALCULATED
2013-05-24T14:50:00Z,2013-05-24T20:52:26Z,,,,,,,,CALCULATED
2013-05-24T15:00:00Z,2013-05-24T21:02:26Z,,,,,,,,CALCULATED
2013-05-24T15:10:00Z,2013-05-24T21:12:26Z,,,,,,,,CALCULATED
2013-05-24T15:20:00Z,2013-05-24T21:22:26Z,,,,,,,,CALCULATED
2013-05-24T15:30:00Z,2013-05-24T21:32:26Z,,,,,,,,CALCULATED
2013-05-24T15:40:00Z,2013-05-24T21:42:26Z,,,,,,,,CALCULATED
2013-05-24T15:50:00Z,2013-05-24T21:52:26Z,,,,,,,,CALCULATED
2013-05-24T16:00:00Z,2013-05-24T22:02:26Z,,,,,,,,CALCULATED
2013-05-24T16:10:00Z,2013-05-24T22:12:26Z,,,,,,,,CALCULATED
2013-05-24T16:20:00Z,2013-05-24T22:22:26Z,,,,,,,,CALCULATED
2013-05-24T16:30:00Z,2013-05-24T22:32:26Z,,,,,,,,CALCULATED
2013-05-24T16:40:00Z,2013-05-24T22:42:26Z,,,,,,,,CALCULATED
2013-05-24T16:50:00Z,2013-05-24T22:52:26Z,,,,,,,,CALCULATED
2013-05-24T17:00:00Z,2013-05-24T23:02:26Z,,,,,,,,CALCULATED
2013-05-24T17:10:00Z,2013-05-24T23:12:26Z,,,,,,,,CALCULATED
2013-05-24T17:20:00Z,2013-05-24T23:22:26Z,,,,,,,,CALCULATED
2013-05-24T17:30:00Z,2013-05-24T23:32:26Z,,,,,,,,CALCULATED
2013-05-24T17:40:00Z,2013-05-24T23:42:26Z,,,,,,,,CALCULATED
2013-05-24T17:50:00Z,2013-05-24T23:52:26Z,,,,,,,,CALCULATED
2013-05-24T18:00:00Z,2013-05-25T00:02:26Z,,,,,,,,CALCULATED
2013-05-24T18:10:00Z,2013-05-25T00:12:19Z,,,,,,,,CALCULATED
2013-05-24T18:20:00Z,2013-05-25T00:22:19Z,,,,,,,,CALCULATED
2013-05-24T18:30:00Z,2013-05-25T00:32:19Z,,,,,,,,CALCULATED
2013-05-24T18:40:00Z,2013-05-25T00:42:19Z,,,,,,,,CALCULATED
2013-05-24T18:50:00Z,2013-05-25T00:52:19Z,,,,,,,,CALCULATED
2013-05-24T19:00:00Z,2013-05-25T01:02:19Z,,,,,,,,CALCULATED
2013-05-24T19:10:00Z,2013-05-25T01:12:19Z,,,,,,,,CALCULATED
2013-05-24T19:20:00Z,2013-05-25T01:22:19Z,,,,,,,,CALCULATED
2013-05-24T19:30:00Z,2013-05-25T01:32:19Z,,,,,,,,CALCULATED
2013-05-24T19:40:00Z,2013-05-25T01:42:19Z,,,,,,,,CALCULATED
2013-05-24T19:50:00Z,2013-05-25T01:52:19Z,,,,,,,,CALCULATED
2013-05-24T20:00:00Z,2013-05-25T02:02:19Z,,,,,,,,CALCULATED
2013-05-24T20:10:00Z,2013-05-25T02:12:19Z,,,,,,,,CALCULATED
2013-05-24T20:20:00Z,2013-05-25T02:22:19Z,,,,,,,,CALCULATED
2013-05-24T20:30:00Z,2013-05-25T02:32:19Z,,,,,,,,CALCULATED
2013-05-24T20:40:00Z,2013-05-25T02:42:19Z,,,,,,,,CALCULATED
2013-05-24T20:50:00Z,2013-05-25T02:52:19Z,,,,,,,,CALCULATED
2013-05-24T21:00:00Z,2013-05-25T03:02:19Z,,,,,,,,CALCULATED
2013-05-24T21:10:00Z,2013-05-25T03:12:19Z,,,,,,,,CALCULATED
2013-05-24T21:20:00Z,2013-05-25T03:22:19Z,,,,,,,,CALCULATED
2013-05-24T21:30:00Z,2013-05-25T03:32:19Z,,,,,,,,CALCULATED
2013-05-24T21:40:00Z,2013-05-25T03:42:19Z,,,,,,,,CALCULATED
2013-05-24T21:50:00Z,2013-05-25T03:52:19Z,,,,,,,,CALCULATED
2013-05-24T22:00:00Z,2013-05-25T04:02:19Z,,,,,,,,CALCULATED
2013-05-24T22:10:00Z,2013-05-25T04:12:19Z,,,,,,,,CALCULATED
2013-05-24T22:20:00Z,2013-05-25T04:22:19Z,,,,,,,,CALCULATED
2013-05-24T22:30:00Z,2013-05-25T04:32:19Z,,,,,,,,CALCULATED
2013-05-24T22:40:00Z,2013-05-25T04:42:19Z,,,,,,,,CALCULATED
2013-05-24T22:50:00Z,2013-05-25T04:52:19Z,,,,,,,,CALCULATED
2013-05-24T23:00:00Z,2013-05-25T05:02:19Z,,,,,,,,CALCULATED
2013-05-24T23:10:00Z,2013-05-25T05:12:19Z,,,,,,,,CALCULATED
2013-05-24T23:20:00Z,2013-05-25T05:22:19Z,,,,,,,,CALCULATED
2013-05-24T23:30:00Z,2013-05-25T05:32:19Z,,,,,,,,CALCULATED
2013-05-24T23:40:00Z,2013-05-25T05:42:19Z,,,,,,,,CALCULATED
2013-05-24T23:50:00Z,2013-05-25T05:52:19Z,,,,,,,,CALCULATED
2013-05-25T00:00:00Z,2013-05-25T06:02:19Z,,,,,,,,CALCULATED
2013-05-25T00:10:00Z,2013-05-25T06:12:19Z,,,,,,,,CALCULATED
2013-05-25T00:20:00Z,2013-05-25T06:22:19Z,,,,,,,,CALCULATED
2013-05-25T00:30:00Z,2013-05-25T06:32:19Z,,,,,,,,CALCULATED
2013-05-25T00:40:00Z,2013-05-25T06:42:19Z,,,,,,,,CALCULATED
2013-05-25T00:50:00Z,2013-05-25T06:52:19Z,,,,,,,,CALCULATED
2013-05-25T01:00:00Z,2013-05-25T07:02:19Z,,,,,,,,CALCULATED
2013-05-25T01:10:00Z,2013-05-25T07:12:19Z,,,,,,,,CALCULATED
2013-05-25T01:20:00Z,2013-05-25T07:22:19Z,,,,,,,,CALCULATED
2013-05-25T01:30:00Z,2013-05-25T07:32:19Z,,,,,,,,CALCULATED
2013-05-25T01:40:00Z,2013-05-25T07:42:19Z,,,,,,,,CALCULATED
2013-05-25T01:50:00Z,2013-05-25T07:52:19Z,,,,,,,,CALCULATED
2013-05-25T02:00:00Z,2013-05-25T08:02:19Z,,,,,,,,CALCULATED
2013-05-25T02:10:00Z,2013-05-25T08:12:19Z,,,,,,,,CALCULATED
2013-05-25T02:20:00Z,2013-05-25T08:22:19Z,,,,,,,,CALCULATED
2013-05-25T02:30:00Z,2013-05-25T08:32:19Z,,,,,,,,CALCULATED
2013-05-25T02:40:00Z,2013-05-25T08:42:19Z,,,,,,,,CALCULATED
2013-05-25T02:50:00Z,2013-05-25T08:52:19Z,,,,,,,,CALCULATED
2013-05-25T03:00:00Z,2013-05-25T09:02:19Z,,,,,,,,CALCULATED
2013-05-25T03:10:00Z,2013-05-25T09:12:19Z,,,,,,,,CALCULATED
2013-05-25T03:20:00Z,2013-05-25T09:22:19Z,,,,,,,,CALCULATED
2013-05-25T03:30:00Z,2013-05-25T09:32:19Z,,,,,,,,CALCULATED
2013-05-25T03:40:00Z,2013-05-25T09:42:19Z,,,,,,,,CALCULATED
2013-05-25T03:50:00Z,2013-05-25T09:52:19Z,,,,,,,,CALCULATED
2013-05-25T04:00:00Z,2013-05-25T10:02:19Z,,,,,,,,CALCULATED
2013-05-25T04:10:00Z,2013-05-25T10:12:19Z,,,,,,,,CALCULATED
2013-05-25T04:20:00Z,2013-05-25T10:22:19Z,,,,,,,,CALCULATED
2013-05-25T04:30:00Z,2013-05-25T10:32:19Z,,,,,,,,CALCULATED
2013-05-25T04:40:00Z,2013-05-25T10:42:19Z,,,,,,,,CALCULATED
2013-05-25T04:50:00Z,2013-05-25T10:52:19Z,,,,,,,,CALCULATED
2013-05-25T05:00:00Z,2013-05-25T11:02:19Z,,,,,,,,CALCULATED
2013-05-25T05:10:00Z,2013-05-25T11:12:19Z,,,,,,,,CALCULATED
2013-05-25T05:20:00Z,2013-05-25T11:22:19Z,,,,,,,,CALCULATED
2013-05-25T05:30:00Z,2013-05-25T11:32:19Z,,,,,,,,CALCULATED
2013-05-25T05:40:00Z,2013-05-25T11:42:19Z,,,,,,,,CALCULATED
2013-05-25T05:50:00Z,2013-05-25T11:52:19Z,,,,,,,,CALCULATED
2013-05-25T06:00:00Z,2013-05-25T12:02:19Z,,,,,,,,CALCULATED
2013-05-25T06:10:00Z,2013-05-25T12:12:19Z,,,,,,,,CALCULATED
2013-05-25T06:20:00Z,2013-05-25T12:22:19Z,,,,,,,,CALCULATED
2013-05-25T06:30:00Z,2013-05-25T12:32:19Z,,,,,,,,CALCULATED
2013-05-25T06:40:00Z,2013-05-25T12:42:19Z,,,,,,,,CALCULATED
2013-05-25T06:50:00Z,2013-05-25T12:52:19Z,,,,,,,,CALCULATED
2013-05-25T07:00:00Z,2013-05-25T13:02:19Z,,,,,,,,CALCULATED
2013-05-25T07:10:00Z,2013-05-25T13:12:19Z,,,,,,,,CALCULATED
2013-05-25T07:20:00Z,2013-05-25T13:22:19Z,,,,,,,,CALCULATED
2013-05-25T07:30:00Z,2013-05-25T13:32:19Z,,,,,,,,CALCULATED
2013-05-25T07:40:00Z,2013-05-25T13:42:19Z,,,,,,,,CALCULATED
2013-05-25T07:50:00Z,2013-05-25T13:52:19Z,,,,,,,,CALCULATED
2013-05-25T08:00:00Z,2013-05-25T14:02:19Z,,,,,,,,CALCULATED
2013-05-25T08:10:00Z,2013-05-25T14:12:19Z,,,,,,,,CALCULATED
2013-05-25T08:20:00Z,2013-05-25T14:22:19Z,,,,,,,,CALCULATED
2013-05-25T08:30:00Z,2013-05-25T14:32:19Z,,,,,,,,CALCULATED
2013-05-25T08:40:00Z,2013-05-25T14:42:19Z,,,,,,,,CALCULATED
2013-05-25T08:50:00Z,2013-05-25T14:52:19Z,,,,,,,,CALCULATED
2013-05-25T09:00:00Z,2013-05-25T15:02:19Z,,,,,,,,CALCULATED
2013-05-25T09:10:00Z,2013-05-25T15:12:19Z,,,,,,,,CALCULATED
2013-05-25T09:20:00Z,2013-05-25T15:22:19Z,,,,,,,,CALCULATED
2013-05-25T09:30:00Z,2013-05-25T15:32:19Z,,,,,,,,CALCULATED
2013-05-25T09:40:00Z,2013-05-25T15:42:19Z,,,,,,,,CALCULATED
2013-05-25T09:50:00Z,2013-05-25T15:52:19Z,,,,,,,,CALCULATED
2013-05-25T10:00:00Z,2013-05-25T16:02:19Z,,,,,,,,CALCULATED
2013-05-25T10:10:00Z,2013-05-25T16:12:19Z,,,,,,,,CALCULATED
2013-05-25T10:20:00Z,2013-05-25T16:22:19Z,,,,,,,,CALCULATED
2013-05-25T10:30:00Z,2013-05-25T16:32:19Z,,,,,,,,CALCULATED
2013-05-25T10:40:00Z,2013-05-25T16:42:19Z,,,,,,,,CALCULATED
2013-05-25T10:50:00Z,2013-05-25T16:52:19Z,,,,,,,,CALCULATED
2013-05-25T11:00:00Z,2013-05-25T17:02:19Z,,,,,,,,CALCULATED
2013-05-25T11:10:00Z,2013-05-25T17:12:19Z,,,,,,,,CALCULATED
2013-05-25T11:20:00Z,2013-05-25T17:22:19Z,,,,,,,,CALCULATED
2013-05-25T11:30:00Z,2013-05-25T17:32:19Z,,,,,,,,CALCULATED
2013-05-25T11:40:00Z,2013-05-25T17:42:19Z,,,,,,,,CALCULATED
2013-05-25T11:50:00Z,2013-05-25T17:52:19Z,,,,,,,,CALCULATED
2013-05-25T12:00:00Z,2013-05-25T18:02:19Z,,,,,,,,CALCULATED
2013-05-25T12:10:00Z,2013-05-25T18:12:19Z,,,,,,,,CALCULATED
2013-05-25T12:20:00Z,2013-05-25T18:22:19Z,,,,,,,,CALCULATED
2013-05-25T12:30:00Z,2013-05-25T18:32:19Z,,,,,,,,CALCULATED
2013-05-25T12:40:00Z,2013-05-25T18:42:19Z,,,,,,,,CALCULATED
2013-05-25T12:50:00Z,2013-05-25T18:52:19Z,,,,,,,,CALCULATED
2013-05-25T13:00:00Z,2013-05-25T19:02:19Z,,,,,,,,CALCULATED
2013-05-25T13:10:00Z,2013-05-25T19:12:19Z,,,,,,,,CALCULATED
2013-05-25T13:20:00Z,2013-05-25T19:22:19Z,,,,,,,,CALCULATED
2013-05-25T13:30:00Z,2013-05-25T19:32:19Z,,,,,,,,CALCULATED
2013-05-25T13:40:00Z,2013-05-25T19:42:19Z,,,,,,,,CALCULATED
2013-05-25T13:50:00Z,2013-05-25T19:52:19Z,,,,,,,,CALCULATED
2013-05-25T14:00:00Z,2013-05-25T20:02:19Z,,,,,,,,CALCULATED
2013-05-25T14:10:00Z,2013-05-25T20:12:19Z,,,,,,,,CALCULATED
2013-05-25T14:20:00Z,2013-05-25T20:22:19Z,,,,,,,,CALCULATED
2013-05-25T14:30:00Z,2013-05-25T20:32:19Z,,,,,,,,CALCULATED
2013-05-25T14:40:00Z,2013-05-25T20:42:19Z,,,,,,,,CALCULATED
2013-05-25T14:50:00Z,2013-05-25T20:52:19Z,,,,,,,,CALCULATED
2013-05-25T15:00:00Z,2013-05-25T21:02:19Z,,,,,,,,CALCULATED
2013-05-25T15:10:00Z,2013-05-25T21:12:19Z,,,,,,,,CALCULATED
2013-05-25T15:20:00Z,2013-05-25T21:22:19Z,,,,,,,,CALCULATED
2013-05-25T15:30:00Z,2013-05-25T21:32:19Z,,,,,,,,CALCULATED
2013-05-25T15:40:00Z,2013-05-25T21:42:19Z,,,,,,,,CALCULATED
2013-05-25T15:50:00Z,2013-05-25T21:52:19Z,,,,,,,,CALCULATED
2013-05-25T16:00:00Z,2013-05-25T22:02:19Z,,,,,,,,CALCULATED
2013-05-25T16:10:00Z,2013-05-25T22:12:19Z,,,,,,,,CALCULATED
2013-05-25T16:20:00Z,2013-05-25T22:22:19Z,,,,,,,,CALCULATED
2013-05-25T16:30:00Z,2013-05-25T22:32:19Z,,,,,,,,CALCULATED
2013-05-25T16:40:00Z,2013-05-25T22:42:19Z,,,,,,,,CALCULATED
2013-05-25T16:50:00Z,2013-05-25T22:52:19Z,,,,,,,,CALCULATED
2013-05-25T17:00:00Z,2013-05-25T23:02:19Z,,,,,,,,CALCULATED
2013-05-25T17:10:00Z,2013-05-25T23:12:19Z,,,,,,,,CALCULATED
2013-05-25T17:20:00Z,2013-05-25T23:22:19Z,,,,,,,,CALCULATED
2013-05-25T17:30:00Z,2013-05-25T23:32:19Z,,,,,,,,CALCULATED
2013-05-25T17:40:00Z,2013-05-25T23:42:19Z,,,,,,,,CALCULATED
2013-05-25T17:50:00Z,2013-05-25T23:52:19Z,,,,,,,,CALCULATED
2013-05-25T18:00:00Z,2013-05-26T00:02:19Z,,,,,,,,CALCULATED
2013-05-25T18:10:00Z,2013-05-26T00:12:12Z,,,,,,,,CALCULATED
2013-05-25T18:20:00Z,2013-05-26T00:22:12Z,,,,,,,,CALCULATED
2013-05-25T18:30:00Z,2013-05-26T00:32:12Z,,,,,,,,CALCULATED
2013-05-25T18:40:00Z,2013-05-26T00:42:12Z,,,,,,,,CALCULATED
2013-05-25T18:50:00Z,2013-05-26T00:52:12Z,,,,,,,,CALCULATED
2013-05-25T19:00:00Z,2013-05-26T01:02:12Z,,,,,,,,CALCULATED
2013-05-25T19:10:00Z,2013-05-26T01:12:12Z,,,,,,,,CALCULATED
2013-05-25T19:20:00Z,2013-05-26T01:22:12Z,,,,,,,,CALCULATED
2013-05-25T19:30:00Z,2013-05-26T01:32:12Z,,,,,,,,CALCULATED
2013-05-25T19:40:00Z,2013-05-26T01:42:12Z,,,,,,,,CALCULATED
2013-05-25T19:50:00Z,2013-05-26T01:52:12Z,,,,,,,,CALCULATED
2013-05-25T20:00:00Z,2013-05-26T02:02:12Z,,,,,,,,CALCULATED
2013-05-25T20:10:00Z,2013-05-26T02:12:12Z,,,,,,,,CALCULATED
2013-05-25T20:20:00Z,2013-05-26T02:22:12Z,,,,,,,,CALCULATED
2013-05-25T20:30:00Z,2013-05-26T02:32:12Z,,,,,,,,CALCULATED
2013-05-25T20:40:00Z,2013-05-26T02:42:12Z,,,,,,,,CALCULATED
2013-05-25T20:50:00Z,2013-05-26T02:52:12Z,,,,,,,,CALCULATED
2013-05-25T21:00:00Z,2013-05-26T03:02:12Z,,,,,,,,CALCULATED
2013-05-25T21:10:00Z,2013-05-26T03:12:12Z,,,,,,,,CALCULATED
2013-05-25T21:20:00Z,2013-05-26T03:22:12Z,,,,,,,,CALCULATED
2013-05-25T21:30:00Z,2013-05-26T03:32:12Z,,,,,,,,CALCULATED
2013-05-25T21:40:00Z,2013-05-26T03:42:12Z,,,,,,,,CALCULATED
2013-05-25T21:50:00Z,2013-05-26T03:52:12Z,,,,,,,,CALCULATED
2013-05-25T22:00:00Z,2013-05-26T04:02:12Z,,,,,,,,CALCULATED
2013-05-25T22:10:00Z,2013-05-26T04:12:12Z,,,,,,,,CALCULATED
2013-05-25T22:20:00Z,2013-05-26T04:22:12Z,,,,,,,,CALCULATED
2013-05-25T22:30:00Z,2013-05-26T04:32:12Z,,,,,,,,CALCULATED
2013-05-25T22:40:00Z,2013-05-26T04:42:12Z,,,,,,,,CALCULATED
2013-05-25T22:50:00Z,2013-05-26T04:52:12Z,,,,,,,,CALCULATED
2013-05-25T23:00:00Z,2013-05-26T05:02:12Z,,,,,,,,CALCULATED
2013-05-25T23:10:00Z,2013-05-26T05:12:12Z,,,,,,,,CALCULATED
2013-05-25T23:20:00Z,2013-05-26T05:22:12Z,,,,,,,,CALCULATED
2013-05-25T23:30:00Z,2013-05-26T05:32:12Z,,,,,,,,CALCULATED
2013-05-25T23:40:00Z,2013-05-26T05:42:12Z,,,,,,,,CALCULATED
2013-05-25T23:50:00Z,2013-05-26T05:52:12Z,,,,,,,,CALCULATED
2013-05-26T00:00:00Z,2013-05-26T06:02:12Z,,,,,,,,CALCULATED
2013-05-26T00:10:00Z,2013-05-26T06:12:12Z,,,,,,,,CALCULATED
2013-05-26T00:20:00Z,2013-05-26T06:22:12Z,,,,,,,,CALCULATED
2013-05-26T00:30:00Z,2013-05-26T06:32:12Z,,,,,,,,CALCULATED
2013-05-26T00:40:00Z,2013-05-26T06:42:12Z,,,,,,,,CALCULATED
2013-05-26T00:50:00Z,2013-05-26T06:52:12Z,,,,,,,,CALCULATED
2013-05-26T01:00:00Z,2013-05-26T07:02:12Z,,,,,,,,CALCULATED
2013-05-26T01:10:00Z,2013-05-26T07:12:12Z,,,,,,,,CALCULATED
2013-05-26T01:20:00Z,2013-05-26T07:22:12Z,,,,,,,,CALCULATED
2013-05-26T01:30:00Z,2013-05-26T07:32:12Z,,,,,,,,CALCULATED
2013-05-26T01:40:00Z,2013-05-26T07:42:12Z,,,,,,,,CALCULATED
2013-05-26T01:50:00Z,2013-05-26T07:52:12Z,,,,,,,,CALCULATED
2013-05-26T02:00:00Z,2013-05-26T08:02:12Z,,,,,,,,CALCULATED
2013-05-26T02:10:00Z,2013-05-26T08:12:12Z,,,,,,,,CALCULATED
2013-05-26T02:20:00Z,2013-05-26T08:22:12Z,,,,,,,,CALCULATED
2013-05-26T02:30:00Z,2013-05-26T08:32:12Z,,,,,,,,CALCULATED
2013-05-26T02:40:00Z,2013-05-26T08:42:12Z,,,,,,,,CALCULATED
2013-05-26T02:50:00Z,2013-05-26T08:52:12Z,,,,,,,,CALCULATED
2013-05-26T03:00:00Z,2013-05-26T09:02:12Z,,,,,,,,CALCULATED
2013-05-26T03:10:00Z,2013-05-26T09:12:12Z,,,,,,,,CALCULATED
2013-05-26T03:20:00Z,2013-05-26T09:22:12Z,,,,,,,,CALCULATED
2013-05-26T03:30:00Z,2013-05-26T09:32:12Z,,,,,,,,CALCULATED
2013-05-26T03:40:00Z,2013-05-26T09:42:12Z,,,,,,,,CALCULATED
2013-05-26T03:50:00Z,2013-05-26T09:52:12Z,,,,,,,,CALCULATED
2013-05-26T04:00:00Z,2013-05-26T10:02:12Z,,,,,,,,CALCULATED
2013-05-26T04:10:00Z,2013-05-26T10:12:12Z,,,,,,,,CALCULATED
2013-05-26T04:20:00Z,2013-05-26T10:22:12Z,,,,,,,,CALCULATED
2013-05-26T04:30:00Z,2013-05-26T10:32:12Z,,,,,,,,CALCULATED
2013-05-26T04:40:00Z,2013-05-26T10:42:12Z,,,,,,,,CALCULATED
2013-05-26T04:50:00Z,2013-05-26T10:52:12Z,,,,,,,,CALCULATED
2013-05-26T05:00:00Z,2013-05-26T11:02:12Z,,,,,,,,CALCULATED
2013-05-26T05:10:00Z,2013-05-26T11:12:12Z,,,,,,,,CALCULATED
2013-05-26T05:20:00Z,2013-05-26T11:22:12Z,,,,,,,,CALCULATED
2013-05-26T05:30:00Z,2013-05-26T11:32:12Z,,,,,,,,CALCULATED
2013-05-26T05:40:00Z,2013-05-26T11:42:12Z,,,,,,,,CALCULATED
2013-05-26T05:50:00Z,2013-05-26T11:52:12Z,,,,,,,,CALCULATED
2013-05-26T06:00:00Z,2013-05-26T12:02:12Z,,,,,,,,CALCULATED
2013-05-26T06:10:00Z,2013-05-26T12:12:12Z,,,,,,,,CALCULATED
2013-05-26T06:20:00Z,2013-05-26T12:22:12Z,,,,,,,,CALCULATED
2013-05-26T06:30:00Z,2013-05-26T12:32:12Z,,,,,,,,CALCULATED
2013-05-26T06:40:00Z,2013-05-26T12:42:12Z,,,,,,,,CALCULATED
2013-05-26T06:50:00Z,2013-05-26T12:52:12Z,,,,,,,,CALCULATED
2013-05-26T07:00:00Z,2013-05-26T13:02:12Z,,,,,,,,CALCULATED
2013-05-26T07:10:00Z,2013-05-26T13:12:12Z,,,,,,,,CALCULATED
2013-05-26T07:20:00Z,2013-05-26T13:22:12Z,,,,,,,,CALCULATED
2013-05-26T07:30:00Z,2013-05-26T13:32:12Z,,,,,,,,CALCULATED
2013-05-26T07:40:00Z,2013-05-26T13:42:12Z,,,,,,,,CALCULATED
2013-05-26T07:50:00Z,2013-05-26T13:52:12Z,,,,,,,,CALCULATED
2013-05-26T08:00:00Z,2013-05-26T14:02:12Z,,,,,,,,CALCULATED
2013-05-26T08:10:00Z,2013-05-26T14:12:12Z,,,,,,,,CALCULATED
2013-05-26T08:20:00Z,2013-05-26T14:22:12Z,,,,,,,,CALCULATED
2013-05-26T08:30:00Z,2013-05-26T14:32:12Z,,,,,,,,CALCULATED
2013-05-26T08:40:00Z,2013-05-26T14:42:12Z,,,,,,,,CALCULATED
2013-05-26T08:50:00Z,2013-05-26T14:52:12Z,,,,,,,,CALCULATED
2013-05-26T09:00:00Z,2013-05-26T15:02:12Z,,,,,,,,CALCULATED
2013-05-26T09:10:00Z,2013-05-26T15:12:12Z,,,,,,,,CALCULATED
2013-05-26T09:20:00Z,2013-05-26T15:22:12Z,,,,,,,,CALCULATED
2013-05-26T09:30:00Z,2013-05-26T15:32:12Z,,,,,,,,CALCULATED
2013-05-26T09:40:00Z,2013-05-26T15:42:12Z,,,,,,,,CALCULATED
2013-05-26T09:50:00Z,2013-05-26T15:52:12Z,,,,,,,,CALCULATED
2013-05-26T10:00:00Z,2013-05-26T16:02:12Z,,,,,,,,CALCULATED
2013-05-26T10:10:00Z,2013-05-26T16:12:12Z,,,,,,,,CALCULATED
2013-05-26T10:20:00Z,2013-05-26T16:22:12Z,,,,,,,,CALCULATED
2013-05-26T10:30:00Z,2013-05-26T16:32:12Z,,,,,,,,CALCULATED
2013-05-26T10:40:00Z,2013-05-26T16:42:12Z,,,,,,,,CALCULATED
2013-05-26T10:50:00Z,2013-05-26T16:52:12Z,,,,,,,,CALCULATED
2013-05-26T11:00:00Z,2013-05-26T17:02:12Z,,,,,,,,CALCULATED
2013-05-26T11:10:00Z,2013-05-26T17:12:12Z,,,,,,,,CALCULATED
2013-05-26T11:20:00Z,2013-05-26T17:22:12Z,,,,,,,,CALCULATED
2013-05-26T11:30:00Z,2013-05-26T17:32:12Z,,,,,,,,CALCULATED
2013-05-26T11:40:00Z,2013-05-26T17:42:12Z,,,,,,,,CALCULATED
2013-05-26T11:50:00Z,2013-05-26T17:52:12Z,,,,,,,,CALCULATED
2013-05-26T12:00:00Z,2013-05-26T18:02:12Z,,,,,,,,CALCULATED
2013-05-26T12:10:00Z,2013-05-26T18:12:12Z,,,,,,,,CALCULATED
2013-05-26T12:20:00Z,2013-05-26T18:22:12Z,,,,,,,,CALCULATED
2013-05-26T12:30:00Z,2013-05-26T18:32:12Z,,,,,,,,CALCULATED
2013-05-26T12:40:00Z,2013-05-26T18:42:12Z,,,,,,,,CALCULATED
2013-05-26T12:50:00Z,2013-05-26T18:52:12Z,,,,,,,,CALCULATED
2013-05-26T13:00:00Z,2013-05-26T19:02:12Z,,,,,,,,CALCULATED
2013-05-26T13:10:00Z,2013-05-26T19:12:12Z,,,,,,,,CALCULATED
2013-05-26T13:20:00Z,2013-05-26T19:22:12Z,,,,,,,,CALCULATED
2013-05-26T13:30:00Z,2013-05-26T19:32:12Z,,,,,,,,CALCULATED
2013-05-26T13:40:00Z,2013-05-26T19:42:12Z,,,,,,,,CALCULATED
2013-05-26T13:50:00Z,2013-05-26T19:52:12Z,,,,,,,,CALCULATED
2013-05-26T14:00:00Z,2013-05-26T20:02:12Z,,,,,,,,CALCULATED
2013-05-26T14:10:00Z,2013-05-26T20:12:12Z,,,,,,,,CALCULATED
2013-05-26T14:20:00Z,2013-05-26T20:22:12Z,,,,,,,,CALCULATED
2013-05-26T14:30:00Z,2013-05-26T20:32:12Z,,,,,,,,CALCULATED
2013-05-26T14:40:00Z,2013-05-26T20:42:12Z,,,,,,,,CALCULATED
2013-05-26T14:50:00Z,2013-05-26T20:52:12Z,,,,,,,,CALCULATED
2013-05-26T15:00:00Z,2013-05-26T21:02:12Z,,,,,,,,CALCULATED
2013-05-26T15:10:00Z,2013-05-26T21:12:12Z,,,,,,,,CALCULATED
2013-05-26T15:20:00Z,2013-05-26T21:22:12Z,,,,,,,,CALCULATED
2013-05-26T15:30:00Z,2013-05-26T21:32:12Z,,,,,,,,CALCULATED
2013-05-26T15:40:00Z,2013-05-26T21:42:12Z,,,,,,,,CALCULATED
2013-05-26T15:50:00Z,2013-05-26T21:52:12Z,,,,,,,,CALCULATED
2013-05-26T16:00:00Z,2013-05-26T22:02:12Z,,,,,,,,CALCULATED
2013-05-26T16:10:00Z,2013-05-26T22:12:12Z,,,,,,,,CALCULATED
2013-05-26T16:20:00Z,2013-05-26T22:22:12Z,,,,,,,,CALCULATED
2013-05-26T16:30:00Z,2013-05-26T22:32:12Z,,,,,,,,CALCULATED
2013-05-26T16:40:00Z,2013-05-26T22:42:12Z,,,,,,,,CALCULATED
2013-05-26T16:50:00Z,2013-05-26T22:52:12Z,,,,,,,,CALCULATED
2013-05-26T17:00:00Z,2013-05-26T23:02:12Z,,,,,,,,CALCULATED
2013-05-26T17:10:00Z,2013-05-26T23:12:12Z,,,,,,,,CALCULATED
2013-05-26T17:20:00Z,2013-05-26T23:22:12Z,,,,,,,,CALCULATED
2013-05-26T17:30:00Z,2013-05-26T23:32:12Z,,,,,,,,CALCULATED
2013-05-26T17:40:00Z,2013-05-26T23:42:12Z,,,,,,,,CALCULATED
2013-05-26T17:50:00Z,2013-05-26T23:52:12Z,,,,,,,,CALCULATED
2013-05-26T18:00:00Z,2013-05-27T00:02:12Z,,,,,,,,CALCULATED
2013-05-26T18:10:00Z,2013-05-27T00:12:05Z,,,,,,,,CALCULATED
2013-05-26T18:20:00Z,2013-05-27T00:22:05Z,,,,,,,,CALCULATED
2013-05-26T18:30:00Z,2013-05-27T00:32:05Z,,,,,,,,CALCULATED
2013-05-26T18:40:00Z,2013-05-27T00:42:05Z,,,,,,,,CALCULATED
2013-05-26T18:50:00Z,2013-05-27T00:52:05Z,,,,,,,,CALCULATED
2013-05-26T19:00:00Z,2013-05-27T01:02:05Z,,,,,,,,CALCULATED
2013-05-26T19:10:00Z,2013-05-27T01:12:05Z,,,,,,,,CALCULATED
2013-05-26T19:20:00Z,2013-05-27T01:22:05Z,,,,,,,,CALCULATED
2013-05-26T19:30:00Z,2013-05-27T01:32:05Z,,,,,,,,CALCULATED
2013-05-26T19:40:00Z,2013-05-27T01:42:05Z,,,,,,,,CALCULATED
2013-05-26T19:50:00Z,2013-05-27T01:52:05Z,,,,,,,,CALCULATED
2013-05-26T20:00:00Z,2013-05-27T02:02:05Z,,,,,,,,CALCULATED
2013-05-26T20:10:00Z,2013-05-27T02:12:05Z,,,,,,,,CALCULATED
2013-05-26T20:20:00Z,2013-05-27T02:22:05Z,,,,,,,,CALCULATED
2013-05-26T20:30:00Z,2013-05-27T02:32:05Z,,,,,,,,CALCULATED
2013-05-26T20:40:00Z,2013-05-27T02:42:05Z,,,,,,,,CALCULATED
2013-05-26T20:50:00Z,2013-05-27T02:52:05Z,,,,,,,,CALCULATED
2013-05-26T21:00:00Z,2013-05-27T03:02:05Z,,,,,,,,CALCULATED
2013-05-26T21:10:00Z,2013-05-27T03:12:05Z,,,,,,,,CALCULATED
2013-05-26T21:20:00Z,2013-05-27T03:22:05Z,,,,,,,,CALCULATED
2013-05-26T21:30:00Z,2013-05-27T03:32:05Z,,,,,,,,CALCULATED
2013-05-26T21:40:00Z,2013-05-27T03:42:05Z,,,,,,,,CALCULATED
2013-05-26T21:50:00Z,2013-05-27T03:52:05Z,,,,,,,,CALCULATED
2013-05-26T22:00:00Z,2013-05-27T04:02:05Z,,,,,,,,CALCULATED
2013-05-26T22:10:00Z,2013-05-27T04:12:05Z,,,,,,,,CALCULATED
2013-05-26T22:20:00Z,2013-05-27T04:22:05Z,,,,,,,,CALCULATED
2013-05-26T22:30:00Z,2013-05-27T04:32:05Z,,,,,,,,CALCULATED
2013-05-26T22:40:00Z,2013-05-27T04:42:05Z,,,,,,,,CALCULATED
2013-05-26T22:50:00Z,2013-05-27T04:52:05Z,,,,,,,,CALCULATED
2013-05-26T23:00:00Z,2013-05-27T05:02:05Z,,,,,,,,CALCULATED
2013-05-26T23:10:00Z,2013-05-27T05:12:05Z,,,,,,,,CALCULATED
2013-05-26T23:20:00Z,2013-05-27T05:22:05Z,,,,,,,,CALCULATED
2013-05-26T23:30:00Z,2013-05-27T05:32:05Z,,,,,,,,CALCULATED
2013-05-26T23:40:00Z,2013-05-27T05:42:05Z,,,,,,,,CALCULATED
2013-05-26T23:50:00Z,2013-05-27T05:52:05Z,,,,,,,,CALCULATED
2013-05-27T00:00:00Z,2013-05-27T06:02:05Z,,,,,,,,CALCULATED
2013-05-27T00:10:00Z,2013-05-27T06:12:05Z,,,,,,,,CALCULATED
2013-05-27T00:20:00Z,2013-05-27T06:22:05Z,,,,,,,,CALCULATED
2013-05-27T00:30:00Z,2013-05-27T06:32:05Z,,,,,,,,CALCULATED
2013-05-27T00:40:00Z,2013-05-27T06:42:05Z,,,,,,,,CALCULATED
2013-05-27T00:50:00Z,2013-05-27T06:52:05Z,,,,,,,,CALCULATED
2013-05-27T01:00:00Z,2013-05-27T07:02:05Z,,,,,,,,CALCULATED
2013-05-27T01:10:00Z,2013-05-27T07:12:05Z,,,,,,,,CALCULATED
2013-05-27T01:20:00Z,2013-05-27T07:22:05Z,,,,,,,,CALCULATED
2013-05-27T01:30:00Z,2013-05-27T07:32:05Z,,,,,,,,CALCULATED
2013-05-27T01:40:00Z,2013-05-27T07:42:05Z,,,,,,,,CALCULATED
2013-05-27T01:50:00Z,2013-05-27T07:52:05Z,,,,,,,,CALCULATED
2013-05-27T02:00:00Z,2013-05-27T08:02:05Z,,,,,,,,CALCULATED
2013-05-27T02:10:00Z,2013-05-27T08:12:05Z,,,,,,,,CALCULATED
2013-05-27T02:20:00Z,2013-05-27T08:22:05Z,,,,,,,,CALCULATED
2013-05-27T02:30:00Z,2013-05-27T08:32:05Z,,,,,,,,CALCULATED
2013-05-27T02:40:00Z,2013-05-27T08:42:05Z,,,,,,,,CALCULATED
2013-05-27T02:50:00Z,2013-05-27T08:52:05Z,,,,,,,,CALCULATED
2013-05-27T03:00:00Z,2013-05-27T09:02:05Z,,,,,,,,CALCULATED
2013-05-27T03:10:00Z,2013-05-27T09:12:05Z,,,,,,,,CALCULATED
2013-05-27T03:20:00Z,2013-05-27T09:22:05Z,,,,,,,,CALCULATED
2013-05-27T03:30:00Z,2013-05-27T09:32:05Z,,,,,,,,CALCULATED
2013-05-27T03:40:00Z,2013-05-27T09:42:05Z,,,,,,,,CALCULATED
2013-05-27T03:50:00Z,2013-05-27T09:52:05Z,,,,,,,,CALCULATED
2013-05-27T04:00:00Z,2013-05-27T10:02:05Z,,,,,,,,CALCULATED
2013-05-27T04:10:00Z,2013-05-27T10:12:05Z,,,,,,,,CALCULATED
2013-05-27T04:20:00Z,2013-05-27T10:22:05Z,,,,,,,,CALCULATED
2013-05-27T04:30:00Z,2013-05-27T10:32:05Z,,,,,,,,CALCULATED
2013-05-27T04:40:00Z,2013-05-27T10:42:05Z,,,,,,,,CALCULATED
2013-05-27T04:50:00Z,2013-05-27T10:52:05Z,,,,,,,,CALCULATED
2013-05-27T05:00:00Z,2013-05-27T11:02:05Z,,,,,,,,CALCULATED
2013-05-27T05:10:00Z,2013-05-27T11:12:05Z,,,,,,,,CALCULATED
2013-05-27T05:20:00Z,2013-05-27T11:22:05Z,,,,,,,,CALCULATED
2013-05-27T05:30:00Z,2013-05-27T11:32:05Z,,,,,,,,CALCULATED
2013-05-27T05:40:00Z,2013-05-27T11:42:05Z,,,,,,,,CALCULATED
2013-05-27T05:50:00Z,2013-05-27T11:52:05Z,,,,,,,,CALCULATED
2013-05-27T06:00:00Z,2013-05-27T12:02:05Z,,,,,,,,CALCULATED
2013-05-27T06:10:00Z,2013-05-27T12:12:05Z,,,,,,,,CALCULATED
2013-05-27T06:20:00Z,2013-05-27T12:22:05Z,,,,,,,,CALCULATED
2013-05-27T06:30:00Z,2013-05-27T12:32:05Z,,,,,,,,CALCULATED
2013-05-27T06:40:00Z,2013-05-27T12:42:05Z,,,,,,,,CALCULATED
2013-05-27T06:50:00Z,2013-05-27T12:52:05Z,,,,,,,,CALCULATED
2013-05-27T07:00:00Z,2013-05-27T13:02:05Z,,,,,,,,CALCULATED
2013-05-27T07:10:00Z,2013-05-27T13:12:05Z,,,,,,,,CALCULATED
2013-05-27T07:20:00Z,2013-05-27T13:22:05Z,,,,,,,,CALCULATED
2013-05-27T07:30:00Z,2013-05-27T13:32:05Z,,,,,,,,CALCULATED
2013-05-27T07:40:00Z,2013-05-27T13:42:05Z,,,,,,,,CALCULATED
2013-05-27T07:50:00Z,2013-05-27T13:52:05Z,,,,,,,,CALCULATED
2013-05-27T08:00:00Z,2013-05-27T14:02:05Z,,,,,,,,CALCULATED
2013-05-27T08:10:00Z,2013-05-27T14:12:05Z,,,,,,,,CALCULATED
2013-05-27T08:20:00Z,2013-05-27T14:22:05Z,,,,,,,,CALCULATED
2013-05-27T08:30:00Z,2013-05-27T14:32:05Z,,,,,,,,CALCULATED
2013-05-27T08:40:00Z,2013-05-27T14:42:05Z,,,,,,,,CALCULATED
2013-05-27T08:50:00Z,2013-05-27T14:52:05Z,,,,,,,,CALCULATED
2013-05-27T09:00:00Z,2013-05-27T15:02:05Z,,,,,,,,CALCULATED
2013-05-27T09:10:00Z,2013-05-27T15:12:05Z,,,,,,,,CALCULATED
2013-05-27T09:20:00Z,2013-05-27T15:22:05Z,,,,,,,,CALCULATED
2013-05-27T09:30:00Z,2013-05-27T15:32:05Z,,,,,,,,CALCULATED
2013-05-27T09:40:00Z,2013-05-27T15:42:05Z,,,,,,,,CALCULATED
2013-05-27T09:50:00Z,2013-05-27T15:52:05Z,,,,,,,,CALCULATED
2013-05-27T10:00:00Z,2013-05-27T16:02:05Z,,,,,,,,CALCULATED
2013-05-27T10:10:00Z,2013-05-27T16:12:05Z,,,,,,,,CALCULATED
2013-05-27T10:20:00Z,2013-05-27T16:22:05Z,,,,,,,,CALCULATED
2013-05-27T10:30:00Z,2013-05-27T16:32:05Z,,,,,,,,CALCULATED
2013-05-27T10:40:00Z,2013-05-27T16:42:05Z,,,,,,,,CALCULATED
2013-05-27T10:50:00Z,2013-05-27T16:52:05Z,,,,,,,,CALCULATED
2013-05-27T11:00:00Z,2013-05-27T17:02:05Z,,,,,,,,CALCULATED
2013-05-27T11:10:00Z,2013-05-27T17:12:05Z,,,,,,,,CALCULATED
2013-05-27T11:20:00Z,2013-05-27T17:22:05Z,,,,,,,,CALCULATED
2013-05-27T11:30:00Z,2013-05-27T17:32:05Z,,,,,,,,CALCULATED
2013-05-27T11:40:00Z,2013-05-27T17:42:05Z,,,,,,,,CALCULATED
2013-05-27T11:50:00Z,2013-05-27T17:52:05Z,,,,,,,,CALCULATED
2013-05-27T12:00:00Z,2013-05-27T18:02:05Z,,,,,,,,CALCULATED
2013-05-27T12:10:00Z,2013-05-27T18:12:05Z,,,,,,,,CALCULATED
2013-05-27T12:20:00Z,2013-05-27T18:22:05Z,,,,,,,,CALCULATED
2013-05-27T12:30:00Z,2013-05-27T18:32:05Z,,,,,,,,CALCULATED
2013-05-27T12:40:00Z,2013-05-27T18:42:05Z,,,,,,,,CALCULATED
2013-05-27T12:50:00Z,2013-05-27T18:52:05Z,,,,,,,,CALCULATED
2013-05-27T13:00:00Z,2013-05-27T19:02:05Z,,,,,,,,CALCULATED
2013-05-27T13:10:00Z,2013-05-27T19:12:05Z,,,,,,,,CALCULATED
2013-05-27T13:20:00Z,2013-05-27T19:22:05Z,,,,,,,,CALCULATED
2013-05-27T13:30:00Z,2013-05-27T19:32:05Z,,,,,,,,CALCULATED
2013-05-27T13:40:00Z,2013-05-27T19:42:05Z,,,,,,,,CALCULATED
2013-05-27T13:50:00Z,2013-05-27T19:52:05Z,,,,,,,,CALCULATED
2013-05-27T14:00:00Z,2013-05-27T20:02:05Z,,,,,,,,CALCULATED
2013-05-27T14:10:00Z,2013-05-27T20:12:05Z,,,,,,,,CALCULATED
2013-05-27T14:20:00Z,2013-05-27T20:22:05Z,,,,,,,,CALCULATED
2013-05-27T14:30:00Z,2013-05-27T20:32:05Z,,,,,,,,CALCULATED
2013-05-27T14:40:00Z,2013-05-27T20:42:05Z,,,,,,,,CALCULATED
2013-05-27T14:50:00Z,2013-05-27T20:52:05Z,,,,,,,,CALCULATED
2013-05-27T15:00:00Z,2013-05-27T21:02:05Z,,,,,,,,CALCULATED
2013-05-27T15:10:00Z,2013-05-27T21:12:05Z,,,,,,,,CALCULATED
2013-05-27T15:20:00Z,2013-05-27T21:22:05Z,,,,,,,,CALCULATED
2013-05-27T15:30:00Z,2013-05-27T21:32:05Z,,,,,,,,CALCULATED
2013-05-27T15:40:00Z,2013-05-27T21:42:05Z,,,,,,,,CALCULATED
2013-05-27T15:50:00Z,2013-05-27T21:52:05Z,,,,,,,,CALCULATED
2013-05-27T16:00:00Z,2013-05-27T22:02:05Z,,,,,,,,CALCULATED
2013-05-27T16:10:00Z,2013-05-27T22:12:05Z,,,,,,,,CALCULATED
2013-05-27T16:20:00Z,2013-05-27T22:22:05Z,,,,,,,,CALCULATED
2013-05-27T16:30:00Z,2013-05-27T22:32:05Z,,,,,,,,CALCULATED
2013-05-27T16:40:00Z,2013-05-27T22:42:05Z,,,,,,,,CALCULATED
2013-05-27T16:50:00Z,2013-05-27T22:52:05Z,,,,,,,,CALCULATED
2013-05-27T17:00:00Z,2013-05-27T23:02:05Z,,,,,,,,CALCULATED
2013-05-27T17:10:00Z,2013-05-27T23:12:05Z,,,,,,,,CALCULATED
2013-05-27T17:20:00Z,2013-05-27T23:22:05Z,,,,,,,,CALCULATED
2013-05-27T17:30:00Z,2013-05-27T23:32:05Z,,,,,,,,CALCULATED
2013-05-27T17:40:00Z,2013-05-27T23:42:05Z,,,,,,,,CALCULATED
2013-05-27T17:50:00Z,2013-05-27T23:52:05Z,,,,,,,,CALCULATED
2013-05-27T18:00:00Z,2013-05-28T00:02:05Z,,,,,,,,CALCULATED
2013-05-27T18:10:00Z,2013-05-28T00:11:57Z,,,,,,,,CALCULATED
2013-05-27T18:20:00Z,2013-05-28T00:21:57Z,,,,,,,,CALCULATED
2013-05-27T18:30:00Z,2013-05-28T00:31:57Z,,,,,,,,CALCULATED
2013-05-27T18:40:00Z,2013-05-28T00:41:57Z,,,,,,,,CALCULATED
2013-05-27T18:50:00Z,2013-05-28T00:51:57Z,,,,,,,,CALCULATED
2013-05-27T19:00:00Z,2013-05-28T01:01:57Z,,,,,,,,CALCULATED
2013-05-27T19:10:00Z,2013-05-28T01:11:57Z,,,,,,,,CALCULATED
2013-05-27T19:20:00Z,2013-05-28T01:21:57Z,,,,,,,,CALCULATED
2013-05-27T19:30:00Z,2013-05-28T01:31:57Z,,,,,,,,CALCULATED
2013-05-27T19:40:00Z,2013-05-28T01:41:57Z,,,,,,,,CALCULATED
2013-05-27T19:50:00Z,2013-05-28T01:51:57Z,,,,,,,,CALCULATED
2013-05-27T20:00:00Z,2013-05-28T02:01:57Z,,,,,,,,CALCULATED
2013-05-27T20:10:00Z,2013-05-28T02:11:57Z,,,,,,,,CALCULATED
2013-05-27T20:20:00Z,2013-05-28T02:21:57Z,,,,,,,,CALCULATED
2013-05-27T20:30:00Z,2013-05-28T02:31:57Z,,,,,,,,CALCULATED
2013-05-27T20:40:00Z,2013-05-28T02:41:57Z,,,,,,,,CALCULATED
2013-05-27T20:50:00Z,2013-05-28T02:51:57Z,,,,,,,,CALCULATED
2013-05-27T21:00:00Z,2013-05-28T03:01:57Z,,,,,,,,CALCULATED
2013-05-27T21:10:00Z,2013-05-28T03:11:57Z,,,,,,,,CALCULATED
2013-05-27T21:20:00Z,2013-05-28T03:21:57Z,,,,,,,,CALCULATED
2013-05-27T21:30:00Z,2013-05-28T03:31:57Z,,,,,,,,CALCULATED
2013-05-27T21:40:00Z,2013-05-28T03:41:57Z,,,,,,,,CALCULATED
2013-05-27T21:50:00Z,2013-05-28T03:51:57Z,,,,,,,,CALCULATED
2013-05-27T22:00:00Z,2013-05-28T04:01:57Z,,,,,,,,CALCULATED
2013-05-27T22:10:00Z,2013-05-28T04:11:57Z,,,,,,,,CALCULATED
2013-05-27T22:20:00Z,2013-05-28T04:21:57Z,,,,,,,,CALCULATED
2013-05-27T22:30:00Z,2013-05-28T04:31:57Z,,,,,,,,CALCULATED
2013-05-27T22:40:00Z,2013-05-28T04:41:57Z,,,,,,,,CALCULATED
2013-05-27T22:50:00Z,2013-05-28T04:51:57Z,,,,,,,,CALCULATED
2013-05-27T23:00:00Z,2013-05-28T05:01:57Z,,,,,,,,CALCULATED
2013-05-27T23:10:00Z,2013-05-28T05:11:57Z,,,,,,,,CALCULATED
2013-05-27T23:20:00Z,2013-05-28T05:21:57Z,,,,,,,,CALCULATED
2013-05-27T23:30:00Z,2013-05-28T05:31:57Z,,,,,,,,CALCULATED
2013-05-27T23:40:00Z,2013-05-28T05:41:57Z,,,,,,,,CALCULATED
2013-05-27T23:50:00Z,2013-05-28T05:51:57Z,,,,,,,,CALCULATED
2013-05-28T00:00:00Z,2013-05-28T06:01:57Z,,,,,,,,CALCULATED
2013-05-28T00:10:00Z,2013-05-28T06:11:57Z,,,,,,,,CALCULATED
2013-05-28T00:20:00Z,2013-05-28T06:21:57Z,,,,,,,,CALCULATED
2013-05-28T00:30:00Z,2013-05-28T06:31:57Z,,,,,,,,CALCULATED
2013-05-28T00:40:00Z,2013-05-28T06:41:57Z,,,,,,,,CALCULATED
2013-05-28T00:50:00Z,2013-05-28T06:51:57Z,,,,,,,,CALCULATED
2013-05-28T01:00:00Z,2013-05-28T07:01:57Z,,,,,,,,CALCULATED
2013-05-28T01:10:00Z,2013-05-28T07:11:57Z,,,,,,,,CALCULATED
2013-05-28T01:20:00Z,2013-05-28T07:21:57Z,,,,,,,,CALCULATED
2013-05-28T01:30:00Z,2013-05-28T07:31:57Z,,,,,,,,CALCULATED
2013-05-28T01:40:00Z,2013-05-28T07:41:57Z,,,,,,,,CALCULATED
2013-05-28T01:50:00Z,2013-05-28T07:51:57Z,,,,,,,,CALCULATED
2013-05-28T02:00:00Z,2013-05-28T08:01:57Z,,,,,,,,CALCULATED
2013-05-28T02:10:00Z,2013-05-28T08:11:57Z,,,,,,,,CALCULATED
2013-05-28T02:20:00Z,2013-05-28T08:21:57Z,,,,,,,,CALCULATED
2013-05-28T02:30:00Z,2013-05-28T08:31:57Z,,,,,,,,CALCULATED
2013-05-28T02:40:00Z,2013-05-28T08:41:57Z,,,,,,,,CALCULATED
2013-05-28T02:50:00Z,2013-05-28T08:51:57Z,,,,,,,,CALCULATED
2013-05-28T03:00:00Z,2013-05-28T09:01:57Z,,,,,,,,CALCULATED
2013-05-28T03:10:00Z,2013-05-28T09:11:57Z,,,,,,,,CALCULATED
2013-05-28T03:20:00Z,2013-05-28T09:21:57Z,,,,,,,,CALCULATED
2013-05-28T03:30:00Z,2013-05-28T09:31:57Z,,,,,,,,CALCULATED
2013-05-28T03:40:00Z,2013-05-28T09:41:57Z,,,,,,,,CALCULATED
2013-05-28T03:50:00Z,2013-05-28T09:51:57Z,,,,,,,,CALCULATED
2013-05-28T04:00:00Z,2013-05-28T10:01:57Z,,,,,,,,CALCULATED
2013-05-28T04:10:00Z,2013-05-28T10:11:57Z,,,,,,,,CALCULATED
2013-05-28T04:20:00Z,2013-05-28T10:21:57Z,,,,,,,,CALCULATED
2013-05-28T04:30:00Z,2013-05-28T10:31:57Z,,,,,,,,CALCULATED
2013-05-28T04:40:00Z,2013-05-28T10:41:57Z,,,,,,,,CALCULATED
2013-05-28T04:50:00Z,2013-05-28T10:51:57Z,,,,,,,,CALCULATED
2013-05-28T05:00:00Z,2013-05-28T11:01:57Z,,,,,,,,CALCULATED
2013-05-28T05:10:00Z,2013-05-28T11:11:57Z,,,,,,,,CALCULATED
2013-05-28T05:20:00Z,2013-05-28T11:21:57Z,,,,,,,,CALCULATED
2013-05-28T05:30:00Z,2013-05-28T11:31:57Z,,,,,,,,CALCULATED
2013-05-28T05:40:00Z,2013-05-28T11:41:57Z,,,,,,,,CALCULATED
2013-05-28T05:50:00Z,2013-05-28T11:51:57Z,,,,,,,,CALCULATED
2013-05-28T06:00:00Z,2013-05-28T12:01:57Z,,,,,,,,CALCULATED
2013-05-28T06:10:00Z,2013-05-28T12:11:57Z,,,,,,,,CALCULATED
2013-05-28T06:20:00Z,2013-05-28T12:21:57Z,,,,,,,,CALCULATED
2013-05-28T06:30:00Z,2013-05-28T12:31:57Z,,,,,,,,CALCULATED
2013-05-28T06:40:00Z,2013-05-28T12:41:57Z,,,,,,,,CALCULATED
2013-05-28T06:50:00Z,2013-05-28T12:51:57Z,,,,,,,,CALCULATED
2013-05-28T07:00:00Z,2013-05-28T13:01:57Z,,,,,,,,CALCULATED
2013-05-28T07:10:00Z,2013-05-28T13:11:57Z,,,,,,,,CALCULATED
2013-05-28T07:20:00Z,2013-05-28T13:21:57Z,,,,,,,,CALCULATED
2013-05-28T07:30:00Z,2013-05-28T13:31:57Z,,,,,,,,CALCULATED
2013-05-28T07:40:00Z,2013-05-28T13:41:57Z,,,,,,,,CALCULATED
2013-05-28T07:50:00Z,2013-05-28T13:51:57Z,,,,,,,,CALCULATED
2013-05-28T08:00:00Z,2013-05-28T14:01:57Z,,,,,,,,CALCULATED
2013-05-28T08:10:00Z,2013-05-28T14:11:57Z,,,,,,,,CALCULATED
2013-05-28T08:20:00Z,2013-05-28T14:21:57Z,,,,,,,,CALCULATED
2013-05-28T08:30:00Z,2013-05-28T14:31:57Z,,RANGE_WARN,,,,,,CALCULATED
2013-05-28T08:40:00Z,2013-05-28T14:41:57Z,,RANGE_WARN,,,,,,CALCULATED
2013-05-28T08:50:00Z,2013-05-28T14:51:57Z,,RANGE_WARN,,,,,,CALCULATED
2013-05-28T09:00:00Z,2013-05-28T15:01:57Z,,RANGE_WARN,,,,,,CALCULATED
2013-05-28T09:10:00Z,2013-05-28T15:11:57Z,,RANGE_WARN,,,,,,CALCULATED
2013-05-28T09:20:00Z,2013-05-28T15:21:57Z,,RANGE_WARN,,,,,,CALCULATED
2013-05-28T09:30:00Z,2013-05-28T15:31:57Z,,RANGE_WARN,,,,,,CALCULATED
2013-05-28T09:40:00Z,2013-05-28T15:41:57Z,,RANGE_WARN,,,,,,CALCULATED
2013-05-28T09:50:00Z,2013-05-28T15:51:57Z,,RANGE_WARN,,,,,,CALCULATED
2013-05-28T10:00:00Z,2013-05-28T16:01:57Z,,RANGE_WARN,,,,,,CALCULATED
2013-05-28T10:10:00Z,2013-05-28T16:11:57Z,,RANGE_WARN,,,,,,CALCULATED
2013-05-28T10:20:00Z,2013-05-28T16:21:57Z,,RANGE_WARN,,,,,,CALCULATED
2013-05-28T10:30:00Z,2013-05-28T16:31:57Z,,RANGE_WARN,,,,,,CALCULATED
2013-05-28T10:40:00Z,2013-05-28T16:41:57Z,,RANGE_WARN,,,,,,CALCULATED
2013-05-28T10:50:00Z,2013-05-28T16:51:57Z,,RANGE_WARN,,,,,,CALCULATED
2013-05-28T11:00:00Z,2013-05-28T17:01:57Z,,RANGE_WARN,,,,,,CALCULATED
2013-05-28T11:10:00Z,2013-05-28T17:11:57Z,,RANGE_WARN,,,,,,CALCULATED
2013-05-28T11:20:00Z,2013-05-28T17:21:57Z,,RANGE_WARN,,,,,,CALCULATED
2013-05-28T11:30:00Z,2013-05-28T17:31:57Z,,RANGE_WARN,,,,,,CALCULATED
2013-05-28T11:40:00Z,2013-05-28T17:41:57Z,,RANGE_WARN,,,,,,CALCULATED
2013-05-28T11:50:00Z,2013-05-28T17:51:57Z,,RANGE_WARN,,,,,,CALCULATED
2013-05-28T12:00:00Z,2013-05-28T18:01:57Z,,RANGE_WARN,,,,,,CALCULATED
2013-05-28T12:10:00Z,2013-05-28T18:11:57Z,,RANGE_WARN,,,,,,CALCULATED
2013-05-28T12:20:00Z,2013-05-28T18:21:57Z,,RANGE_WARN,,,,,,CALCULATED
2013-05-28T12:30:00Z,2013-05-28T18:31:57Z,,RANGE_WARN,,,,,,CALCULATED
2013-05-28T12:40:00Z,2013-05-28T18:41:57Z,,RANGE_WARN,,,,,,CALCULATED
2013-05-28T12:50:00Z,2013-05-28T18:51:57Z,,RANGE_WARN,,,,,,CALCULATED
2013-05-28T13:00:00Z,2013-05-28T19:01:57Z,,RANGE_WARN,,,,,,CALCULATED
2013-05-28T13:10:00Z,2013-05-28T19:11:57Z,,,,,,,,CALCULATED
2013-05-28T13:20:00Z,2013-05-28T19:21:57Z,,,,,,,,CALCULATED
2013-05-28T13:30:00Z,2013-05-28T19:31:57Z,,,,,,,,CALCULATED
2013-05-28T13:40:00Z,2013-05-28T19:41:57Z,,,,,,,,CALCULATED
2013-05-28T13:50:00Z,2013-05-28T19:51:57Z,,,,,,,,CALCULATED
2013-05-28T14:00:00Z,2013-05-28T20:01:57Z,,,,,,,,CALCULATED
2013-05-28T14:10:00Z,2013-05-28T20:11:57Z,,,,,,,,CALCULATED
2013-05-28T14:20:00Z,2013-05-28T20:21:57Z,,,,,,,,CALCULATED
2013-05-28T14:30:00Z,2013-05-28T20:31:57Z,,,,,,,,CALCULATED
2013-05-28T14:40:00Z,2013-05-28T20:41:57Z,,,,,,,,CALCULATED
2013-05-28T14:50:00Z,2013-05-28T20:51:57Z,,,,,,,,CALCULATED
2013-05-28T15:00:00Z,2013-05-28T21:01:57Z,,,,,,,,CALCULATED
2013-05-28T15:10:00Z,2013-05-28T21:11:57Z,,,,,,,,CALCULATED
2013-05-28T15:20:00Z,2013-05-28T21:21:57Z,,,,,,,,CALCULATED
2013-05-28T15:30:00Z,2013-05-28T21:31:57Z,,,,,,,,CALCULATED
2013-05-28T15:40:00Z,2013-05-28T21:41:57Z,,,,,,,,CALCULATED
2013-05-28T15:50:00Z,2013-05-28T21:51:57Z,,,,,,,,CALCULATED
2013-05-28T16:00:00Z,2013-05-28T22:01:57Z,,,,,,,,CALCULATED
2013-05-28T16:10:00Z,2013-05-28T22:11:57Z,,,,,,,,CALCULATED
2013-05-28T16:20:00Z,2013-05-28T22:21:57Z,,,,,,,,CALCULATED
2013-05-28T16:30:00Z,2013-05-28T22:31:57Z,,,,,,,,CALCULATED
2013-05-28T16:40:00Z,2013-05-28T22:41:57Z,,,,,,,,CALCULATED
2013-05-28T16:50:00Z,2013-05-28T22:51:57Z,,,,,,,,CALCULATED
2013-05-28T17:00:00Z,2013-05-28T23:01:57Z,,,,,,,,CALCULATED
2013-05-28T17:10:00Z,2013-05-28T23:11:57Z,,,,,,,,CALCULATED
2013-05-28T17:20:00Z,2013-05-28T23:21:57Z,,,,,,,,CALCULATED
2013-05-28T17:30:00Z,2013-05-28T23:31:57Z,,,,,,,,CALCULATED
2013-05-28T17:40:00Z,2013-05-28T23:41:57Z,,,,,,,,CALCULATED
2013-05-28T17:50:00Z,2013-05-28T23:51:57Z,,,,,,,,CALCULATED
2013-05-28T18:00:00Z,2013-05-29T00:01:57Z,,,,,,,,CALCULATED
2013-05-28T18:10:00Z,2013-05-29T00:11:49Z,,,,,,,,CALCULATED
2013-05-28T18:20:00Z,2013-05-29T00:21:49Z,,,,,,,,CALCULATED
2013-05-28T18:30:00Z,2013-05-29T00:31:49Z,,,,,,,,CALCULATED
2013-05-28T18:40:00Z,2013-05-29T00:41:49Z,,,,,,,,CALCULATED
2013-05-28T18:50:00Z,2013-05-29T00:51:49Z,,,,,,,,CALCULATED
2013-05-28T19:00:00Z,2013-05-29T01:01:49Z,,,,,,,,CALCULATED
2013-05-28T19:10:00Z,2013-05-29T01:11:49Z,,,,,,,,CALCULATED
2013-05-28T19:20:00Z,2013-05-29T01:21:49Z,,,,,,,,CALCULATED
2013-05-28T19:30:00Z,2013-05-29T01:31:49Z,,,,,,,,CALCULATED
2013-05-28T19:40:00Z,2013-05-29T01:41:49Z,,,,,,,,CALCULATED
2013-05-28T19:50:00Z,2013-05-29T01:51:49Z,,,,,,,,CALCULATED
2013-05-28T20:00:00Z,2013-05-29T02:01:49Z,,,,,,,,CALCULATED
2013-05-28T20:10:00Z,2013-05-29T02:11:49Z,,,,,,,,CALCULATED
2013-05-28T20:20:00Z,2013-05-29T02:21:49Z,,,,,,,,CALCULATED
2013-05-28T20:30:00Z,2013-05-29T02:31:49Z,,,,,,,,CALCULATED
2013-05-28T20:40:00Z,2013-05-29T02:41:49Z,,,,,,,,CALCULATED
2013-05-28T20:50:00Z,2013-05-29T02:51:49Z,,,,,,,,CALCULATED
2013-05-28T21:00:00Z,2013-05-29T03:01:49Z,,,,,,,,CALCULATED
2013-05-28T21:10:00Z,2013-05-29T03:11:49Z,,,,,,,,CALCULATED
2013-05-28T21:20:00Z,2013-05-29T03:21:49Z,,,,,,,,CALCULATED
2013-05-28T21:30:00Z,2013-05-29T03:31:49Z,,,,,,,,CALCULATED
2013-05-28T21:40:00Z,2013-05-29T03:41:49Z,,,,,,,,CALCULATED
2013-05-28T21:50:00Z,2013-05-29T03:51:49Z,,,,,,,,CALCULATED
2013-05-28T22:00:00Z,2013-05-29T04:01:49Z,,,,,,,,CALCULATED
2013-05-28T22:10:00Z,2013-05-29T04:11:49Z,,,,,,,,CALCULATED
2013-05-28T22:20:00Z,2013-05-29T04:21:49Z,,,,,,,,CALCULATED
2013-05-28T22:30:00Z,2013-05-29T04:31:49Z,,,,,,,,CALCULATED
2013-05-28T22:40:00Z,2013-05-29T04:41:49Z,,,,,,,,CALCULATED
2013-05-28T22:50:00Z,2013-05-29T04:51:49Z,,,,,,,,CALCULATED
2013-05-28T23:00:00Z,2013-05-29T05:01:49Z,,,,,,,,CALCULATED
2013-05-28T23:10:00Z,2013-05-29T05:11:49Z,,,,,,,,CALCULATED
2013-05-28T23:20:00Z,2013-05-29T05:21:49Z,,,,,,,,CALCULATED
2013-05-28T23:30:00Z,2013-05-29T05:31:49Z,,,,,,,,CALCULATED
2013-05-28T23:40:00Z,2013-05-29T05:41:49Z,,,,,,,,CALCULATED
2013-05-28T23:50:00Z,2013-05-29T05:51:49Z,,,,,,,,CALCULATED
2013-05-29T00:00:00Z,2013-05-29T06:01:49Z,,,,,,,,CALCULATED
2013-05-29T00:10:00Z,2013-05-29T06:11:49Z,,,,,,,,CALCULATED
2013-05-29T00:20:00Z,2013-05-29T06:21:49Z,,,,,,,,CALCULATED
2013-05-29T00:30:00Z,2013-05-29T06:31:49Z,,,,,,,,CALCULATED
2013-05-29T00:40:00Z,2013-05-29T06:41:49Z,,,,,,,,CALCULATED
2013-05-29T00:50:00Z,2013-05-29T06:51:49Z,,,,,,,,CALCULATED
2013-05-29T01:00:00Z,2013-05-29T07:01:49Z,,,,,,,,CALCULATED
2013-05-29T01:10:00Z,2013-05-29T07:11:49Z,,,,,,,,CALCULATED
2013-05-29T01:20:00Z,2013-05-29T07:21:49Z,,,,,,,,CALCULATED
2013-05-29T01:30:00Z,2013-05-29T07:31:49Z,,,,,,,,CALCULATED
2013-05-29T01:40:00Z,2013-05-29T07:41:49Z,,,,,,,,CALCULATED
2013-05-29T01:50:00Z,2013-05-29T07:51:49Z,,,,,,,,CALCULATED
2013-05-29T02:00:00Z,2013-05-29T08:01:49Z,,,,,,,,CALCULATED
2013-05-29T02:10:00Z,2013-05-29T08:11:49Z,,,,,,,,CALCULATED
2013-05-29T02:20:00Z,2013-05-29T08:21:49Z,,,,,,,,CALCULATED
2013-05-29T02:30:00Z,2013-05-29T08:31:49Z,,,,,,,,CALCULATED
2013-05-29T02:40:00Z,2013-05-29T08:41:49Z,,,,,,,,CALCULATED
2013-05-29T02:50:00Z,2013-05-29T08:51:49Z,,RANGE_WARN,,,,,,CALCULATED
2013-05-29T03:00:00Z,2013-05-29T09:01:49Z,,RANGE_WARN,,,,,,CALCULATED
2013-05-29T03:10:00Z,2013-05-29T09:11:49Z,,RANGE_WARN,,,,,,CALCULATED
2013-05-29T03:20:00Z,2013-05-29T09:21:49Z,,RANGE_WARN,,,,,,CALCULATED
2013-05-29T03:30:00Z,2013-05-29T09:31:49Z,,RANGE_WARN,,,,,,CALCULATED
2013-05-29T03:40:00Z,2013-05-29T09:41:49Z,,RANGE_WARN,,,,,,CALCULATED
2013-05-29T03:50:00Z,2013-05-29T09:51:49Z,,RANGE_WARN,,,,,,CALCULATED
2013-05-29T04:00:00Z,2013-05-29T10:01:49Z,,RANGE_WARN,,,,,,CALCULATED
2013-05-29T04:10:00Z,2013-05-29T10:11:49Z,,RANGE_WARN,,,,,,CALCULATED
2013-05-29T04:20:00Z,2013-05-29T10:21:49Z,,RANGE_WARN,,,,,,CALCULATED
2013-05-29T04:30:00Z,2013-05-29T10:31:49Z,,RANGE_WARN,,,,,,CALCULATED
2013-05-29T04:40:00Z,2013-05-29T10:41:49Z,,RANGE_WARN,,,,,,CALCULATED
2013-05-29T04:50:00Z,2013-05-29T10:51:49Z,,RANGE_WARN,,,,,,CALCULATED
2013-05-29T05:00:00Z,2013-05-29T11:01:49Z,,RANGE_WARN,,,,,,CALCULATED
2013-05-29T05:10:00Z,2013-05-29T11:11:49Z,,RANGE_WARN,,,,,,CALCULATED
2013-05-29T05:20:00Z,2013-05-29T11:21:49Z,,RANGE_WARN,,,,,,CALCULATED
2013-05-29T05:30:00Z,2013-05-29T11:31:49Z,,RANGE_WARN,,,,,,CALCULATED
2013-05-29T05:40:00Z,2013-05-29T11:41:49Z,,RANGE_WARN,,,,,,CALCULATED
2013-05-29T05:50:00Z,2013-05-29T11:51:49Z,,RANGE_WARN,,,,,,CALCULATED
2013-05-29T06:00:00Z,2013-05-29T12:01:49Z,,RANGE_WARN,,,,,,CALCULATED
2013-05-29T06:10:00Z,2013-05-29T12:11:49Z,,RANGE_WARN,,,,,,CALCULATED
2013-05-29T06:20:00Z,2013-05-29T12:21:49Z,,RANGE_WARN,,,,,,CALCULATED
2013-05-29T06:30:00Z,2013-05-29T12:31:49Z,,RANGE_WARN,,,,,,CALCULATED
2013-05-29T06:40:00Z,2013-05-29T12:41:49Z,,RANGE_WARN,,,,,,CALCULATED
2013-05-29T06:50:00Z,2013-05-29T12:51:49Z,,RANGE_WARN,,,,,,CALCULATED
2013-05-29T07:00:00Z,2013-05-29T13:01:49Z,,RANGE_WARN,,,,,,CALCULATED
2013-05-29T07:10:00Z,2013-05-29T13:11:49Z,,RANGE_WARN,,,,,,CALCULATED
2013-05-29T07:20:00Z,2013-05-29T13:21:49Z,,RANGE_WARN,,,,,,CALCULATED
2013-05-29T07:30:00Z,2013-05-29T13:31:49Z,,RANGE_WARN,,,,,,CALCULATED
2013-05-29T07:40:00Z,2013-05-29T13:41:49Z,,RANGE_WARN,,,,,,CALCULATED
2013-05-29T07:50:00Z,2013-05-29T13:51:49Z,,RANGE_WARN,,,,,,CALCULATED
2013-05-29T08:00:00Z,2013-05-29T14:01:49Z,,RANGE_WARN,,,,,,CALCULATED
2013-05-29T08:10:00Z,2013-05-29T14:11:49Z,,RANGE_WARN,,,,,,CALCULATED
2013-05-29T08:20:00Z,2013-05-29T14:21:49Z,,RANGE_WARN,,,,,,CALCULATED
2013-05-29T08:30:00Z,2013-05-29T14:31:49Z,,RANGE_WARN,,,,,,CALCULATED
2013-05-29T08:40:00Z,2013-05-29T14:41:49Z,,RANGE_WARN,,,,,,CALCULATED
2013-05-29T08:50:00Z,2013-05-29T14:51:49Z,,RANGE_WARN,,,,,,CALCULATED
2013-05-29T09:00:00Z,2013-05-29T15:01:49Z,,RANGE_WARN,,,,,,CALCULATED
2013-05-29T09:10:00Z,2013-05-29T15:11:49Z,,RANGE_WARN,,,,,,CALCULATED
2013-05-29T09:20:00Z,2013-05-29T15:21:49Z,,RANGE_WARN,,,,,,CALCULATED
2013-05-29T09:30:00Z,2013-05-29T15:31:49Z,,RANGE_WARN,,,,,,CALCULATED
2013-05-29T09:40:00Z,2013-05-29T15:41:49Z,,RANGE_WARN,,,,,,CALCULATED
2013-05-29T09:50:00Z,2013-05-29T15:51:49Z,,RANGE_WARN,,,,,,CALCULATED
2013-05-29T10:00:00Z,2013-05-29T16:01:49Z,,RANGE_WARN,,,,,,CALCULATED
2013-05-29T10:10:00Z,2013-05-29T16:11:49Z,,RANGE_WARN,,,,,,CALCULATED
2013-05-29T10:20:00Z,2013-05-29T16:21:49Z,,RANGE_WARN,,,,,,CALCULATED
2013-05-29T10:30:00Z,2013-05-29T16:31:49Z,,RANGE_WARN,,,,,,CALCULATED
2013-05-29T10:40:00Z,2013-05-29T16:41:49Z,,RANGE_WARN,,,,,,CALCULATED
2013-05-29T10:50:00Z,2013-05-29T16:51:49Z,,RANGE_WARN,,,,,,CALCULATED
2013-05-29T11:00:00Z,2013-05-29T17:01:49Z,,RANGE_WARN,,,,,,CALCULATED
2013-05-29T11:10:00Z,2013-05-29T17:11:49Z,,RANGE_WARN,,,,,,CALCULATED
2013-05-29T11:20:00Z,2013-05-29T17:21:49Z,,RANGE_WARN,,,,,,CALCULATED
2013-05-29T11:30:00Z,2013-05-29T17:31:49Z,,RANGE_WARN,,,,,,CALCULATED
2013-05-29T11:40:00Z,2013-05-29T17:41:49Z,,RANGE_WARN,,,,,,CALCULATED
2013-05-29T11:50:00Z,2013-05-29T17:51:49Z,,RANGE_WARN,,,,,,CALCULATED
2013-05-29T12:00:00Z,2013-05-29T18:01:49Z,,RANGE_WARN,,,,,,CALCULATED
2013-05-29T12:10:00Z,2013-05-29T18:11:49Z,,RANGE_WARN,,,,,,CALCULATED
2013-05-29T12:20:00Z,2013-05-29T18:21:49Z,,RANGE_WARN,,,,OUT_WARN,,CALCULATED
2013-05-29T12:30:00Z,2013-05-29T18:31:49Z,,RANGE_WARN,,,,,,CALCULATED
2013-05-29T12:40:00Z,2013-05-29T18:41:49Z,,RANGE_WARN,,,,,,CALCULATED
2013-05-29T12:50:00Z,2013-05-29T18:51:49Z,,,,,,,,CALCULATED
2013-05-29T13:00:00Z,2013-05-29T19:01:49Z,,,,,,,,CALCULATED
2013-05-29T13:10:00Z,2013-05-29T19:11:49Z,,,,,,,,CALCULATED
2013-05-29T13:20:00Z,2013-05-29T19:21:49Z,,,,,,,,CALCULATED
2013-05-29T13:30:00Z,2013-05-29T19:31:49Z,,,,,,,,CALCULATED
2013-05-29T13:40:00Z,2013-05-29T19:41:49Z,,,,,,,,CALCULATED
2013-05-29T13:50:00Z,2013-05-29T19:51:49Z,,,,,,,,CALCULATED
2013-05-29T14:00:00Z,2013-05-29T20:01:49Z,,,,,,,,CALCULATED
2013-05-29T14:10:00Z,2013-05-29T20:11:49Z,,,,,,,,CALCULATED
2013-05-29T14:20:00Z,2013-05-29T20:21:49Z,,,,,,,,CALCULATED
2013-05-29T14:30:00Z,2013-05-29T20:31:49Z,,,,,,,,CALCULATED
2013-05-29T14:40:00Z,2013-05-29T20:41:49Z,,,,,,,,CALCULATED
2013-05-29T14:50:00Z,2013-05-29T20:51:49Z,,,,,,,,CALCULATED
2013-05-29T15:00:00Z,2013-05-29T21:01:49Z,,,,,,,,CALCULATED
2013-05-29T15:10:00Z,2013-05-29T21:11:49Z,,,,,,,,CALCULATED
2013-05-29T15:20:00Z,2013-05-29T21:21:49Z,,,,,,,,CALCULATED
2013-05-29T15:30:00Z,2013-05-29T21:31:49Z,,,,,,,,CALCULATED
2013-05-29T15:40:00Z,2013-05-29T21:41:49Z,,,,,,,,CALCULATED
2013-05-29T15:50:00Z,2013-05-29T21:51:49Z,,,,,,,,CALCULATED
2013-05-29T16:00:00Z,2013-05-29T22:01:49Z,,,,,,,,CALCULATED
2013-05-29T16:10:00Z,2013-05-29T22:11:49Z,,,,,,,,CALCULATED
2013-05-29T16:20:00Z,2013-05-29T22:21:49Z,,,,,,,,CALCULATED
2013-05-29T16:30:00Z,2013-05-29T22:31:49Z,,,,,,,,CALCULATED
2013-05-29T16:40:00Z,2013-05-29T22:41:49Z,,,,,,,,CALCULATED
2013-05-29T16:50:00Z,2013-05-29T22:51:49Z,,,,,,,,CALCULATED
2013-05-29T17:00:00Z,2013-05-29T23:01:49Z,,,,,,,,CALCULATED
2013-05-29T17:10:00Z,2013-05-29T23:11:49Z,,,,,,,,CALCULATED
2013-05-29T17:20:00Z,2013-05-29T23:21:49Z,,,,,,,,CALCULATED
2013-05-29T17:30:00Z,2013-05-29T23:31:49Z,,,,,,,,CALCULATED
2013-05-29T17:40:00Z,2013-05-29T23:41:49Z,,,,,,,,CALCULATED
2013-05-29T17:50:00Z,2013-05-29T23:51:49Z,,,,,,,,CALCULATED
2013-05-29T18:00:00Z,2013-05-30T00:01:49Z,,,,,,,,CALCULATED
2013-05-29T18:10:00Z,2013-05-30T00:11:40Z,,,,,,,,CALCULATED
2013-05-29T18:20:00Z,2013-05-30T00:21:40Z,,,,,,,,CALCULATED
2013-05-29T18:30:00Z,2013-05-30T00:31:40Z,,,,,,,,CALCULATED
2013-05-29T18:40:00Z,2013-05-30T00:41:40Z,,,,,,,,CALCULATED
2013-05-29T18:50:00Z,2013-05-30T00:51:40Z,,,,,,,,CALCULATED
2013-05-29T19:00:00Z,2013-05-30T01:01:40Z,,,,,,,,CALCULATED
2013-05-29T19:10:00Z,2013-05-30T01:11:40Z,,,,,,,,CALCULATED
2013-05-29T19:20:00Z,2013-05-30T01:21:40Z,,,,,,,,CALCULATED
2013-05-29T19:30:00Z,2013-05-30T01:31:40Z,,,,,,,,CALCULATED
2013-05-29T19:40:00Z,2013-05-30T01:41:40Z,,,,,,,,CALCULATED
2013-05-29T19:50:00Z,2013-05-30T01:51:40Z,,,,,,,,CALCULATED
2013-05-29T20:00:00Z,2013-05-30T02:01:40Z,,,,,,,,CALCULATED
2013-05-29T20:10:00Z,2013-05-30T02:11:40Z,,,,,,,,CALCULATED
2013-05-29T20:20:00Z,2013-05-30T02:21:40Z,,,,,,,,CALCULATED
2013-05-29T20:30:00Z,2013-05-30T02:31:40Z,,,,,,,,CALCULATED
2013-05-29T20:40:00Z,2013-05-30T02:41:40Z,,,,,,,,CALCULATED
2013-05-29T20:50:00Z,2013-05-30T02:51:40Z,,,,,,,,CALCULATED
2013-05-29T21:00:00Z,2013-05-30T03:01:40Z,,,,,,,,CALCULATED
2013-05-29T21:10:00Z,2013-05-30T03:11:40Z,,,,,,,,CALCULATED
2013-05-29T21:20:00Z,2013-05-30T03:21:40Z,,,,,,,,CALCULATED
2013-05-29T21:30:00Z,2013-05-30T03:31:40Z,,,,,,,,CALCULATED
2013-05-29T21:40:00Z,2013-05-30T03:41:40Z,,,,,,,,CALCULATED
2013-05-29T21:50:00Z,2013-05-30T03:51:40Z,,,,,,,,CALCULATED
2013-05-29T22:00:00Z,2013-05-30T04:01:40Z,,,,,,,,CALCULATED
2013-05-29T22:10:00Z,2013-05-30T04:11:40Z,,,,,,,,CALCULATED
2013-05-29T22:20:00Z,2013-05-30T04:21:40Z,,,,,,,,CALCULATED
2013-05-29T22:30:00Z,2013-05-30T04:31:40Z,,,,,,,,CALCULATED
2013-05-29T22:40:00Z,2013-05-30T04:41:40Z,,,,,,,,CALCULATED
2013-05-29T22:50:00Z,2013-05-30T04:51:40Z,,,,,,,,CALCULATED
2013-05-29T23:00:00Z,2013-05-30T05:01:40Z,,,,,,,,CALCULATED
2013-05-29T23:10:00Z,2013-05-30T05:11:40Z,,,,,,,,CALCULATED
2013-05-29T23:20:00Z,2013-05-30T05:21:40Z,,,,,,,,CALCULATED
2013-05-29T23:30:00Z,2013-05-30T05:31:40Z,,,,,,,,CALCULATED
2013-05-29T23:40:00Z,2013-05-30T05:41:40Z,,,,,,,,CALCULATED
2013-05-29T23:50:00Z,2013-05-30T05:51:40Z,,,,,,,,CALCULATED
2013-05-30T00:00:00Z,2013-05-30T06:01:40Z,,,,,,,,CALCULATED
2013-05-30T00:10:00Z,2013-05-30T06:11:40Z,,,,,,,,CALCULATED
2013-05-30T00:20:00Z,2013-05-30T06:21:40Z,,,,,,,,CALCULATED
2013-05-30T00:30:00Z,2013-05-30T06:31:40Z,,,,,,,,CALCULATED
2013-05-30T00:40:00Z,2013-05-30T06:41:40Z,,,,,,,,CALCULATED
2013-05-30T00:50:00Z,2013-05-30T06:51:40Z,,,,,,,,CALCULATED
2013-05-30T01:00:00Z,2013-05-30T07:01:40Z,,,,,,,,CALCULATED
2013-05-30T01:10:00Z,2013-05-30T07:11:40Z,,,,,,,,CALCULATED
2013-05-30T01:20:00Z,2013-05-30T07:21:40Z,,,,,,,,CALCULATED
2013-05-30T01:30:00Z,2013-05-30T07:31:40Z,,,,,,,,CALCULATED
2013-05-30T01:40:00Z,2013-05-30T07:41:40Z,,,,,,,,CALCULATED
2013-05-30T01:50:00Z,2013-05-30T07:51:40Z,,,,,,,,CALCULATED
2013-05-30T02:00:00Z,2013-05-30T08:01:40Z,,,,,,,,CALCULATED
2013-05-30T02:10:00Z,2013-05-30T08:11:40Z,,,,,,,,CALCULATED
2013-05-30T02:20:00Z,2013-05-30T08:21:40Z,,,,,,,,CALCULATED
2013-05-30T02:30:00Z,2013-05-30T08:31:40Z,,,,,,,,CALCULATED
2013-05-30T02:40:00Z,2013-05-30T08:41:40Z,,,,,,,,CALCULATED
2013-05-30T02:50:00Z,2013-05-30T08:51:40Z,,,,,,,,CALCULATED
2013-05-30T03:00:00Z,2013-05-30T09:01:40Z,,,,,,,,CALCULATED
2013-05-30T03:10:00Z,2013-05-30T09:11:40Z,,,,,,,,CALCULATED
2013-05-30T03:20:00Z,2013-05-30T09:21:40Z,,,,,,,,CALCULATED
2013-05-30T03:30:00Z,2013-05-30T09:31:40Z,,,,,,,,CALCULATED
2013-05-30T03:40:00Z,2013-05-30T09:41:40Z,,,,,,,,CALCULATED
2013-05-30T03:50:00Z,2013-05-30T09:51:40Z,,,,,,,,CALCULATED
2013-05-30T04:00:00Z,2013-05-30T10:01:40Z,,,,,,,,CALCULATED
2013-05-30T04:10:00Z,2013-05-30T10:11:40Z,,,,,,,,CALCULATED
2013-05-30T04:20:00Z,2013-05-30T10:21:40Z,,,,,,,,CALCULATED
2013-05-30T04:30:00Z,2013-05-30T10:31:40Z,,,,,,,,CALCULATED
2013-05-30T04:40:00Z,2013-05-30T10:41:40Z,,,,,,,,CALCULATED
2013-05-30T04:50:00Z,2013-05-30T10:51:40Z,,,,,,,,CALCULATED
2013-05-30T05:00:00Z,2013-05-30T11:01:40Z,,,,,,,,CALCULATED
2013-05-30T05:10:00Z,2013-05-30T11:11:40Z,,,,,,,,CALCULATED
2013-05-30T05:20:00Z,2013-05-30T11:21:40Z,,,,,,,,CALCULATED
2013-05-30T05:30:00Z,2013-05-30T11:31:40Z,,,,,,,,CALCULATED
2013-05-30T05:40:00Z,2013-05-30T11:41:40Z,,,,,,,,CALCULATED
2013-05-30T05:50:00Z,2013-05-30T11:51:40Z,,,,,,,,CALCULATED
2013-05-30T06:00:00Z,2013-05-30T12:01:40Z,,,,,,,,CALCULATED
2013-05-30T06:10:00Z,2013-05-30T12:11:40Z,,,,,,,,CALCULATED
2013-05-30T06:20:00Z,2013-05-30T12:21:40Z,,,,,,,,CALCULATED
2013-05-30T06:30:00Z,2013-05-30T12:31:40Z,,,,,,,,CALCULATED
2013-05-30T06:40:00Z,2013-05-30T12:41:40Z,,,,,,,,CALCULATED
2013-05-30T06:50:00Z,2013-05-30T12:51:40Z,,,,,,,,CALCULATED
2013-05-30T07:00:00Z,2013-05-30T13:01:40Z,,,,,,,,CALCULATED
2013-05-30T07:10:00Z,2013-05-30T13:11:40Z,,,,,,,,CALCULATED
2013-05-30T07:20:00Z,2013-05-30T13:21:40Z,,,,,,,,CALCULATED
2013-05-30T07:30:00Z,2013-05-30T13:31:40Z,,,,,,,,CALCULATED
2013-05-30T07:40:00Z,2013-05-30T13:41:40Z,,,,,,,,CALCULATED
2013-05-30T07:50:00Z,2013-05-30T13:51:40Z,,,,,,,,CALCULATED
2013-05-30T08:00:00Z,2013-05-30T14:01:40Z,,,,,,,,CALCULATED
2013-05-30T08:10:00Z,2013-05-30T14:11:40Z,,,,,,,,CALCULATED
2013-05-30T08:20:00Z,2013-05-30T14:21:40Z,,,,,,,,CALCULATED
2013-05-30T08:30:00Z,2013-05-30T14:31:40Z,,,,,,,,CALCULATED
2013-05-30T08:40:00Z,2013-05-30T14:41:40Z,,,,,,,,CALCULATED
2013-05-30T08:50:00Z,2013-05-30T14:51:40Z,,,,,,,,CALCULATED
2013-05-30T09:00:00Z,2013-05-30T15:01:40Z,,,,,,,,CALCULATED
2013-05-30T09:10:00Z,2013-05-30T15:11:40Z,,,,,,,,CALCULATED
2013-05-30T09:20:00Z,2013-05-30T15:21:40Z,,,,,,,,CALCULATED
2013-05-30T09:30:00Z,2013-05-30T15:31:40Z,,,,,,,,CALCULATED
2013-05-30T09:40:00Z,2013-05-30T15:41:40Z,,,,,,,,CALCULATED
2013-05-30T09:50:00Z,2013-05-30T15:51:40Z,,,,,,,,CALCULATED
2013-05-30T10:00:00Z,2013-05-30T16:01:40Z,,,,,,,,CALCULATED
2013-05-30T10:10:00Z,2013-05-30T16:11:40Z,,,,,,,,CALCULATED
2013-05-30T10:20:00Z,2013-05-30T16:21:40Z,,,,,,,,CALCULATED
2013-05-30T10:30:00Z,2013-05-30T16:31:40Z,,,,,,,,CALCULATED
2013-05-30T10:40:00Z,2013-05-30T16:41:40Z,,,,,,,,CALCULATED
2013-05-30T10:50:00Z,2013-05-30T16:51:40Z,,,,,,,,CALCULATED
2013-05-30T11:00:00Z,2013-05-30T17:01:40Z,,,,,,,,CALCULATED
2013-05-30T11:10:00Z,2013-05-30T17:11:40Z,,,,,,,,CALCULATED
2013-05-30T11:20:00Z,2013-05-30T17:21:40Z,,,,,,,,CALCULATED
2013-05-30T11:30:00Z,2013-05-30T17:31:40Z,,,,,,,,CALCULATED
2013-05-30T11:40:00Z,2013-05-30T17:41:40Z,,,,,,,,CALCULATED
2013-05-30T11:50:00Z,2013-05-30T17:51:40Z,,,,,,,,CALCULATED
2013-05-30T12:00:00Z,2013-05-30T18:01:40Z,,,,,,,,CALCULATED
2013-05-30T12:10:00Z,2013-05-30T18:11:40Z,,,,,,,,CALCULATED
2013-05-30T12:20:00Z,2013-05-30T18:21:40Z,,,,,,,,CALCULATED
2013-05-30T12:30:00Z,2013-05-30T18:31:40Z,,,,,,,,CALCULATED
2013-05-30T12:40:00Z,2013-05-30T18:41:40Z,,,,,,,,CALCULATED
2013-05-30T12:50:00Z,2013-05-30T18:51:40Z,,,,,,,,CALCULATED
2013-05-30T13:00:00Z,2013-05-30T19:01:40Z,,,,,,,,CALCULATED
2013-05-30T13:10:00Z,2013-05-30T19:11:40Z,,,,,,,,CALCULATED
2013-05-30T13:20:00Z,2013-05-30T19:21:40Z,,,,,,,,CALCULATED
2013-05-30T13:30:00Z,2013-05-30T19:31:40Z,,,,,,,,CALCULATED
2013-05-30T13:40:00Z,2013-05-30T19:41:40Z,,,,,,,,CALCULATED
2013-05-30T13:50:00Z,2013-05-30T19:51:40Z,,,,,,,,CALCULATED
2013-05-30T14:00:00Z,2013-05-30T20:01:40Z,,,,,,,,CALCULATED
2013-05-30T14:10:00Z,2013-05-30T20:11:40Z,,,,,,,,CALCULATED
2013-05-30T14:20:00Z,2013-05-30T20:21:40Z,,,,,,,,CALCULATED
2013-05-30T14:30:00Z,2013-05-30T20:31:40Z,,,,,,,,CALCULATED
2013-05-30T14:40:00Z,2013-05-30T20:41:40Z,,,,,,,,CALCULATED
2013-05-30T14:50:00Z,2013-05-30T20:51:40Z,,,,,,,,CALCULATED
2013-05-30T15:00:00Z,2013-05-30T21:01:40Z,,,,,,,,CALCULATED
2013-05-30T15:10:00Z,2013-05-30T21:11:40Z,,,,,,,,CALCULATED
2013-05-30T15:20:00Z,2013-05-30T21:21:40Z,,,,,,,,CALCULATED
2013-05-30T15:30:00Z,2013-05-30T21:31:40Z,,,,,,,,CALCULATED
2013-05-30T15:40:00Z,2013-05-30T21:41:40Z,,,,,,,,CALCULATED
2013-05-30T15:50:00Z,2013-05-30T21:51:40Z,,,,,,,,CALCULATED
2013-05-30T16:00:00Z,2013-05-30T22:01:40Z,,,,,,,,CALCULATED
2013-05-30T16:10:00Z,2013-05-30T22:11:40Z,,,,,,,,CALCULATED
2013-05-30T16:20:00Z,2013-05-30T22:21:40Z,,,,,,,,CALCULATED
2013-05-30T16:30:00Z,2013-05-30T22:31:40Z,,,,,,,,CALCULATED
2013-05-30T16:40:00Z,2013-05-30T22:41:40Z,,,,,,,,CALCULATED
2013-05-30T16:50:00Z,2013-05-30T22:51:40Z,,,,,,,,CALCULATED
2013-05-30T17:00:00Z,2013-05-30T23:01:40Z,,,,,,,,CALCULATED
2013-05-30T17:10:00Z,2013-05-30T23:11:40Z,,,,,,,,CALCULATED
2013-05-30T17:20:00Z,2013-05-30T23:21:40Z,,,,,,,,CALCULATED
2013-05-30T17:30:00Z,2013-05-30T23:31:40Z,,,,,,,,CALCULATED
2013-05-30T17:40:00Z,2013-05-30T23:41:40Z,,,,,,,,CALCULATED
2013-05-30T17:50:00Z,2013-05-30T23:51:40Z,,,,,,,,CALCULATED
2013-05-30T18:00:00Z,2013-05-31T00:01:40Z,,,,,,,,CALCULATED
2013-05-30T18:10:00Z,2013-05-31T00:11:31Z,,,,,,,,CALCULATED
2013-05-30T18:20:00Z,2013-05-31T00:21:31Z,,,,,,,,CALCULATED
2013-05-30T18:30:00Z,2013-05-31T00:31:31Z,,,,,,,,CALCULATED
2013-05-30T18:40:00Z,2013-05-31T00:41:31Z,,,,,,,,CALCULATED
2013-05-30T18:50:00Z,2013-05-31T00:51:31Z,,,,,,,,CALCULATED
2013-05-30T19:00:00Z,2013-05-31T01:01:31Z,,,,,,,,CALCULATED
2013-05-30T19:10:00Z,2013-05-31T01:11:31Z,,,,,,,,CALCULATED
2013-05-30T19:20:00Z,2013-05-31T01:21:31Z,,,,,,,,CALCULATED
2013-05-30T19:30:00Z,2013-05-31T01:31:31Z,,,,,,,,CALCULATED
2013-05-30T19:40:00Z,2013-05-31T01:41:31Z,,,,,,,,CALCULATED
2013-05-30T19:50:00Z,2013-05-31T01:51:31Z,,,,,,,,CALCULATED
2013-05-30T20:00:00Z,2013-05-31T02:01:31Z,,,,,,,,CALCULATED
2013-05-30T20:10:00Z,2013-05-31T02:11:31Z,,,,,,,,CALCULATED
2013-05-30T20:20:00Z,2013-05-31T02:21:31Z,,,,,,,,CALCULATED
2013-05-30T20:30:00Z,2013-05-31T02:31:31Z,,,,,,,,CALCULATED
2013-05-30T20:40:00Z,2013-05-31T02:41:31Z,,,,,,,,CALCULATED
2013-05-30T20:50:00Z,2013-05-31T02:51:31Z,,,,,,,,CALCULATED
2013-05-30T21:00:00Z,2013-05-31T03:01:31Z,,,,,,,,CALCULATED
2013-05-30T21:10:00Z,2013-05-31T03:11:31Z,,,,,,,,CALCULATED
2013-05-30T21:20:00Z,2013-05-31T03:21:31Z,,,,,,,,CALCULATED
2013-05-30T21:30:00Z,2013-05-31T03:31:31Z,,,,,,,,CALCULATED
2013-05-30T21:40:00Z,2013-05-31T03:41:31Z,,,,,,,,CALCULATED
2013-05-30T21:50:00Z,2013-05-31T03:51:31Z,,,,,,,,CALCULATED
2013-05-30T22:00:00Z,2013-05-31T04:01:31Z,,,,,,,,CALCULATED
2013-05-30T22:10:00Z,2013-05-31T04:11:31Z,,,,,,,,CALCULATED
2013-05-30T22:20:00Z,2013-05-31T04:21:31Z,,,,,,,,CALCULATED
2013-05-30T22:30:00Z,2013-05-31T04:31:31Z,,,,,,,,CALCULATED
2013-05-30T22:40:00Z,2013-05-31T04:41:31Z,,,,,,,,CALCULATED
2013-05-30T22:50:00Z,2013-05-31T04:51:31Z,,,,,,,,CALCULATED
2013-05-30T23:00:00Z,2013-05-31T05:01:31Z,,,,,,,,CALCULATED
2013-05-30T23:10:00Z,2013-05-31T05:11:31Z,,,,,,,,CALCULATED
2013-05-30T23:20:00Z,2013-05-31T05:21:31Z,,,,,,,,CALCULATED
2013-05-30T23:30:00Z,2013-05-31T05:31:31Z,,,,,,,,CALCULATED
2013-05-30T23:40:00Z,2013-05-31T05:41:31Z,,,,,,,,CALCULATED
2013-05-30T23:50:00Z,2013-05-31T05:51:31Z,,,,,,,,CALCULATED
2013-05-31T00:00:00Z,2013-05-31T06:01:31Z,,,,,,,,CALCULATED
2013-05-31T00:10:00Z,2013-05-31T06:11:31Z,,,,,,,,CALCULATED
2013-05-31T00:20:00Z,2013-05-31T06:21:31Z,,,,,,,,CALCULATED
2013-05-31T00:30:00Z,2013-05-31T06:31:31Z,,,,,,,,CALCULATED
2013-05-31T00:40:00Z,2013-05-31T06:41:31Z,,,,,,,,CALCULATED
2013-05-31T00:50:00Z,2013-05-31T06:51:31Z,,,,,,,,CALCULATED
2013-05-31T01:00:00Z,2013-05-31T07:01:31Z,,,,,,,,CALCULATED
2013-05-31T01:10:00Z,2013-05-31T07:11:31Z,,,,,,,,CALCULATED
2013-05-31T01:20:00Z,2013-05-31T07:21:31Z,,,,,,,,CALCULATED
2013-05-31T01:30:00Z,2013-05-31T07:31:31Z,,,,,,OUT_WARN,,CALCULATED
2013-05-31T01:40:00Z,2013-05-31T07:41:31Z,,,,,,,,CALCULATED
2013-05-31T01:50:00Z,2013-05-31T07:51:31Z,,,,,,,,CALCULATED
2013-05-31T02:00:00Z,2013-05-31T08:01:31Z,,,,,,,,CALCULATED
2013-05-31T02:10:00Z,2013-05-31T08:11:31Z,,,,,,,,CALCULATED
2013-05-31T02:20:00Z,2013-05-31T08:21:31Z,,,,,,,,CALCULATED
2013-05-31T02:30:00Z,2013-05-31T08:31:31Z,,,,,,,,CALCULATED
2013-05-31T02:40:00Z,2013-05-31T08:41:31Z,,,,,,,,CALCULATED
2013-05-31T02:50:00Z,2013-05-31T08:51:31Z,,,,,,,,CALCULATED
2013-05-31T03:00:00Z,2013-05-31T09:01:31Z,,,,,,,,CALCULATED
2013-05-31T03:10:00Z,2013-05-31T09:11:31Z,,,,,,,,CALCULATED
2013-05-31T03:20:00Z,2013-05-31T09:21:31Z,,,,,,,,CALCULATED
2013-05-31T03:30:00Z,2013-05-31T09:31:31Z,,,,,,,,CALCULATED
2013-05-31T03:40:00Z,2013-05-31T09:41:31Z,,,,,,,,CALCULATED
2013-05-31T03:50:00Z,2013-05-31T09:51:31Z,,,,,,,,CALCULATED
2013-05-31T04:00:00Z,2013-05-31T10:01:31Z,,,,,,,,CALCULATED
2013-05-31T04:10:00Z,2013-05-31T10:11:31Z,,,,,,,,CALCULATED
2013-05-31T04:20:00Z,2013-05-31T10:21:31Z,,,,,,,,CALCULATED
2013-05-31T04:30:00Z,2013-05-31T10:31:31Z,,,,,,,,CALCULATED
2013-05-31T04:40:00Z,2013-05-31T10:41:31Z,,,,,,,,CALCULATED
2013-05-31T04:50:00Z,2013-05-31T10:51:31Z,,,,,,,,CALCULATED
2013-05-31T05:00:00Z,2013-05-31T11:01:31Z,,,,,,,,CALCULATED
2013-05-31T05:10:00Z,2013-05-31T11:11:31Z,,,,,,,,CALCULATED
2013-05-31T05:20:00Z,2013-05-31T11:21:31Z,,,,,,,,CALCULATED
2013-05-31T05:30:00Z,2013-05-31T11:31:31Z,,,,,,,,CALCULATED
2013-05-31T05:40:00Z,2013-05-31T11:41:31Z,,,,,,,,CALCULATED
2013-05-31T05:50:00Z,2013-05-31T11:51:31Z,,RANGE_WARN,,,,,,CALCULATED
2013-05-31T06:00:00Z,2013-05-31T12:01:31Z,,,,,,,,CALCULATED
2013-05-31T06:10:00Z,2013-05-31T12:11:31Z,,,,,,,,CALCULATED
2013-05-31T06:20:00Z,2013-05-31T12:21:31Z,,,,,,,,CALCULATED
2013-05-31T06:30:00Z,2013-05-31T12:31:31Z,,RANGE_WARN,,,,,,CALCULATED
2013-05-31T06:40:00Z,2013-05-31T12:41:31Z,,RANGE_WARN,,,,,,CALCULATED
2013-05-31T06:50:00Z,2013-05-31T12:51:31Z,,RANGE_WARN,,,,,,CALCULATED
2013-05-31T07:00:00Z,2013-05-31T13:01:31Z,,RANGE_WARN,,,,,,CALCULATED
2013-05-31T07:10:00Z,2013-05-31T13:11:31Z,,RANGE_WARN,,,,,,CALCULATED
2013-05-31T07:20:00Z,2013-05-31T13:21:31Z,,RANGE_WARN,,,,,,CALCULATED
2013-05-31T07:30:00Z,2013-05-31T13:31:31Z,,RANGE_WARN,,,,,,CALCULATED
2013-05-31T07:40:00Z,2013-05-31T13:41:31Z,,RANGE_WARN,,,,,,CALCULATED
2013-05-31T07:50:00Z,2013-05-31T13:51:31Z,,RANGE_WARN,,,,,,CALCULATED
2013-05-31T08:00:00Z,2013-05-31T14:01:31Z,,RANGE_WARN,,,,,,CALCULATED
2013-05-31T08:10:00Z,2013-05-31T14:11:31Z,,RANGE_WARN,,,,,,CALCULATED
2013-05-31T08:20:00Z,2013-05-31T14:21:31Z,,RANGE_WARN,,,,,,CALCULATED
2013-05-31T08:30:00Z,2013-05-31T14:31:31Z,,RANGE_WARN,,,,,,CALCULATED
2013-05-31T08:40:00Z,2013-05-31T14:41:31Z,,RANGE_WARN,,,,,,CALCULATED
2013-05-31T08:50:00Z,2013-05-31T14:51:31Z,,RANGE_WARN,,,,,,CALCULATED
2013-05-31T09:00:00Z,2013-05-31T15:01:31Z,,RANGE_WARN,,,,,,CALCULATED
2013-05-31T09:10:00Z,2013-05-31T15:11:31Z,,RANGE_WARN,,,,,,CALCULATED
2013-05-31T09:20:00Z,2013-05-31T15:21:31Z,,RANGE_WARN,,,,,,CALCULATED
2013-05-31T09:30:00Z,2013-05-31T15:31:31Z,,RANGE_WARN,,,,,,CALCULATED
2013-05-31T09:40:00Z,2013-05-31T15:41:31Z,,RANGE_WARN,,,,,,CALCULATED
2013-05-31T09:50:00Z,2013-05-31T15:51:31Z,,RANGE_WARN,,,,,,CALCULATED
2013-05-31T10:00:00Z,2013-05-31T16:01:31Z,,RANGE_WARN,,,,,,CALCULATED
2013-05-31T10:10:00Z,2013-05-31T16:11:31Z,,RANGE_WARN,,,,,,CALCULATED
2013-05-31T10:20:00Z,2013-05-31T16:21:31Z,,RANGE_WARN,,,,,,CALCULATED
2013-05-31T10:30:00Z,2013-05-31T16:31:31Z,,RANGE_WARN,,,,,,CALCULATED
2013-05-31T10:40:00Z,2013-05-31T16:41:31Z,,RANGE_WARN,,,,,,CALCULATED
2013-05-31T10:50:00Z,2013-05-31T16:51:31Z,,RANGE_WARN,,,,,,CALCULATED
2013-05-31T11:00:00Z,2013-05-31T17:01:31Z,,RANGE_WARN,,,,,,CALCULATED
2013-05-31T11:10:00Z,2013-05-31T17:11:31Z,,RANGE_WARN,,,,,,CALCULATED
2013-05-31T11:20:00Z,2013-05-31T17:21:31Z,,RANGE_WARN,,,,,,CALCULATED
2013-05-31T11:30:00Z,2013-05-31T17:31:31Z,,RANGE_WARN,,,,,,CALCULATED
2013-05-31T11:40:00Z,2013-05-31T17:41:31Z,,RANGE_WARN,,,,,,CALCULATED
2013-05-31T11:50:00Z,2013-05-31T17:51:31Z,,RANGE_WARN,,,,,,CALCULATED
2013-05-31T12:00:00Z,2013-05-31T18:01:31Z,,RANGE_WARN,,,,,,CALCULATED
2013-05-31T12:10:00Z,2013-05-31T18:11:31Z,,RANGE_WARN,,,,,,CALCULATED
2013-05-31T12:20:00Z,2013-05-31T18:21:31Z,,RANGE_WARN,,,,,,CALCULATED
2013-05-31T12:30:00Z,2013-05-31T18:31:31Z,,RANGE_WARN,,,,,,CALCULATED
2013-05-31T12:40:00Z,2013-05-31T18:41:31Z,,,,,,,,CALCULATED
2013-05-31T12:50:00Z,2013-05-31T18:51:31Z,,,,,,,,CALCULATED
2013-05-31T13:00:00Z,2013-05-31T19:01:31Z,,,,,,,,CALCULATED
2013-05-31T13:10:00Z,2013-05-31T19:11:31Z,,,,,,OUT_WARN,,CALCULATED
2013-05-31T13:20:00Z,2013-05-31T19:21:31Z,,,,,,,,CALCULATED
2013-05-31T13:30:00Z,2013-05-31T19:31:31Z,,,,,,,,CALCULATED
2013-05-31T13:40:00Z,2013-05-31T19:41:31Z,,,,,,,,CALCULATED
2013-05-31T13:50:00Z,2013-05-31T19:51:31Z,,,,,,,,CALCULATED
2013-05-31T14:00:00Z,2013-05-31T20:01:31Z,,,,,,,,CALCULATED
2013-05-31T14:10:00Z,2013-05-31T20:11:31Z,,,,,,,,CALCULATED
2013-05-31T14:20:00Z,2013-05-31T20:21:31Z,,,,,,,,CALCULATED
2013-05-31T14:30:00Z,2013-05-31T20:31:31Z,,,,,,,,CALCULATED
2013-05-31T14:40:00Z,2013-05-31T20:41:31Z,,,,,,,,CALCULATED
2013-05-31T14:50:00Z,2013-05-31T20:51:31Z,,,,,,,,CALCULATED
2013-05-31T15:00:00Z,2013-05-31T21:01:31Z,,,,,,,,CALCULATED
2013-05-31T15:10:00Z,2013-05-31T21:11:31Z,,,,,,,,CALCULATED
2013-05-31T15:20:00Z,2013-05-31T21:21:31Z,,,,,,,,CALCULATED
2013-05-31T15:30:00Z,2013-05-31T21:31:31Z,,,,,,,,CALCULATED
2013-05-31T15:40:00Z,2013-05-31T21:41:31Z,,,,,,,,CALCULATED
2013-05-31T15:50:00Z,2013-05-31T21:51:31Z,,,,,,,,CALCULATED
2013-05-31T16:00:00Z,2013-05-31T22:01:31Z,,,,,,,,CALCULATED
2013-05-31T16:10:00Z,2013-05-31T22:11:31Z,,,,,,,,CALCULATED
2013-05-31T16:20:00Z,2013-05-31T22:21:31Z,,,,,,,,CALCULATED
2013-05-31T16:30:00Z,2013-05-31T22:31:31Z,,,,,,,,CALCULATED
2013-05-31T16:40:00Z,2013-05-31T22:41:31Z,,,,,,,,CALCULATED
2013-05-31T16:50:00Z,2013-05-31T22:51:31Z,,,,,,,,CALCULATED
2013-05-31T17:00:00Z,2013-05-31T23:01:31Z,,,,,,,,CALCULATED
2013-05-31T17:10:00Z,2013-05-31T23:11:31Z,,,,,,,,CALCULATED
2013-05-31T17:20:00Z,2013-05-31T23:21:31Z,,,,,,,,CALCULATED
2013-05-31T17:30:00Z,2013-05-31T23:31:31Z,,,,,,,,CALCULATED
2013-05-31T17:40:00Z,2013-05-31T23:41:31Z,,,,,,,,CALCULATED
2013-05-31T17:50:00Z,2013-05-31T23:51:31Z,,,,,,,,CALCULATED
2013-05-31T18:00:00Z,2013-06-01T00:01:31Z,,,,,,,,CALCULATED
2013-05-31T18:10:00Z,2013-06-01T00:11:22Z,,,,,,,,CALCULATED
2013-05-31T18:20:00Z,2013-06-01T00:21:22Z,,,,,,,,CALCULATED
2013-05-31T18:30:00Z,2013-06-01T00:31:22Z,,,,,,,,CALCULATED
2013-05-31T18:40:00Z,2013-06-01T00:41:22Z,,,,,,OUT_WARN,,CALCULATED
2013-05-31T18:50:00Z,2013-06-01T00:51:22Z,,,,,,,,CALCULATED
2013-05-31T19:00:00Z,2013-06-01T01:01:22Z,,,,,,,,CALCULATED
2013-05-31T19:10:00Z,2013-06-01T01:11:22Z,,,,,,,,CALCULATED
2013-05-31T19:20:00Z,2013-06-01T01:21:22Z,,,,,,,,CALCULATED
2013-05-31T19:30:00Z,2013-06-01T01:31:22Z,,,,,,,,CALCULATED
2013-05-31T19:40:00Z,2013-06-01T01:41:22Z,,,,,,,,CALCULATED
2013-05-31T19:50:00Z,2013-06-01T01:51:22Z,,,,,,,,CALCULATED
2013-05-31T20:00:00Z,2013-06-01T02:01:22Z,,,,,,,,CALCULATED
2013-05-31T20:10:00Z,2013-06-01T02:11:22Z,,,,,,,,CALCULATED
2013-05-31T20:20:00Z,2013-06-01T02:21:22Z,,,,,,,,CALCULATED
2013-05-31T20:30:00Z,2013-06-01T02:31:22Z,,,,,,,,CALCULATED
2013-05-31T20:40:00Z,2013-06-01T02:41:22Z,,,,,,,,CALCULATED
2013-05-31T20:50:00Z,2013-06-01T02:51:22Z,,,,,,,,CALCULATED
2013-05-31T21:00:00Z,2013-06-01T03:01:22Z,,,,,,,,CALCULATED
2013-05-31T21:10:00Z,2013-06-01T03:11:22Z,,,,,,,,CALCULATED
2013-05-31T21:20:00Z,2013-06-01T03:21:22Z,,,,,,,,CALCULATED
2013-05-31T21:30:00Z,2013-06-01T03:31:22Z,,,,,,,,CALCULATED
2013-05-31T21:40:00Z,2013-06-01T03:41:22Z,,,,,,,,CALCULATED
2013-05-31T21:50:00Z,2013-06-01T03:51:22Z,,,,,,,,CALCULATED
2013-05-31T22:00:00Z,2013-06-01T04:01:22Z,,,,,,,,CALCULATED
2013-05-31T22:10:00Z,2013-06-01T04:11:22Z,,,,,,,,CALCULATED
2013-05-31T22:20:00Z,2013-06-01T04:21:22Z,,,,,,,,CALCULATED
2013-05-31T22:30:00Z,2013-06-01T04:31:22Z,,,,,,,,CALCULATED
2013-05-31T22:40:00Z,2013-06-01T04:41:22Z,,,,,,,,CALCULATED
2013-05-31T22:50:00Z,2013-06-01T04:51:22Z,,,,,,,,CALCULATED
2013-05-31T23:00:00Z,2013-06-01T05:01:22Z,,,,,,,,CALCULATED
2013-05-31T23:10:00Z,2013-06-01T05:11:22Z,,,,,,OUT_WARN,,CALCULATED
2013-05-31T23:20:00Z,2013-06-01T05:21:22Z,,,,,,,,CALCULATED
2013-05-31T23:30:00Z,2013-06-01T05:31:22Z,,,,,,,,CALCULATED
2013-05-31T23:40:00Z,2013-06-01T05:41:22Z,,,,,,,,CALCULATED
2013-05-31T23:50:00Z,2013-06-01T05:51:22Z,,,,,,,,CALCULATED
2013-06-01T00:00:00Z,2013-06-01T06:01:22Z,,,,,,,,CALCULATED
2013-06-01T00:10:00Z,2013-06-01T06:11:22Z,,,,,,,,CALCULATED
2013-06-01T00:20:00Z,2013-06-01T06:21:22Z,,,,,,,,CALCULATED
2013-06-01T00:30:00Z,2013-06-01T06:31:22Z,,,,,,,,CALCULATED
2013-06-01T00:40:00Z,2013-06-01T06:41:22Z,,,,,,,,CALCULATED
2013-06-01T00:50:00Z,2013-06-01T06:51:22Z,,,,,,,,CALCULATED
2013-06-01T01:00:00Z,2013-06-01T07:01:22Z,,,,,,,,CALCULATED
2013-06-01T01:10:00Z,2013-06-01T07:11:22Z,,,,,,,,CALCULATED
2013-06-01T01:20:00Z,2013-06-01T07:21:22Z,,,,,,,,CALCULATED
2013-06-01T01:30:00Z,2013-06-01T07:31:22Z,,,,,,,,CALCULATED
2013-06-01T01:40:00Z,2013-06-01T07:41:22Z,,,,,,,,CALCULATED
2013-06-01T01:50:00Z,2013-06-01T07:51:22Z,,,,,,,,CALCULATED
2013-06-01T02:00:00Z,2013-06-01T08:01:22Z,,,,,,,,CALCULATED
2013-06-01T02:10:00Z,2013-06-01T08:11:22Z,,,,,,,,CALCULATED
2013-06-01T02:20:00Z,2013-06-01T08:21:22Z,,,,,,,,CALCULATED
2013-06-01T02:30:00Z,2013-06-01T08:31:22Z,,,,,,,,CALCULATED
2013-06-01T02:40:00Z,2013-06-01T08:41:22Z,,,,,,,,CALCULATED
2013-06-01T02:50:00Z,2013-06-01T08:51:22Z,,,,,,,,CALCULATED
2013-06-01T03:00:00Z,2013-06-01T09:01:22Z,,,,,,,,CALCULATED
2013-06-01T03:10:00Z,2013-06-01T09:11:22Z,,,,,,,,CALCULATED
2013-06-01T03:20:00Z,2013-06-01T09:21:22Z,,,,,,,,CALCULATED
2013-06-01T03:30:00Z,2013-06-01T09:31:22Z,,,,,,,,CALCULATED
2013-06-01T03:40:00Z,2013-06-01T09:41:22Z,,,,,,,,CALCULATED
2013-06-01T03:50:00Z,2013-06-01T09:51:22Z,,,,,,,,CALCULATED
2013-06-01T04:00:00Z,2013-06-01T10:01:22Z,,,,,,,,CALCULATED
2013-06-01T04:10:00Z,2013-06-01T10:11:22Z,,RANGE_WARN,,,,,,CALCULATED
2013-06-01T04:20:00Z,2013-06-01T10:21:22Z,,RANGE_WARN,,,,,,CALCULATED
2013-06-01T04:30:00Z,2013-06-01T10:31:22Z,,RANGE_WARN,,,,,,CALCULATED
2013-06-01T04:40:00Z,2013-06-01T10:41:22Z,,RANGE_WARN,,,,,,CALCULATED
2013-06-01T04:50:00Z,2013-06-01T10:51:22Z,,RANGE_WARN,,,,,,CALCULATED
2013-06-01T05:00:00Z,2013-06-01T11:01:22Z,,RANGE_WARN,,,,,,CALCULATED
2013-06-01T05:10:00Z,2013-06-01T11:11:22Z,,RANGE_WARN,,,,,,CALCULATED
2013-06-01T05:20:00Z,2013-06-01T11:21:22Z,,RANGE_WARN,,,,,,CALCULATED
2013-06-01T05:30:00Z,2013-06-01T11:31:22Z,,RANGE_WARN,,,,,,CALCULATED
2013-06-01T05:40:00Z,2013-06-01T11:41:22Z,,RANGE_WARN,,,,,,CALCULATED
2013-06-01T05:50:00Z,2013-06-01T11:51:22Z,,RANGE_WARN,,,,,,CALCULATED
2013-06-01T06:00:00Z,2013-06-01T12:01:22Z,,RANGE_WARN,,,,,,CALCULATED
2013-06-01T06:10:00Z,2013-06-01T12:11:22Z,,RANGE_WARN,,,,,,CALCULATED
2013-06-01T06:20:00Z,2013-06-01T12:21:22Z,,RANGE_WARN,,,,,,CALCULATED
2013-06-01T06:30:00Z,2013-06-01T12:31:22Z,,RANGE_WARN,,,,,,CALCULATED
2013-06-01T06:40:00Z,2013-06-01T12:41:22Z,,RANGE_WARN,,,,,,CALCULATED
2013-06-01T06:50:00Z,2013-06-01T12:51:22Z,,RANGE_WARN,,,,,,CALCULATED
2013-06-01T07:00:00Z,2013-06-01T13:01:22Z,,RANGE_WARN,,,,,,CALCULATED
2013-06-01T07:10:00Z,2013-06-01T13:11:22Z,,RANGE_WARN,,,,,,CALCULATED
2013-06-01T07:20:00Z,2013-06-01T13:21:22Z,,RANGE_WARN,,,,,,CALCULATED
2013-06-01T07:30:00Z,2013-06-01T13:31:22Z,,RANGE_WARN,,,,,,CALCULATED
2013-06-01T07:40:00Z,2013-06-01T13:41:22Z,,RANGE_WARN,,,,,,CALCULATED
2013-06-01T07:50:00Z,2013-06-01T13:51:22Z,,RANGE_WARN,,,,,,CALCULATED
2013-06-01T08:00:00Z,2013-06-01T14:01:22Z,,RANGE_WARN,,,,,,CALCULATED
2013-06-01T08:10:00Z,2013-06-01T14:11:22Z,,RANGE_WARN,,,,,,CALCULATED
2013-06-01T08:20:00Z,2013-06-01T14:21:22Z,,RANGE_WARN,,,,,,CALCULATED
2013-06-01T08:30:00Z,2013-06-01T14:31:22Z,,RANGE_WARN,,,,,,CALCULATED
2013-06-01T08:40:00Z,2013-06-01T14:41:22Z,,RANGE_WARN,,,,,,CALCULATED
2013-06-01T08:50:00Z,2013-06-01T14:51:22Z,,RANGE_WARN,,,,,,CALCULATED
2013-06-01T09:00:00Z,2013-06-01T15:01:22Z,,RANGE_WARN,,,,,,CALCULATED
2013-06-01T09:10:00Z,2013-06-01T15:11:22Z,,RANGE_WARN,,,,,,CALCULATED
2013-06-01T09:20:00Z,2013-06-01T15:21:22Z,,RANGE_WARN,,,,,,CALCULATED
2013-06-01T09:30:00Z,2013-06-01T15:31:22Z,,RANGE_WARN,,,,,,CALCULATED
2013-06-01T09:40:00Z,2013-06-01T15:41:22Z,,RANGE_WARN,,,,,,CALCULATED
2013-06-01T09:50:00Z,2013-06-01T15:51:22Z,,RANGE_WARN,,,,,,CALCULATED
2013-06-01T10:00:00Z,2013-06-01T16:01:22Z,,RANGE_WARN,,,,,,CALCULATED
2013-06-01T10:10:00Z,2013-06-01T16:11:22Z,,RANGE_WARN,,,,,,CALCULATED
2013-06-01T10:20:00Z,2013-06-01T16:21:22Z,,RANGE_WARN,,,,,,CALCULATED
2013-06-01T10:30:00Z,2013-06-01T16:31:22Z,,RANGE_WARN,,,,,,CALCULATED
2013-06-01T10:40:00Z,2013-06-01T16:41:22Z,,RANGE_WARN,,,,,,CALCULATED
2013-06-01T10:50:00Z,2013-06-01T16:51:22Z,,RANGE_WARN,,,,,,CALCULATED
2013-06-01T11:00:00Z,2013-06-01T17:01:22Z,,RANGE_WARN,,,,,,CALCULATED
2013-06-01T11:10:00Z,2013-06-01T17:11:22Z,,RANGE_WARN,,,,,,CALCULATED
2013-06-01T11:20:00Z,2013-06-01T17:21:22Z,,RANGE_WARN,,,,,,CALCULATED
2013-06-01T11:30:00Z,2013-06-01T17:31:22Z,,RANGE_WARN,,,,,,CALCULATED
2013-06-01T11:40:00Z,2013-06-01T17:41:22Z,,RANGE_WARN,,,,,,CALCULATED
2013-06-01T11:50:00Z,2013-06-01T17:51:22Z,,RANGE_WARN,,,,,,CALCULATED
2013-06-01T12:00:00Z,2013-06-01T18:01:22Z,,RANGE_WARN,,,,,,CALCULATED
2013-06-01T12:10:00Z,2013-06-01T18:11:22Z,,RANGE_WARN,,,,,,CALCULATED
2013-06-01T12:20:00Z,2013-06-01T18:21:22Z,,RANGE_WARN,,,,,,CALCULATED
2013-06-01T12:30:00Z,2013-06-01T18:31:22Z,,RANGE_WARN,,,,,,CALCULATED
2013-06-01T12:40:00Z,2013-06-01T18:41:22Z,,RANGE_WARN,,,,,,CALCULATED
2013-06-01T12:50:00Z,2013-06-01T18:51:22Z,,RANGE_WARN,,,,,,CALCULATED
2013-06-01T13:00:00Z,2013-06-01T19:01:22Z,,RANGE_WARN,,,,,,CALCULATED
2013-06-01T13:10:00Z,2013-06-01T19:11:22Z,,,,,,,,CALCULATED
2013-06-01T13:20:00Z,2013-06-01T19:21:22Z,,,,,,,,CALCULATED
2013-06-01T13:30:00Z,2013-06-01T19:31:22Z,,,,,,,,CALCULATED
2013-06-01T13:40:00Z,2013-06-01T19:41:22Z,,,,,,,,CALCULATED
2013-06-01T13:50:00Z,2013-06-01T19:51:22Z,,,,,,,,CALCULATED
2013-06-01T14:00:00Z,2013-06-01T20:01:22Z,,,,,,,,CALCULATED
2013-06-01T14:10:00Z,2013-06-01T20:11:22Z,,,,,,,,CALCULATED
2013-06-01T14:20:00Z,2013-06-01T20:21:22Z,,,,,,,,CALCULATED
2013-06-01T14:30:00Z,2013-06-01T20:31:22Z,,,,,,,,CALCULATED
2013-06-01T14:40:00Z,2013-06-01T20:41:22Z,,,,,,,,CALCULATED
2013-06-01T14:50:00Z,2013-06-01T20:51:22Z,,,,,,OUT_WARN,,CALCULATED
2013-06-01T15:00:00Z,2013-06-01T21:01:22Z,,,,,,,,CALCULATED
2013-06-01T15:10:00Z,2013-06-01T21:11:22Z,,,,,,,,CALCULATED
2013-06-01T15:20:00Z,2013-06-01T21:21:22Z,,,,,,,,CALCULATED
2013-06-01T15:30:00Z,2013-06-01T21:31:22Z,,,,,,,,CALCULATED
2013-06-01T15:40:00Z,2013-06-01T21:41:22Z,,,,,,,,CALCULATED
2013-06-01T15:50:00Z,2013-06-01T21:51:22Z,,,,,,,,CALCULATED
2013-06-01T16:00:00Z,2013-06-01T22:01:22Z,,,,,,,,CALCULATED
2013-06-01T16:10:00Z,2013-06-01T22:11:22Z,,,,,,,,CALCULATED
2013-06-01T16:20:00Z,2013-06-01T22:21:22Z,,,,,,,,CALCULATED
2013-06-01T16:30:00Z,2013-06-01T22:31:22Z,,,,,,,,CALCULATED
2013-06-01T16:40:00Z,2013-06-01T22:41:22Z,,,,,,,,CALCULATED
2013-06-01T16:50:00Z,2013-06-01T22:51:22Z,,,,,,,,CALCULATED
2013-06-01T17:00:00Z,2013-06-01T23:01:22Z,,,,,,,,CALCULATED
2013-06-01T17:10:00Z,2013-06-01T23:11:22Z,,,,,,,,CALCULATED
2013-06-01T17:20:00Z,2013-06-01T23:21:22Z,,,,,,,,CALCULATED
2013-06-01T17:30:00Z,2013-06-01T23:31:22Z,,,,,,,,CALCULATED
2013-06-01T17:40:00Z,2013-06-01T23:41:22Z,,,,,,,,CALCULATED
2013-06-01T17:50:00Z,2013-06-01T23:51:22Z,,,,,,,,CALCULATED
2013-06-01T18:00:00Z,2013-06-02T00:01:22Z,,,,,,,,CALCULATED
2013-06-01T18:10:00Z,2013-06-02T00:11:12Z,,,,,,,,CALCULATED
2013-06-01T18:20:00Z,2013-06-02T00:21:12Z,,,,,,,,CALCULATED
2013-06-01T18:30:00Z,2013-06-02T00:31:12Z,,,,,,,,CALCULATED
2013-06-01T18:40:00Z,2013-06-02T00:41:12Z,,,,,,,,CALCULATED
2013-06-01T18:50:00Z,2013-06-02T00:51:12Z,,,,,,,,CALCULATED
2013-06-01T19:00:00Z,2013-06-02T01:01:12Z,,,,,,,,CALCULATED
2013-06-01T19:10:00Z,2013-06-02T01:11:12Z,,,,,,,,CALCULATED
2013-06-01T19:20:00Z,2013-06-02T01:21:12Z,,,,,,,,CALCULATED
2013-06-01T19:30:00Z,2013-06-02T01:31:12Z,,,,,,,,CALCULATED
2013-06-01T19:40:00Z,2013-06-02T01:41:12Z,,,,,,,,CALCULATED
2013-06-01T19:50:00Z,2013-06-02T01:51:12Z,,,,,,,,CALCULATED
2013-06-01T20:00:00Z,2013-06-02T02:01:12Z,,,,,,,,CALCULATED
2013-06-01T20:10:00Z,2013-06-02T02:11:12Z,,,,,,,,CALCULATED
2013-06-01T20:20:00Z,2013-06-02T02:21:12Z,,,,,,,,CALCULATED
2013-06-01T20:30:00Z,2013-06-02T02:31:12Z,,,,,,,,CALCULATED
2013-06-01T20:40:00Z,2013-06-02T02:41:12Z,,,,,,,,CALCULATED
2013-06-01T20:50:00Z,2013-06-02T02:51:12Z,,,,,,,,CALCULATED
2013-06-01T21:00:00Z,2013-06-02T03:01:12Z,,,,,,,,CALCULATED
2013-06-01T21:10:00Z,2013-06-02T03:11:12Z,,,,,,,,CALCULATED
2013-06-01T21:20:00Z,2013-06-02T03:21:12Z,,,,,,,,CALCULATED
2013-06-01T21:30:00Z,2013-06-02T03:31:12Z,,,,,,,,CALCULATED
2013-06-01T21:40:00Z,2013-06-02T03:41:12Z,,,,,,,,CALCULATED
2013-06-01T21:50:00Z,2013-06-02T03:51:12Z,,,,,,,,CALCULATED
2013-06-01T22:00:00Z,2013-06-02T04:01:12Z,,,,,,,,CALCULATED
2013-06-01T22:10:00Z,2013-06-02T04:11:12Z,,,,,,,,CALCULATED
2013-06-01T22:20:00Z,2013-06-02T04:21:12Z,,,,,,,,CALCULATED
2013-06-01T22:30:00Z,2013-06-02T04:31:12Z,,,,,,,,CALCULATED
2013-06-01T22:40:00Z,2013-06-02T04:41:12Z,,,,,,,,CALCULATED
2013-06-01T22:50:00Z,2013-06-02T04:51:12Z,,,,,,,,CALCULATED
2013-06-01T23:00:00Z,2013-06-02T05:01:12Z,,,,,,,,CALCULATED
2013-06-01T23:10:00Z,2013-06-02T05:11:12Z,,,,,,,,CALCULATED
2013-06-01T23:20:00Z,2013-06-02T05:21:12Z,,,,,,,,CALCULATED
2013-06-01T23:30:00Z,2013-06-02T05:31:12Z,,,,,,,,CALCULATED
2013-06-01T23:40:00Z,2013-06-02T05:41:12Z,,,,,,,,CALCULATED
2013-06-01T23:50:00Z,2013-06-02T05:51:12Z,,,,,,,,CALCULATED
2013-06-02T00:00:00Z,2013-06-02T06:01:12Z,,,,,,,,CALCULATED
2013-06-02T00:10:00Z,2013-06-02T06:11:12Z,,,,,,,,CALCULATED
2013-06-02T00:20:00Z,2013-06-02T06:21:12Z,,,,,,,,CALCULATED
2013-06-02T00:30:00Z,2013-06-02T06:31:12Z,,,,,,,,CALCULATED
2013-06-02T00:40:00Z,2013-06-02T06:41:12Z,,,,,,,,CALCULATED
2013-06-02T00:50:00Z,2013-06-02T06:51:12Z,,,,,,,,CALCULATED
2013-06-02T01:00:00Z,2013-06-02T07:01:12Z,,,,,,,,CALCULATED
2013-06-02T01:10:00Z,2013-06-02T07:11:12Z,,,,,,,,CALCULATED
2013-06-02T01:20:00Z,2013-06-02T07:21:12Z,,,,,,,,CALCULATED
2013-06-02T01:30:00Z,2013-06-02T07:31:12Z,,,,,,OUT_WARN,,CALCULATED
2013-06-02T01:40:00Z,2013-06-02T07:41:12Z,,,,,,OUT_WARN,,CALCULATED
2013-06-02T01:50:00Z,2013-06-02T07:51:12Z,,,,,,OUT_WARN,,CALCULATED
2013-06-02T02:00:00Z,2013-06-02T08:01:12Z,,,,,,,,CALCULATED
2013-06-02T02:10:00Z,2013-06-02T08:11:12Z,,,,,,,,CALCULATED
2013-06-02T02:20:00Z,2013-06-02T08:21:12Z,,,,,,,,CALCULATED
2013-06-02T02:30:00Z,2013-06-02T08:31:12Z,,,,,,,,CALCULATED
2013-06-02T02:40:00Z,2013-06-02T08:41:12Z,,,,,,,,CALCULATED
2013-06-02T02:50:00Z,2013-06-02T08:51:12Z,,,,,,,,CALCULATED
2013-06-02T03:00:00Z,2013-06-02T09:01:12Z,,,,,,,,CALCULATED
2013-06-02T03:10:00Z,2013-06-02T09:11:12Z,,,,,,,,CALCULATED
2013-06-02T03:20:00Z,2013-06-02T09:21:12Z,,,,,,,,CALCULATED
2013-06-02T03:30:00Z,2013-06-02T09:31:12Z,,,,,,,,CALCULATED
2013-06-02T03:40:00Z,2013-06-02T09:41:12Z,,,,,,,,CALCULATED
2013-06-02T03:50:00Z,2013-06-02T09:51:12Z,,,,,,,,CALCULATED
2013-06-02T04:00:00Z,2013-06-02T10:01:12Z,,,,,,,,CALCULATED
2013-06-02T04:10:00Z,2013-06-02T10:11:12Z,,,,,,,,CALCULATED
2013-06-02T04:20:00Z,2013-06-02T10:21:12Z,,,,,,,,CALCULATED
2013-06-02T04:30:00Z,2013-06-02T10:31:12Z,,,,,,,,CALCULATED
2013-06-02T04:40:00Z,2013-06-02T10:41:12Z,,,,,,,,CALCULATED
2013-06-02T04:50:00Z,2013-06-02T10:51:12Z,,RANGE_WARN,,,,,,CALCULATED
2013-06-02T05:00:00Z,2013-06-02T11:01:12Z,,RANGE_WARN,,,,,,CALCULATED
2013-06-02T05:10:00Z,2013-06-02T11:11:12Z,,RANGE_WARN,,,,,,CALCULATED
2013-06-02T05:20:00Z,2013-06-02T11:21:12Z,,RANGE_WARN,,,,,,CALCULATED
2013-06-02T05:30:00Z,2013-06-02T11:31:12Z,,RANGE_WARN,,,,,,CALCULATED
2013-06-02T05:40:00Z,2013-06-02T11:41:12Z,,RANGE_WARN,,,,,,CALCULATED
2013-06-02T05:50:00Z,2013-06-02T11:51:12Z,,RANGE_WARN,,,,,,CALCULATED
2013-06-02T06:00:00Z,2013-06-02T12:01:12Z,,RANGE_WARN,,,,,,CALCULATED
2013-06-02T06:10:00Z,2013-06-02T12:11:12Z,,RANGE_WARN,,,,,,CALCULATED
2013-06-02T06:20:00Z,2013-06-02T12:21:12Z,,RANGE_WARN,,,,,,CALCULATED
2013-06-02T06:30:00Z,2013-06-02T12:31:12Z,,RANGE_WARN,,,,,,CALCULATED
2013-06-02T06:40:00Z,2013-06-02T12:41:12Z,,RANGE_WARN,,,,,,CALCULATED
2013-06-02T06:50:00Z,2013-06-02T12:51:12Z,,RANGE_WARN,,,,,,CALCULATED
2013-06-02T07:00:00Z,2013-06-02T13:01:12Z,,RANGE_WARN,,,,,,CALCULATED
2013-06-02T07:10:00Z,2013-06-02T13:11:12Z,,RANGE_WARN,,,,,,CALCULATED
2013-06-02T07:20:00Z,2013-06-02T13:21:12Z,,RANGE_WARN,,,,,,CALCULATED
2013-06-02T07:30:00Z,2013-06-02T13:31:12Z,,RANGE_WARN,,,,,,CALCULATED
2013-06-02T07:40:00Z,2013-06-02T13:41:12Z,,RANGE_WARN,,,,,,CALCULATED
2013-06-02T07:50:00Z,2013-06-02T13:51:12Z,,RANGE_WARN,,,,,,CALCULATED
2013-06-02T08:00:00Z,2013-06-02T14:01:12Z,,RANGE_WARN,,,,,,CALCULATED
2013-06-02T08:10:00Z,2013-06-02T14:11:12Z,,RANGE_WARN,,,,,,CALCULATED
2013-06-02T08:20:00Z,2013-06-02T14:21:12Z,,RANGE_WARN,,,,,,CALCULATED
2013-06-02T08:30:00Z,2013-06-02T14:31:12Z,,RANGE_WARN,,,,,,CALCULATED
2013-06-02T08:40:00Z,2013-06-02T14:41:12Z,,RANGE_WARN,,,,,,CALCULATED
2013-06-02T08:50:00Z,2013-06-02T14:51:12Z,,RANGE_WARN,,,,,,CALCULATED
2013-06-02T09:00:00Z,2013-06-02T15:01:12Z,,RANGE_WARN,,,,,,CALCULATED
2013-06-02T09:10:00Z,2013-06-02T15:11:12Z,,RANGE_WARN,,,,,,CALCULATED
2013-06-02T09:20:00Z,2013-06-02T15:21:12Z,,RANGE_WARN,,,,,,CALCULATED
2013-06-02T09:30:00Z,2013-06-02T15:31:12Z,,RANGE_WARN,,,,,,CALCULATED
2013-06-02T09:40:00Z,2013-06-02T15:41:12Z,,RANGE_WARN,,,,,,CALCULATED
2013-06-02T09:50:00Z,2013-06-02T15:51:12Z,,RANGE_WARN,,,,,,CALCULATED
2013-06-02T10:00:00Z,2013-06-02T16:01:12Z,,RANGE_WARN,,,,,,CALCULATED
2013-06-02T10:10:00Z,2013-06-02T16:11:12Z,,RANGE_WARN,,,,,,CALCULATED
2013-06-02T10:20:00Z,2013-06-02T16:21:12Z,,RANGE_WARN,,,,,,CALCULATED
2013-06-02T10:30:00Z,2013-06-02T16:31:12Z,,RANGE_WARN,,,,,,CALCULATED
2013-06-02T10:40:00Z,2013-06-02T16:41:12Z,,RANGE_WARN,,,,,,CALCULATED
2013-06-02T10:50:00Z,2013-06-02T16:51:12Z,,RANGE_WARN,,,,,,CALCULATED
2013-06-02T11:00:00Z,2013-06-02T17:01:12Z,,RANGE_WARN,,,,,,CALCULATED
2013-06-02T11:10:00Z,2013-06-02T17:11:12Z,,RANGE_WARN,,,,,,CALCULATED
2013-06-02T11:20:00Z,2013-06-02T17:21:12Z,,RANGE_WARN,,,,,,CALCULATED
2013-06-02T11:30:00Z,2013-06-02T17:31:12Z,,RANGE_WARN,,,,,,CALCULATED
2013-06-02T11:40:00Z,2013-06-02T17:41:12Z,,RANGE_WARN,,,,,,CALCULATED
2013-06-02T11:50:00Z,2013-06-02T17:51:12Z,,RANGE_WARN,,,,,,CALCULATED
2013-06-02T12:00:00Z,2013-06-02T18:01:12Z,,,,,,,,CALCULATED
2013-06-02T12:10:00Z,2013-06-02T18:11:12Z,,,,,,,,CALCULATED
2013-06-02T12:20:00Z,2013-06-02T18:21:12Z,,,,,,,,CALCULATED
2013-06-02T12:30:00Z,2013-06-02T18:31:12Z,,,,,,,,CALCULATED
2013-06-02T12:40:00Z,2013-06-02T18:41:12Z,,,,,,,,CALCULATED
2013-06-02T12:50:00Z,2013-06-02T18:51:12Z,,,,,,,,CALCULATED
2013-06-02T13:00:00Z,2013-06-02T19:01:12Z,,,,,,,,CALCULATED
2013-06-02T13:10:00Z,2013-06-02T19:11:12Z,,,,,,,,CALCULATED
2013-06-02T13:20:00Z,2013-06-02T19:21:12Z,,,,,,,,CALCULATED
2013-06-02T13:30:00Z,2013-06-02T19:31:12Z,,,,,,,,CALCULATED
2013-06-02T13:40:00Z,2013-06-02T19:41:12Z,,,,,,,,CALCULATED
2013-06-02T13:50:00Z,2013-06-02T19:51:12Z,,,,,,,,CALCULATED
2013-06-02T14:00:00Z,2013-06-02T20:01:12Z,,,,,,,,CALCULATED
2013-06-02T14:10:00Z,2013-06-02T20:11:12Z,,,,,,,,CALCULATED
2013-06-02T14:20:00Z,2013-06-02T20:21:12Z,,,,,,,,CALCULATED
2013-06-02T14:30:00Z,2013-06-02T20:31:12Z,,,,,,,,CALCULATED
2013-06-02T14:40:00Z,2013-06-02T20:41:12Z,,,,,,,,CALCULATED
2013-06-02T14:50:00Z,2013-06-02T20:51:12Z,,,,,,,,CALCULATED
2013-06-02T15:00:00Z,2013-06-02T21:01:12Z,,,,,,,,CALCULATED
2013-06-02T15:10:00Z,2013-06-02T21:11:12Z,,,,,,,,CALCULATED
2013-06-02T15:20:00Z,2013-06-02T21:21:12Z,,,,,,,,CALCULATED
2013-06-02T15:30:00Z,2013-06-02T21:31:12Z,,,,,,,,CALCULATED
2013-06-02T15:40:00Z,2013-06-02T21:41:12Z,,,,,,,,CALCULATED
2013-06-02T15:50:00Z,2013-06-02T21:51:12Z,,,,,,,,CALCULATED
2013-06-02T16:00:00Z,2013-06-02T22:01:12Z,,,,,,,,CALCULATED
2013-06-02T16:10:00Z,2013-06-02T22:11:12Z,,,,,,,,CALCULATED
2013-06-02T16:20:00Z,2013-06-02T22:21:12Z,,,,,,,,CALCULATED
2013-06-02T16:30:00Z,2013-06-02T22:31:12Z,,,,,,,,CALCULATED
2013-06-02T16:40:00Z,2013-06-02T22:41:12Z,,,,,,,,CALCULATED
2013-06-02T16:50:00Z,2013-06-02T22:51:12Z,,,,,,,,CALCULATED
2013-06-02T17:00:00Z,2013-06-02T23:01:12Z,,,,,,,,CALCULATED
2013-06-02T17:10:00Z,2013-06-02T23:11:12Z,,,,,,,,CALCULATED
2013-06-02T17:20:00Z,2013-06-02T23:21:12Z,,,,,,,,CALCULATED
2013-06-02T17:30:00Z,2013-06-02T23:31:12Z,,,,,,,,CALCULATED
2013-06-02T17:40:00Z,2013-06-02T23:41:12Z,,,,,,,,CALCULATED
2013-06-02T17:50:00Z,2013-06-02T23:51:12Z,,,,,,,,CALCULATED
2013-06-02T18:00:00Z,2013-06-03T00:01:12Z,,,,,,,,CALCULATED
2013-06-02T18:10:00Z,2013-06-03T00:11:02Z,,,,,,,,CALCULATED
2013-06-02T18:20:00Z,2013-06-03T00:21:02Z,,,,,,,,CALCULATED
2013-06-02T18:30:00Z,2013-06-03T00:31:02Z,,,,,,,,CALCULATED
2013-06-02T18:40:00Z,2013-06-03T00:41:02Z,,,,,,,,CALCULATED
2013-06-02T18:50:00Z,2013-06-03T00:51:02Z,,,,,,,,CALCULATED
2013-06-02T19:00:00Z,2013-06-03T01:01:02Z,,,,,,OUT_WARN,,CALCULATED
2013-06-02T19:10:00Z,2013-06-03T01:11:02Z,,,,,,OUT_WARN,,CALCULATED
2013-06-02T19:20:00Z,2013-06-03T01:21:02Z,,,,,,OUT_WARN,,CALCULATED
2013-06-02T19:30:00Z,2013-06-03T01:31:02Z,,,,,,,,CALCULATED
2013-06-02T19:40:00Z,2013-06-03T01:41:02Z,,,,,,,,CALCULATED
2013-06-02T19:50:00Z,2013-06-03T01:51:02Z,,,,,,,,CALCULATED
2013-06-02T20:00:00Z,2013-06-03T02:01:02Z,,,,,,,,CALCULATED
2013-06-02T20:10:00Z,2013-06-03T02:11:02Z,,,,,,,,CALCULATED
2013-06-02T20:20:00Z,2013-06-03T02:21:02Z,,,,,,,,CALCULATED
2013-06-02T20:30:00Z,2013-06-03T02:31:02Z,,,,,,,,CALCULATED
2013-06-02T20:40:00Z,2013-06-03T02:41:02Z,,,,,,,,CALCULATED
2013-06-02T20:50:00Z,2013-06-03T02:51:02Z,,,,,,,,CALCULATED
2013-06-02T21:00:00Z,2013-06-03T03:01:02Z,,,,,,,,CALCULATED
2013-06-02T21:10:00Z,2013-06-03T03:11:02Z,,,,,,,,CALCULATED
2013-06-02T21:20:00Z,2013-06-03T03:21:02Z,,,,,,,,CALCULATED
2013-06-02T21:30:00Z,2013-06-03T03:31:02Z,,,,,,,,CALCULATED
2013-06-02T21:40:00Z,2013-06-03T03:41:02Z,,,,,,,,CALCULATED
2013-06-02T21:50:00Z,2013-06-03T03:51:02Z,,,,,,,,CALCULATED
2013-06-02T22:00:00Z,2013-06-03T04:01:02Z,,,,,,,,CALCULATED
2013-06-02T22:10:00Z,2013-06-03T04:11:02Z,,,,,,,,CALCULATED
2013-06-02T22:20:00Z,2013-06-03T04:21:02Z,,,,,,,,CALCULATED
2013-06-02T22:30:00Z,2013-06-03T04:31:02Z,,,,,,,,CALCULATED
2013-06-02T22:40:00Z,2013-06-03T04:41:02Z,,,,,,,,CALCULATED
2013-06-02T22:50:00Z,2013-06-03T04:51:02Z,,,,,,,,CALCULATED
2013-06-02T23:00:00Z,2013-06-03T05:01:02Z,,,,,,,,CALCULATED
2013-06-02T23:10:00Z,2013-06-03T05:11:02Z,,,,,,,,CALCULATED
2013-06-02T23:20:00Z,2013-06-03T05:21:02Z,,,,,,,,CALCULATED
2013-06-02T23:30:00Z,2013-06-03T05:31:02Z,,,,,,,,CALCULATED
2013-06-02T23:40:00Z,2013-06-03T05:41:02Z,,,,,,,,CALCULATED
2013-06-02T23:50:00Z,2013-06-03T05:51:02Z,,,,,,,,CALCULATED
2013-06-03T00:00:00Z,2013-06-03T06:01:02Z,,,,,,,,CALCULATED
2013-06-03T00:10:00Z,2013-06-03T06:11:02Z,,,,,,,,CALCULATED
2013-06-03T00:20:00Z,2013-06-03T06:21:02Z,,,,,,,,CALCULATED
2013-06-03T00:30:00Z,2013-06-03T06:31:02Z,,,,,,,,CALCULATED
2013-06-03T00:40:00Z,2013-06-03T06:41:02Z,,,,,,,,CALCULATED
2013-06-03T00:50:00Z,2013-06-03T06:51:02Z,,,,,,,,CALCULATED
2013-06-03T01:00:00Z,2013-06-03T07:01:02Z,,,,,,,,CALCULATED
2013-06-03T01:10:00Z,2013-06-03T07:11:02Z,,,,,,,,CALCULATED
2013-06-03T01:20:00Z,2013-06-03T07:21:02Z,,,,,,,,CALCULATED
2013-06-03T01:30:00Z,2013-06-03T07:31:02Z,,,,,,,,CALCULATED
2013-06-03T01:40:00Z,2013-06-03T07:41:02Z,,,,,,,,CALCULATED
2013-06-03T01:50:00Z,2013-06-03T07:51:02Z,,,,,,,,CALCULATED
2013-06-03T02:00:00Z,2013-06-03T08:01:02Z,,,,,,,,CALCULATED
2013-06-03T02:10:00Z,2013-06-03T08:11:02Z,,,,,,,,CALCULATED
2013-06-03T02:20:00Z,2013-06-03T08:21:02Z,,,,,,,,CALCULATED
2013-06-03T02:30:00Z,2013-06-03T08:31:02Z,,,,,,,,CALCULATED
2013-06-03T02:40:00Z,2013-06-03T08:41:02Z,,,,,,,,CALCULATED
2013-06-03T02:50:00Z,2013-06-03T08:51:02Z,,,,,,,,CALCULATED
2013-06-03T03:00:00Z,2013-06-03T09:01:02Z,,,,,,,,CALCULATED
2013-06-03T03:10:00Z,2013-06-03T09:11:02Z,,,,,,,,CALCULATED
2013-06-03T03:20:00Z,2013-06-03T09:21:02Z,,,,,,,,CALCULATED
2013-06-03T03:30:00Z,2013-06-03T09:31:02Z,,,,,,,,CALCULATED
2013-06-03T03:40:00Z,2013-06-03T09:41:02Z,,,,,,,,CALCULATED
2013-06-03T03:50:00Z,2013-06-03T09:51:02Z,,,,,,,,CALCULATED
2013-06-03T04:00:00Z,2013-06-03T10:01:02Z,,,,,,,,CALCULATED
2013-06-03T04:10:00Z,2013-06-03T10:11:02Z,,,,,,,,CALCULATED
2013-06-03T04:20:00Z,2013-06-03T10:21:02Z,,,,,,,,CALCULATED
2013-06-03T04:30:00Z,2013-06-03T10:31:02Z,,,,,,,,CALCULATED
2013-06-03T04:40:00Z,2013-06-03T10:41:02Z,,RANGE_WARN,,,,,,CALCULATED
2013-06-03T04:50:00Z,2013-06-03T10:51:02Z,,RANGE_WARN,,,,,,CALCULATED
2013-06-03T05:00:00Z,2013-06-03T11:01:02Z,,RANGE_WARN,,,,,,CALCULATED
2013-06-03T05:10:00Z,2013-06-03T11:11:02Z,,RANGE_WARN,,,,,,CALCULATED
2013-06-03T05:20:00Z,2013-06-03T11:21:02Z,,RANGE_WARN,,,,,,CALCULATED
2013-06-03T05:30:00Z,2013-06-03T11:31:02Z,,RANGE_WARN,,,,,,CALCULATED
2013-06-03T05:40:00Z,2013-06-03T11:41:02Z,,RANGE_WARN,,,,,,CALCULATED
2013-06-03T05:50:00Z,2013-06-03T11:51:02Z,,RANGE_WARN,,,,,,CALCULATED
2013-06-03T06:00:00Z,2013-06-03T12:01:02Z,,RANGE_WARN,,,,,,CALCULATED
2013-06-03T06:10:00Z,2013-06-03T12:11:02Z,,RANGE_WARN,,,,,,CALCULATED
2013-06-03T06:20:00Z,2013-06-03T12:21:02Z,,RANGE_WARN,,,,,,CALCULATED
2013-06-03T06:30:00Z,2013-06-03T12:31:02Z,,RANGE_WARN,,,,,,CALCULATED
2013-06-03T06:40:00Z,2013-06-03T12:41:02Z,,RANGE_WARN,,,,,,CALCULATED
2013-06-03T06:50:00Z,2013-06-03T12:51:02Z,,RANGE_WARN,,,,,,CALCULATED
2013-06-03T07:00:00Z,2013-06-03T13:01:02Z,,RANGE_WARN,,,,,,CALCULATED
2013-06-03T07:10:00Z,2013-06-03T13:11:02Z,,RANGE_WARN,,,,,,CALCULATED
2013-06-03T07:20:00Z,2013-06-03T13:21:02Z,,RANGE_WARN,,,,,,CALCULATED
2013-06-03T07:30:00Z,2013-06-03T13:31:02Z,,RANGE_WARN,,,,,,CALCULATED
2013-06-03T07:40:00Z,2013-06-03T13:41:02Z,,RANGE_WARN,,,,,,CALCULATED
2013-06-03T07:50:00Z,2013-06-03T13:51:02Z,,RANGE_WARN,,,,,,CALCULATED
2013-06-03T08:00:00Z,2013-06-03T14:01:02Z,,RANGE_WARN,,,,,,CALCULATED
2013-06-03T08:10:00Z,2013-06-03T14:11:02Z,,RANGE_WARN,,,,,,CALCULATED
2013-06-03T08:20:00Z,2013-06-03T14:21:02Z,,RANGE_WARN,,,,,,CALCULATED
2013-06-03T08:30:00Z,2013-06-03T14:31:02Z,,RANGE_WARN,,,,,,CALCULATED
2013-06-03T08:40:00Z,2013-06-03T14:41:02Z,,RANGE_WARN,,,,,,CALCULATED
2013-06-03T08:50:00Z,2013-06-03T14:51:02Z,,RANGE_WARN,,,,,,CALCULATED
2013-06-03T09:00:00Z,2013-06-03T15:01:02Z,,RANGE_WARN,,,,,,CALCULATED
2013-06-03T09:10:00Z,2013-06-03T15:11:02Z,,RANGE_WARN,,,,,,CALCULATED
2013-06-03T09:20:00Z,2013-06-03T15:21:02Z,,RANGE_WARN,,,,,,CALCULATED
2013-06-03T09:30:00Z,2013-06-03T15:31:02Z,,RANGE_WARN,,,,,,CALCULATED
2013-06-03T09:40:00Z,2013-06-03T15:41:02Z,,RANGE_WARN,,,,,,CALCULATED
2013-06-03T09:50:00Z,2013-06-03T15:51:02Z,,RANGE_WARN,,,,,,CALCULATED
2013-06-03T10:00:00Z,2013-06-03T16:01:02Z,,RANGE_WARN,,,,,,CALCULATED
2013-06-03T10:10:00Z,2013-06-03T16:11:02Z,,RANGE_WARN,,,,,,CALCULATED
2013-06-03T10:20:00Z,2013-06-03T16:21:02Z,,RANGE_WARN,,,,,,CALCULATED
2013-06-03T10:30:00Z,2013-06-03T16:31:02Z,,RANGE_WARN,,,,,,CALCULATED
2013-06-03T10:40:00Z,2013-06-03T16:41:02Z,,RANGE_WARN,,,,,,CALCULATED
2013-06-03T10:50:00Z,2013-06-03T16:51:02Z,,RANGE_WARN,,,,,,CALCULATED
2013-06-03T11:00:00Z,2013-06-03T17:01:02Z,,RANGE_WARN,,,,,,CALCULATED
2013-06-03T11:10:00Z,2013-06-03T17:11:02Z,,RANGE_WARN,,,,,,CALCULATED
2013-06-03T11:20:00Z,2013-06-03T17:21:02Z,,RANGE_WARN,,,,,,CALCULATED
2013-06-03T11:30:00Z,2013-06-03T17:31:02Z,,RANGE_WARN,,,,,,CALCULATED
2013-06-03T11:40:00Z,2013-06-03T17:41:02Z,,RANGE_WARN,,,,,,CALCULATED
2013-06-03T11:50:00Z,2013-06-03T17:51:02Z,,RANGE_WARN,,,,,,CALCULATED
2013-06-03T12:00:00Z,2013-06-03T18:01:02Z,,RANGE_WARN,,,,,,CALCULATED
2013-06-03T12:10:00Z,2013-06-03T18:11:02Z,,RANGE_WARN,,,,,,CALCULATED
2013-06-03T12:20:00Z,2013-06-03T18:21:02Z,,RANGE_WARN,,,,,,CALCULATED
2013-06-03T12:30:00Z,2013-06-03T18:31:02Z,,RANGE_WARN,,,,,,CALCULATED
2013-06-03T12:40:00Z,2013-06-03T18:41:02Z,,RANGE_WARN,,,,,,CALCULATED
2013-06-03T12:50:00Z,2013-06-03T18:51:02Z,,RANGE_WARN,,,,,,CALCULATED
2013-06-03T13:00:00Z,2013-06-03T19:01:02Z,,,,,,,,CALCULATED
2013-06-03T13:10:00Z,2013-06-03T19:11:02Z,,,,,,,,CALCULATED
2013-06-03T13:20:00Z,2013-06-03T19:21:02Z,,,,,,,,CALCULATED
2013-06-03T13:30:00Z,2013-06-03T19:31:02Z,,,,,,,,CALCULATED
2013-06-03T13:40:00Z,2013-06-03T19:41:02Z,,,,,,,,CALCULATED
2013-06-03T13:50:00Z,2013-06-03T19:51:02Z,,,,,,,,CALCULATED
2013-06-03T14:00:00Z,2013-06-03T20:01:02Z,,,,,,,,CALCULATED
2013-06-03T14:10:00Z,2013-06-03T20:11:02Z,,,,,,,,CALCULATED
2013-06-03T14:20:00Z,2013-06-03T20:21:02Z,,,,,,,,CALCULATED
2013-06-03T14:30:00Z,2013-06-03T20:31:02Z,,,,,,,,CALCULATED
2013-06-03T14:40:00Z,2013-06-03T20:41:02Z,,,,,,,,CALCULATED
2013-06-03T14:50:00Z,2013-06-03T20:51:02Z,,,,,,,,CALCULATED
2013-06-03T15:00:00Z,2013-06-03T21:01:02Z,,,,,,,,CALCULATED
2013-06-03T15:10:00Z,2013-06-03T21:11:02Z,,,,,,,,CALCULATED
2013-06-03T15:20:00Z,2013-06-03T21:21:02Z,,,,,,,,CALCULATED
2013-06-03T15:30:00Z,2013-06-03T21:31:02Z,,,,,,,,CALCULATED
2013-06-03T15:40:00Z,2013-06-03T21:41:02Z,,,,,,,,CALCULATED
2013-06-03T15:50:00Z,2013-06-03T21:51:02Z,,,,,,,,CALCULATED
2013-06-03T16:00:00Z,2013-06-03T22:01:02Z,,,,,,,,CALCULATED
2013-06-03T16:10:00Z,2013-06-03T22:11:02Z,,,,,,,,CALCULATED
2013-06-03T16:20:00Z,2013-06-03T22:21:02Z,,,,,,,,CALCULATED
2013-06-03T16:30:00Z,2013-06-03T22:31:02Z,,,,,,,,CALCULATED
2013-06-03T16:40:00Z,2013-06-03T22:41:02Z,,,,,,,,CALCULATED
2013-06-03T16:50:00Z,2013-06-03T22:51:02Z,,,,,,,,CALCULATED
2013-06-03T17:00:00Z,2013-06-03T23:01:02Z,,,,,,,,CALCULATED
2013-06-03T17:10:00Z,2013-06-03T23:11:02Z,,,,,,,,CALCULATED
2013-06-03T17:20:00Z,2013-06-03T23:21:02Z,,,,,,,,CALCULATED
2013-06-03T17:30:00Z,2013-06-03T23:31:02Z,,,,,,,,CALCULATED
2013-06-03T17:40:00Z,2013-06-03T23:41:02Z,,,,,,,,CALCULATED
2013-06-03T17:50:00Z,2013-06-03T23:51:02Z,,,,,,,,CALCULATED
2013-06-03T18:00:00Z,2013-06-04T00:01:02Z,,,,,,,,CALCULATED
2013-06-03T18:10:00Z,2013-06-04T00:10:52Z,,,,,,,,CALCULATED
2013-06-03T18:20:00Z,2013-06-04T00:20:52Z,,,,,,,,CALCULATED
2013-06-03T18:30:00Z,2013-06-04T00:30:52Z,,,,,,,,CALCULATED
2013-06-03T18:40:00Z,2013-06-04T00:40:52Z,,,,,,,,CALCULATED
2013-06-03T18:50:00Z,2013-06-04T00:50:52Z,,,,,,,,CALCULATED
2013-06-03T19:00:00Z,2013-06-04T01:00:52Z,,,,,,,,CALCULATED
2013-06-03T19:10:00Z,2013-06-04T01:10:52Z,,,,,,,,CALCULATED
2013-06-03T19:20:00Z,2013-06-04T01:20:52Z,,,,,,,,CALCULATED
2013-06-03T19:30:00Z,2013-06-04T01:30:52Z,,,,,,,,CALCULATED
2013-06-03T19:40:00Z,2013-06-04T01:40:52Z,,,,,,,,CALCULATED
2013-06-03T19:50:00Z,2013-06-04T01:50:52Z,,,,,,,,CALCULATED
2013-06-03T20:00:00Z,2013-06-04T02:00:52Z,,,,,,,,CALCULATED
2013-06-03T20:10:00Z,2013-06-04T02:10:52Z,,,,,,,,CALCULATED
2013-06-03T20:20:00Z,2013-06-04T02:20:52Z,,,,,,,,CALCULATED
2013-06-03T20:30:00Z,2013-06-04T02:30:52Z,,,,,,,,CALCULATED
2013-06-03T20:40:00Z,2013-06-04T02:40:52Z,,,,,,,,CALCULATED
2013-06-03T20:50:00Z,2013-06-04T02:50:52Z,,,,,,,,CALCULATED
2013-06-03T21:00:00Z,2013-06-04T03:00:52Z,,,,,,,,CALCULATED
2013-06-03T21:10:00Z,2013-06-04T03:10:52Z,,,,,,,,CALCULATED
2013-06-03T21:20:00Z,2013-06-04T03:20:52Z,,,,,,,,CALCULATED
2013-06-03T21:30:00Z,2013-06-04T03:30:52Z,,,,,,,,CALCULATED
2013-06-03T21:40:00Z,2013-06-04T03:40:52Z,,,,,,,,CALCULATED
2013-06-03T21:50:00Z,2013-06-04T03:50:52Z,,,,,,,,CALCULATED
2013-06-03T22:00:00Z,2013-06-04T04:00:52Z,,,,,,,,CALCULATED
2013-06-03T22:10:00Z,2013-06-04T04:10:52Z,,,,,,,,CALCULATED
2013-06-03T22:20:00Z,2013-06-04T04:20:52Z,,,,,,,,CALCULATED
2013-06-03T22:30:00Z,2013-06-04T04:30:52Z,,,,,,,,CALCULATED
2013-06-03T22:40:00Z,2013-06-04T04:40:52Z,,,,,,,,CALCULATED
2013-06-03T22:50:00Z,2013-06-04T04:50:52Z,,,,,,,,CALCULATED
2013-06-03T23:00:00Z,2013-06-04T05:00:52Z,,,,,,,,CALCULATED
2013-06-03T23:10:00Z,2013-06-04T05:10:52Z,,,,,,,,CALCULATED
2013-06-03T23:20:00Z,2013-06-04T05:20:52Z,,,,,,,,CALCULATED
2013-06-03T23:30:00Z,2013-06-04T05:30:52Z,,,,,,,,CALCULATED
2013-06-03T23:40:00Z,2013-06-04T05:40:52Z,,,,,,,,CALCULATED
2013-06-03T23:50:00Z,2013-06-04T05:50:52Z,,,,,,,,CALCULATED
2013-06-04T00:00:00Z,2013-06-04T06:00:52Z,,,,,,,,CALCULATED
2013-06-04T00:10:00Z,2013-06-04T06:10:52Z,,,,,,,,CALCULATED
2013-06-04T00:20:00Z,2013-06-04T06:20:52Z,,,,,,,,CALCULATED
2013-06-04T00:30:00Z,2013-06-04T06:30:52Z,,,,,,,,CALCULATED
2013-06-04T00:40:00Z,2013-06-04T06:40:52Z,,,,,,,,CALCULATED
2013-06-04T00:50:00Z,2013-06-04T06:50:52Z,,,,,,,,CALCULATED
2013-06-04T01:00:00Z,2013-06-04T07:00:52Z,,,,,,,,CALCULATED
2013-06-04T01:10:00Z,2013-06-04T07:10:52Z,,,,,,,,CALCULATED
2013-06-04T01:20:00Z,2013-06-04T07:20:52Z,,,,,,,,CALCULATED
2013-06-04T01:30:00Z,2013-06-04T07:30:52Z,,,,,,,,CALCULATED
2013-06-04T01:40:00Z,2013-06-04T07:40:52Z,,,,,,,,CALCULATED
2013-06-04T01:50:00Z,2013-06-04T07:50:52Z,,,,,,,,CALCULATED
2013-06-04T02:00:00Z,2013-06-04T08:00:52Z,,,,,,,,CALCULATED
2013-06-04T02:10:00Z,2013-06-04T08:10:52Z,,,,,,,,CALCULATED
2013-06-04T02:20:00Z,2013-06-04T08:20:52Z,,,,,,,,CALCULATED
2013-06-04T02:30:00Z,2013-06-04T08:30:52Z,,,,,,,,CALCULATED
2013-06-04T02:40:00Z,2013-06-04T08:40:52Z,,,,,,,,CALCULATED
2013-06-04T02:50:00Z,2013-06-04T08:50:52Z,,,,,,,,CALCULATED
2013-06-04T03:00:00Z,2013-06-04T09:00:52Z,,,,,,,,CALCULATED
2013-06-04T03:10:00Z,2013-06-04T09:10:52Z,,,,,,,,CALCULATED
2013-06-04T03:20:00Z,2013-06-04T09:20:52Z,,,,,,,,CALCULATED
2013-06-04T03:30:00Z,2013-06-04T09:30:52Z,,,,,,,,CALCULATED
2013-06-04T03:40:00Z,2013-06-04T09:40:52Z,,,,,,,,CALCULATED
2013-06-04T03:50:00Z,2013-06-04T09:50:52Z,,,,,,,,CALCULATED
2013-06-04T04:00:00Z,2013-06-04T10:00:52Z,,,,,,,,CALCULATED
2013-06-04T04:10:00Z,2013-06-04T10:10:52Z,,,,,,,,CALCULATED
2013-06-04T04:20:00Z,2013-06-04T10:20:52Z,,,,,,,,CALCULATED
2013-06-04T04:30:00Z,2013-06-04T10:30:52Z,,,,,,,,CALCULATED
2013-06-04T04:40:00Z,2013-06-04T10:40:52Z,,,,,,,,CALCULATED
2013-06-04T04:50:00Z,2013-06-04T10:50:52Z,,,,,,,,CALCULATED
2013-06-04T05:00:00Z,2013-06-04T11:00:52Z,,,,,,,,CALCULATED
2013-06-04T05:10:00Z,2013-06-04T11:10:52Z,,,,,,,,CALCULATED
2013-06-04T05:20:00Z,2013-06-04T11:20:52Z,,,,,,,,CALCULATED
2013-06-04T05:30:00Z,2013-06-04T11:30:52Z,,,,,,,,CALCULATED
2013-06-04T05:40:00Z,2013-06-04T11:40:52Z,,,,,,,,CALCULATED
2013-06-04T05:50:00Z,2013-06-04T11:50:52Z,,,,,,,,CALCULATED
2013-06-04T06:00:00Z,2013-06-04T12:00:52Z,,,,,,,,CALCULATED
2013-06-04T06:10:00Z,2013-06-04T12:10:52Z,,,,,,,,CALCULATED
2013-06-04T06:20:00Z,2013-06-04T12:20:52Z,,,,,,,,CALCULATED
2013-06-04T06:30:00Z,2013-06-04T12:30:52Z,,,,,,,,CALCULATED
2013-06-04T06:40:00Z,2013-06-04T12:40:52Z,,,,,,,,CALCULATED
2013-06-04T06:50:00Z,2013-06-04T12:50:52Z,,,,,,,,CALCULATED
2013-06-04T07:00:00Z,2013-06-04T13:00:52Z,,,,,,,,CALCULATED
2013-06-04T07:10:00Z,2013-06-04T13:10:52Z,,,,,,,,CALCULATED
2013-06-04T07:20:00Z,2013-06-04T13:20:52Z,,,,,,,,CALCULATED
2013-06-04T07:30:00Z,2013-06-04T13:30:52Z,,,,,,,,CALCULATED
2013-06-04T07:40:00Z,2013-06-04T13:40:52Z,,,,,,,,CALCULATED
2013-06-04T07:50:00Z,2013-06-04T13:50:52Z,,,,,,,,CALCULATED
2013-06-04T08:00:00Z,2013-06-04T14:00:52Z,,,,,,,,CALCULATED
2013-06-04T08:10:00Z,2013-06-04T14:10:52Z,,,,,,,,CALCULATED
2013-06-04T08:20:00Z,2013-06-04T14:20:52Z,,,,,,,,CALCULATED
2013-06-04T08:30:00Z,2013-06-04T14:30:52Z,,,,,,,,CALCULATED
2013-06-04T08:40:00Z,2013-06-04T14:40:52Z,,,,,,,,CALCULATED
2013-06-04T08:50:00Z,2013-06-04T14:50:52Z,,,,,,,,CALCULATED
2013-06-04T09:00:00Z,2013-06-04T15:00:52Z,,,,,,,,CALCULATED
2013-06-04T09:10:00Z,2013-06-04T15:10:52Z,,,,,,,,CALCULATED
2013-06-04T09:20:00Z,2013-06-04T15:20:52Z,,,,,,,,CALCULATED
2013-06-04T09:30:00Z,2013-06-04T15:30:52Z,,,,,,,,CALCULATED
2013-06-04T09:40:00Z,2013-06-04T15:40:52Z,,,,,,,,CALCULATED
2013-06-04T09:50:00Z,2013-06-04T15:50:52Z,,,,,,,,CALCULATED
2013-06-04T10:00:00Z,2013-06-04T16:00:52Z,,,,,,,,CALCULATED
2013-06-04T10:10:00Z,2013-06-04T16:10:52Z,,,,,,,,CALCULATED
2013-06-04T10:20:00Z,2013-06-04T16:20:52Z,,,,,,,,CALCULATED
2013-06-04T10:30:00Z,2013-06-04T16:30:52Z,,,,,,,,CALCULATED
2013-06-04T10:40:00Z,2013-06-04T16:40:52Z,,,,,,,,CALCULATED
2013-06-04T10:50:00Z,2013-06-04T16:50:52Z,,,,,,,,CALCULATED
2013-06-04T11:00:00Z,2013-06-04T17:00:52Z,,,,,,,,CALCULATED
2013-06-04T11:10:00Z,2013-06-04T17:10:52Z,,,,,,,,CALCULATED
2013-06-04T11:20:00Z,2013-06-04T17:20:52Z,,,,,,,,CALCULATED
2013-06-04T11:30:00Z,2013-06-04T17:30:52Z,,,,,,,,CALCULATED
2013-06-04T11:40:00Z,2013-06-04T17:40:52Z,,,,,,,,CALCULATED
2013-06-04T11:50:00Z,2013-06-04T17:50:52Z,,,,,,,,CALCULATED
2013-06-04T12:00:00Z,2013-06-04T18:00:52Z,,,,,,,,CALCULATED
2013-06-04T12:10:00Z,2013-06-04T18:10:52Z,,,,,,,,CALCULATED
2013-06-04T12:20:00Z,2013-06-04T18:20:52Z,,,,,,,,CALCULATED
2013-06-04T12:30:00Z,2013-06-04T18:30:52Z,,,,,,,,CALCULATED
2013-06-04T12:40:00Z,2013-06-04T18:40:52Z,,,,,,,,CALCULATED
2013-06-04T12:50:00Z,2013-06-04T18:50:52Z,,,,,,,,CALCULATED
2013-06-04T13:00:00Z,2013-06-04T19:00:52Z,,,,,,,,CALCULATED
2013-06-04T13:10:00Z,2013-06-04T19:10:52Z,,,,,,,,CALCULATED
2013-06-04T13:20:00Z,2013-06-04T19:20:52Z,,,,,,,,CALCULATED
2013-06-04T13:30:00Z,2013-06-04T19:30:52Z,,,,,,,,CALCULATED
2013-06-04T13:40:00Z,2013-06-04T19:40:52Z,,,,,,,,CALCULATED
2013-06-04T13:50:00Z,2013-06-04T19:50:52Z,,,,,,,,CALCULATED
2013-06-04T14:00:00Z,2013-06-04T20:00:52Z,,,,,,,,CALCULATED
2013-06-04T14:10:00Z,2013-06-04T20:10:52Z,,,,,,,,CALCULATED
2013-06-04T14:20:00Z,2013-06-04T20:20:52Z,,,,,,,,CALCULATED
2013-06-04T14:30:00Z,2013-06-04T20:30:52Z,,,,,,,,CALCULATED
2013-06-04T14:40:00Z,2013-06-04T20:40:52Z,,,,,,,,CALCULATED
2013-06-04T14:50:00Z,2013-06-04T20:50:52Z,,,,,,,,CALCULATED
2013-06-04T15:00:00Z,2013-06-04T21:00:52Z,,,,,,,,CALCULATED
2013-06-04T15:10:00Z,2013-06-04T21:10:52Z,,,,,,,,CALCULATED
2013-06-04T15:20:00Z,2013-06-04T21:20:52Z,,,,,,,,CALCULATED
2013-06-04T15:30:00Z,2013-06-04T21:30:52Z,,,,,,,,CALCULATED
2013-06-04T15:40:00Z,2013-06-04T21:40:52Z,,,,,,,,CALCULATED
2013-06-04T15:50:00Z,2013-06-04T21:50:52Z,,,,,,,,CALCULATED
2013-06-04T16:00:00Z,2013-06-04T22:00:52Z,,,,,,,,CALCULATED
2013-06-04T16:10:00Z,2013-06-04T22:10:52Z,,,,,,,,CALCULATED
2013-06-04T16:20:00Z,2013-06-04T22:20:52Z,,,,,,,,CALCULATED
2013-06-04T16:30:00Z,2013-06-04T22:30:52Z,,,,,,,,CALCULATED
2013-06-04T16:40:00Z,2013-06-04T22:40:52Z,,,,,,,,CALCULATED
2013-06-04T16:50:00Z,2013-06-04T22:50:52Z,,,,,,,,CALCULATED
2013-06-04T17:00:00Z,2013-06-04T23:00:52Z,,,,,,,,CALCULATED
2013-06-04T17:10:00Z,2013-06-04T23:10:52Z,,,,,,,,CALCULATED
2013-06-04T17:20:00Z,2013-06-04T23:20:52Z,,,,,,,,CALCULATED
2013-06-04T17:30:00Z,2013-06-04T23:30:52Z,,,,,,,,CALCULATED
2013-06-04T17:40:00Z,2013-06-04T23:40:52Z,,,,,,OUT_WARN,,CALCULATED
2013-06-04T17:50:00Z,2013-06-04T23:50:52Z,,,,,,OUT_WARN,,CALCULATED
2013-06-04T18:00:00Z,2013-06-05T00:00:52Z,,,,,,OUT_WARN,,CALCULATED
2013-06-04T18:10:00Z,2013-06-05T00:10:42Z,,,,,,OUT_WARN,,CALCULATED
2013-06-04T18:20:00Z,2013-06-05T00:20:42Z,,,,,,OUT_WARN,,CALCULATED
2013-06-04T18:30:00Z,2013-06-05T00:30:42Z,,,,,,,,CALCULATED
2013-06-04T18:40:00Z,2013-06-05T00:40:42Z,,,,,,,,CALCULATED
2013-06-04T18:50:00Z,2013-06-05T00:50:42Z,,,,,,,,CALCULATED
2013-06-04T19:00:00Z,2013-06-05T01:00:42Z,,,,,,,,CALCULATED
2013-06-04T19:10:00Z,2013-06-05T01:10:42Z,,,,,,,,CALCULATED
2013-06-04T19:20:00Z,2013-06-05T01:20:42Z,,,,,,,,CALCULATED
2013-06-04T19:30:00Z,2013-06-05T01:30:42Z,,,,,,,,CALCULATED
2013-06-04T19:40:00Z,2013-06-05T01:40:42Z,,,,,,,,CALCULATED
2013-06-04T19:50:00Z,2013-06-05T01:50:42Z,,,,,,,,CALCULATED
2013-06-04T20:00:00Z,2013-06-05T02:00:42Z,,,,,,,,CALCULATED
2013-06-04T20:10:00Z,2013-06-05T02:10:42Z,,,,,,,,CALCULATED
2013-06-04T20:20:00Z,2013-06-05T02:20:42Z,,,,,,,,CALCULATED
2013-06-04T20:30:00Z,2013-06-05T02:30:42Z,,,,,,,,CALCULATED
2013-06-04T20:40:00Z,2013-06-05T02:40:42Z,,,,,,,,CALCULATED
2013-06-04T20:50:00Z,2013-06-05T02:50:42Z,,,,,,,,CALCULATED
2013-06-04T21:00:00Z,2013-06-05T03:00:42Z,,,,,,,,CALCULATED
2013-06-04T21:10:00Z,2013-06-05T03:10:42Z,,,,,,,,CALCULATED
2013-06-04T21:20:00Z,2013-06-05T03:20:42Z,,,,,,,,CALCULATED
2013-06-04T21:30:00Z,2013-06-05T03:30:42Z,,,,,,,,CALCULATED
2013-06-04T21:40:00Z,2013-06-05T03:40:42Z,,,,,,,,CALCULATED
2013-06-04T21:50:00Z,2013-06-05T03:50:42Z,,,,,,,,CALCULATED
2013-06-04T22:00:00Z,2013-06-05T04:00:42Z,,,,,,,,CALCULATED
2013-06-04T22:10:00Z,2013-06-05T04:10:42Z,,,,,,OUT_WARN,,CALCULATED
2013-06-04T22:20:00Z,2013-06-05T04:20:42Z,,,,,,OUT_WARN,,CALCULATED
2013-06-04T22:30:00Z,2013-06-05T04:30:42Z,,,,,,,,CALCULATED
2013-06-04T22:40:00Z,2013-06-05T04:40:42Z,,,,,,OUT_WARN,,CALCULATED
2013-06-04T22:50:00Z,2013-06-05T04:50:42Z,,,,,,OUT_WARN,,CALCULATED
2013-06-04T23:00:00Z,2013-06-05T05:00:42Z,,,,,,OUT_WARN,,CALCULATED
2013-06-04T23:10:00Z,2013-06-05T05:10:42Z,,,,,,,,CALCULATED
2013-06-04T23:20:00Z,2013-06-05T05:20:42Z,,,,,,,,CALCULATED
2013-06-04T23:30:00Z,2013-06-05T05:30:42Z,,,,,,,,CALCULATED
2013-06-04T23:40:00Z,2013-06-05T05:40:42Z,,,,,,,,CALCULATED
2013-06-04T23:50:00Z,2013-06-05T05:50:42Z,,,,,,,,CALCULATED
2013-06-05T00:00:00Z,2013-06-05T06:00:42Z,,,,,,,,CALCULATED
2013-06-05T00:10:00Z,2013-06-05T06:10:42Z,,,,,,,,CALCULATED
2013-06-05T00:20:00Z,2013-06-05T06:20:42Z,,,,,,,,CALCULATED
2013-06-05T00:30:00Z,2013-06-05T06:30:42Z,,,,,,,,CALCULATED
2013-06-05T00:40:00Z,2013-06-05T06:40:42Z,,,,,,,,CALCULATED
2013-06-05T00:50:00Z,2013-06-05T06:50:42Z,,,,,,,,CALCULATED
2013-06-05T01:00:00Z,2013-06-05T07:00:42Z,,,,,,,,CALCULATED
2013-06-05T01:10:00Z,2013-06-05T07:10:42Z,,,,,,,,CALCULATED
2013-06-05T01:20:00Z,2013-06-05T07:20:42Z,,,,,,,,CALCULATED
2013-06-05T01:30:00Z,2013-06-05T07:30:42Z,,,,,,,,CALCULATED
2013-06-05T01:40:00Z,2013-06-05T07:40:42Z,,,,,,,,CALCULATED
2013-06-05T01:50:00Z,2013-06-05T07:50:42Z,,,,,,,,CALCULATED
2013-06-05T02:00:00Z,2013-06-05T08:00:42Z,,,,,,,,CALCULATED
2013-06-05T02:10:00Z,2013-06-05T08:10:42Z,,,,,,,,CALCULATED
2013-06-05T02:20:00Z,2013-06-05T08:20:42Z,,,,,,,,CALCULATED
2013-06-05T02:30:00Z,2013-06-05T08:30:42Z,,,,,,,,CALCULATED
2013-06-05T02:40:00Z,2013-06-05T08:40:42Z,,,,,,,,CALCULATED
2013-06-05T02:50:00Z,2013-06-05T08:50:42Z,,,,,,,,CALCULATED
2013-06-05T03:00:00Z,2013-06-05T09:00:42Z,,,,,,,,CALCULATED
2013-06-05T03:10:00Z,2013-06-05T09:10:42Z,,,,,,,,CALCULATED
2013-06-05T03:20:00Z,2013-06-05T09:20:42Z,,,,,,,,CALCULATED
2013-06-05T03:30:00Z,2013-06-05T09:30:42Z,,,,,,,,CALCULATED
2013-06-05T03:40:00Z,2013-06-05T09:40:42Z,,,,,,,,CALCULATED
2013-06-05T03:50:00Z,2013-06-05T09:50:42Z,,,,,,,,CALCULATED
2013-06-05T04:00:00Z,2013-06-05T10:00:42Z,,,,,,,,CALCULATED
2013-06-05T04:10:00Z,2013-06-05T10:10:42Z,,,,,,,,CALCULATED
2013-06-05T04:20:00Z,2013-06-05T10:20:42Z,,,,,,,,CALCULATED
2013-06-05T04:30:00Z,2013-06-05T10:30:42Z,,,,,,,,CALCULATED
2013-06-05T04:40:00Z,2013-06-05T10:40:42Z,,,,,,,,CALCULATED
2013-06-05T04:50:00Z,2013-06-05T10:50:42Z,,,,,,,,CALCULATED
2013-06-05T05:00:00Z,2013-06-05T11:00:42Z,,,,,,,,CALCULATED
2013-06-05T05:10:00Z,2013-06-05T11:10:42Z,,,,,,,,CALCULATED
2013-06-05T05:20:00Z,2013-06-05T11:20:42Z,,,,,,,,CALCULATED
2013-06-05T05:30:00Z,2013-06-05T11:30:42Z,,,,,,,,CALCULATED
2013-06-05T05:40:00Z,2013-06-05T11:40:42Z,,,,,,,,CALCULATED
2013-06-05T05:50:00Z,2013-06-05T11:50:42Z,,,,,,,,CALCULATED
2013-06-05T06:00:00Z,2013-06-05T12:00:42Z,,,,,,,,CALCULATED
2013-06-05T06:10:00Z,2013-06-05T12:10:42Z,,,,,,,,CALCULATED
2013-06-05T06:20:00Z,2013-06-05T12:20:42Z,,,,,,,,CALCULATED
2013-06-05T06:30:00Z,2013-06-05T12:30:42Z,,,,,,,,CALCULATED
2013-06-05T06:40:00Z,2013-06-05T12:40:42Z,,,,,,,,CALCULATED
2013-06-05T06:50:00Z,2013-06-05T12:50:42Z,,,,,,,,CALCULATED
2013-06-05T07:00:00Z,2013-06-05T13:00:42Z,,,,,,,,CALCULATED
2013-06-05T07:10:00Z,2013-06-05T13:10:42Z,,,,,,,,CALCULATED
2013-06-05T07:20:00Z,2013-06-05T13:20:42Z,,,,,,,,CALCULATED
2013-06-05T07:30:00Z,2013-06-05T13:30:42Z,,,,,,,,CALCULATED
2013-06-05T07:40:00Z,2013-06-05T13:40:42Z,,,,,,,,CALCULATED
2013-06-05T07:50:00Z,2013-06-05T13:50:42Z,,,,,,,,CALCULATED
2013-06-05T08:00:00Z,2013-06-05T14:00:42Z,,,,,,,,CALCULATED
2013-06-05T08:10:00Z,2013-06-05T14:10:42Z,,,,,,,,CALCULATED
2013-06-05T08:20:00Z,2013-06-05T14:20:42Z,,,,,,,,CALCULATED
2013-06-05T08:30:00Z,2013-06-05T14:30:42Z,,,,,,,,CALCULATED
2013-06-05T08:40:00Z,2013-06-05T14:40:42Z,,,,,,,,CALCULATED
2013-06-05T08:50:00Z,2013-06-05T14:50:42Z,,,,,,,,CALCULATED
2013-06-05T09:00:00Z,2013-06-05T15:00:42Z,,,,,,,,CALCULATED
2013-06-05T09:10:00Z,2013-06-05T15:10:42Z,,,,,,,,CALCULATED
2013-06-05T09:20:00Z,2013-06-05T15:20:42Z,,,,,,,,CALCULATED
2013-06-05T09:30:00Z,2013-06-05T15:30:42Z,,,,,,,,CALCULATED
2013-06-05T09:40:00Z,2013-06-05T15:40:42Z,,,,,,,,CALCULATED
2013-06-05T09:50:00Z,2013-06-05T15:50:42Z,,,,,,,,CALCULATED
2013-06-05T10:00:00Z,2013-06-05T16:00:42Z,,,,,,,,CALCULATED
2013-06-05T10:10:00Z,2013-06-05T16:10:42Z,,,,,,,,CALCULATED
2013-06-05T10:20:00Z,2013-06-05T16:20:42Z,,,,,,,,CALCULATED
2013-06-05T10:30:00Z,2013-06-05T16:30:42Z,,,,,,,,CALCULATED
2013-06-05T10:40:00Z,2013-06-05T16:40:42Z,,,,,,,,CALCULATED
2013-06-05T10:50:00Z,2013-06-05T16:50:42Z,,,,,,,,CALCULATED
2013-06-05T11:00:00Z,2013-06-05T17:00:42Z,,,,,,,,CALCULATED
2013-06-05T11:10:00Z,2013-06-05T17:10:42Z,,,,,,,,CALCULATED
2013-06-05T11:20:00Z,2013-06-05T17:20:42Z,,,,,,,,CALCULATED
2013-06-05T11:30:00Z,2013-06-05T17:30:42Z,,,,,,,,CALCULATED
2013-06-05T11:40:00Z,2013-06-05T17:40:42Z,,,,,,,,CALCULATED
2013-06-05T11:50:00Z,2013-06-05T17:50:42Z,,,,,,,,CALCULATED
2013-06-05T12:00:00Z,2013-06-05T18:00:42Z,,,,,,,,CALCULATED
2013-06-05T12:10:00Z,2013-06-05T18:10:42Z,,,,,,,,CALCULATED
2013-06-05T12:20:00Z,2013-06-05T18:20:42Z,,,,,,,,CALCULATED
2013-06-05T12:30:00Z,2013-06-05T18:30:42Z,,,,,,,,CALCULATED
2013-06-05T12:40:00Z,2013-06-05T18:40:42Z,,,,,,,,CALCULATED
2013-06-05T12:50:00Z,2013-06-05T18:50:42Z,,,,,,,,CALCULATED
2013-06-05T13:00:00Z,2013-06-05T19:00:42Z,,,,,,,,CALCULATED
2013-06-05T13:10:00Z,2013-06-05T19:10:42Z,,,,,,,,CALCULATED
2013-06-05T13:20:00Z,2013-06-05T19:20:42Z,,,,,,,,CALCULATED
2013-06-05T13:30:00Z,2013-06-05T19:30:42Z,,,,,,,,CALCULATED
2013-06-05T13:40:00Z,2013-06-05T19:40:42Z,,,,,,,,CALCULATED
2013-06-05T13:50:00Z,2013-06-05T19:50:42Z,,,,,,,,CALCULATED
2013-06-05T14:00:00Z,2013-06-05T20:00:42Z,,,,,,,,CALCULATED
2013-06-05T14:10:00Z,2013-06-05T20:10:42Z,,,,,,,,CALCULATED
2013-06-05T14:20:00Z,2013-06-05T20:20:42Z,,,,,,,,CALCULATED
2013-06-05T14:30:00Z,2013-06-05T20:30:42Z,,,,,,,,CALCULATED
2013-06-05T14:40:00Z,2013-06-05T20:40:42Z,,,,,,,,CALCULATED
2013-06-05T14:50:00Z,2013-06-05T20:50:42Z,,,,,,,,CALCULATED
2013-06-05T15:00:00Z,2013-06-05T21:00:42Z,,,,,,,,CALCULATED
2013-06-05T15:10:00Z,2013-06-05T21:10:42Z,,,,,,,,CALCULATED
2013-06-05T15:20:00Z,2013-06-05T21:20:42Z,,,,,,,,CALCULATED
2013-06-05T15:30:00Z,2013-06-05T21:30:42Z,,,,,,,,CALCULATED
2013-06-05T15:40:00Z,2013-06-05T21:40:42Z,,,,,,,,CALCULATED
2013-06-05T15:50:00Z,2013-06-05T21:50:42Z,,,,,,,,CALCULATED
2013-06-05T16:00:00Z,2013-06-05T22:00:42Z,,,,,,,,CALCULATED
2013-06-05T16:10:00Z,2013-06-05T22:10:42Z,,,,,,,,CALCULATED
2013-06-05T16:20:00Z,2013-06-05T22:20:42Z,,,,,,,,CALCULATED
2013-06-05T16:30:00Z,2013-06-05T22:30:42Z,,,,,,,,CALCULATED
2013-06-05T16:40:00Z,2013-06-05T22:40:42Z,,,,,,,,CALCULATED
2013-06-05T16:50:00Z,2013-06-05T22:50:42Z,,,,,,,,CALCULATED
2013-06-05T17:00:00Z,2013-06-05T23:00:42Z,,,,,,,,CALCULATED
2013-06-05T17:10:00Z,2013-06-05T23:10:42Z,,,,,,,,CALCULATED
2013-06-05T17:20:00Z,2013-06-05T23:20:42Z,,,,,,,,CALCULATED
2013-06-05T17:30:00Z,2013-06-05T23:30:42Z,,,,,,,,CALCULATED
2013-06-05T17:40:00Z,2013-06-05T23:40:42Z,,,,,,,,CALCULATED
2013-06-05T17:50:00Z,2013-06-05T23:50:42Z,,,,,,,,CALCULATED
2013-06-05T18:00:00Z,2013-06-06T00:00:42Z,,,,,,,,CALCULATED
2013-06-05T18:10:00Z,2013-06-06T00:10:31Z,,,,,,,,CALCULATED
2013-06-05T18:20:00Z,2013-06-06T00:20:31Z,,,,,,,,CALCULATED
2013-06-05T18:30:00Z,2013-06-06T00:30:31Z,,,,,,,,CALCULATED
2013-06-05T18:40:00Z,2013-06-06T00:40:31Z,,,,,,,,CALCULATED
2013-06-05T18:50:00Z,2013-06-06T00:50:31Z,,,,,,,,CALCULATED
2013-06-05T19:00:00Z,2013-06-06T01:00:31Z,,,,,,,,CALCULATED
2013-06-05T19:10:00Z,2013-06-06T01:10:31Z,,,,,,,,CALCULATED
2013-06-05T19:20:00Z,2013-06-06T01:20:31Z,,,,,,,,CALCULATED
2013-06-05T19:30:00Z,2013-06-06T01:30:31Z,,,,,,,,CALCULATED
2013-06-05T19:40:00Z,2013-06-06T01:40:31Z,,,,,,,,CALCULATED
2013-06-05T19:50:00Z,2013-06-06T01:50:31Z,,,,,,,,CALCULATED
2013-06-05T20:00:00Z,2013-06-06T02:00:31Z,,,,,,,,CALCULATED
2013-06-05T20:10:00Z,2013-06-06T02:10:31Z,,,,,,,,CALCULATED
2013-06-05T20:20:00Z,2013-06-06T02:20:31Z,,,,,,,,CALCULATED
2013-06-05T20:30:00Z,2013-06-06T02:30:31Z,,,,,,,,CALCULATED
2013-06-05T20:40:00Z,2013-06-06T02:40:31Z,,,,,,,,CALCULATED
2013-06-05T20:50:00Z,2013-06-06T02:50:31Z,,,,,,,,CALCULATED
2013-06-05T21:00:00Z,2013-06-06T03:00:31Z,,,,,,,,CALCULATED
2013-06-05T21:10:00Z,2013-06-06T03:10:31Z,,,,,,,,CALCULATED
2013-06-05T21:20:00Z,2013-06-06T03:20:31Z,,,,,,,,CALCULATED
2013-06-05T21:30:00Z,2013-06-06T03:30:31Z,,,,,,,,CALCULATED
2013-06-05T21:40:00Z,2013-06-06T03:40:31Z,,,,,,,,CALCULATED
2013-06-05T21:50:00Z,2013-06-06T03:50:31Z,,,,,,,,CALCULATED
2013-06-05T22:00:00Z,2013-06-06T04:00:31Z,,,,,,,,CALCULATED
2013-06-05T22:10:00Z,2013-06-06T04:10:31Z,,,,,,,,CALCULATED
2013-06-05T22:20:00Z,2013-06-06T04:20:31Z,,,,,,,,CALCULATED
2013-06-05T22:30:00Z,2013-06-06T04:30:31Z,,,,,,,,CALCULATED
2013-06-05T22:40:00Z,2013-06-06T04:40:31Z,,,,,,,,CALCULATED
2013-06-05T22:50:00Z,2013-06-06T04:50:31Z,,,,,,,,CALCULATED
2013-06-05T23:00:00Z,2013-06-06T05:00:31Z,,,,,,,,CALCULATED
2013-06-05T23:10:00Z,2013-06-06T05:10:31Z,,,,,,,,CALCULATED
2013-06-05T23:20:00Z,2013-06-06T05:20:31Z,,,,,,,,CALCULATED
2013-06-05T23:30:00Z,2013-06-06T05:30:31Z,,,,,,,,CALCULATED
2013-06-05T23:40:00Z,2013-06-06T05:40:31Z,,,,,,,,CALCULATED
2013-06-05T23:50:00Z,2013-06-06T05:50:31Z,,,,,,,,CALCULATED
2013-06-06T00:00:00Z,2013-06-06T06:00:31Z,,,,,,,,CALCULATED
2013-06-06T00:10:00Z,2013-06-06T06:10:31Z,,,,,,,,CALCULATED
2013-06-06T00:20:00Z,2013-06-06T06:20:31Z,,,,,,,,CALCULATED
2013-06-06T00:30:00Z,2013-06-06T06:30:31Z,,,,,,,,CALCULATED
2013-06-06T00:40:00Z,2013-06-06T06:40:31Z,,,,,,,,CALCULATED
2013-06-06T00:50:00Z,2013-06-06T06:50:31Z,,,,,,,,CALCULATED
2013-06-06T01:00:00Z,2013-06-06T07:00:31Z,,,,,,,,CALCULATED
2013-06-06T01:10:00Z,2013-06-06T07:10:31Z,,,,,,,,CALCULATED
2013-06-06T01:20:00Z,2013-06-06T07:20:31Z,,,,,,,,CALCULATED
2013-06-06T01:30:00Z,2013-06-06T07:30:31Z,,,,,,,,CALCULATED
2013-06-06T01:40:00Z,2013-06-06T07:40:31Z,,,,,,,,CALCULATED
2013-06-06T01:50:00Z,2013-06-06T07:50:31Z,,,,,,,,CALCULATED
2013-06-06T02:00:00Z,2013-06-06T08:00:31Z,,,,,,,,CALCULATED
2013-06-06T02:10:00Z,2013-06-06T08:10:31Z,,,,,,,,CALCULATED
2013-06-06T02:20:00Z,2013-06-06T08:20:31Z,,,,,,,,CALCULATED
2013-06-06T02:30:00Z,2013-06-06T08:30:31Z,,,,,,,,CALCULATED
2013-06-06T02:40:00Z,2013-06-06T08:40:31Z,,,,,,,,CALCULATED
2013-06-06T02:50:00Z,2013-06-06T08:50:31Z,,,,,,,,CALCULATED
2013-06-06T03:00:00Z,2013-06-06T09:00:31Z,,,,,,,,CALCULATED
2013-06-06T03:10:00Z,2013-06-06T09:10:31Z,,,,,,,,CALCULATED
2013-06-06T03:20:00Z,2013-06-06T09:20:31Z,,,,,,,,CALCULATED
2013-06-06T03:30:00Z,2013-06-06T09:30:31Z,,,,,,,,CALCULATED
2013-06-06T03:40:00Z,2013-06-06T09:40:31Z,,,,,,,,CALCULATED
2013-06-06T03:50:00Z,2013-06-06T09:50:31Z,,,,,,,,CALCULATED
2013-06-06T04:00:00Z,2013-06-06T10:00:31Z,,,,,,,,CALCULATED
2013-06-06T04:10:00Z,2013-06-06T10:10:31Z,,,,,,,,CALCULATED
2013-06-06T04:20:00Z,2013-06-06T10:20:31Z,,,,,,,,CALCULATED
2013-06-06T04:30:00Z,2013-06-06T10:30:31Z,,,,,,,,CALCULATED
2013-06-06T04:40:00Z,2013-06-06T10:40:31Z,,,,,,,,CALCULATED
2013-06-06T04:50:00Z,2013-06-06T10:50:31Z,,,,,,,,CALCULATED
2013-06-06T05:00:00Z,2013-06-06T11:00:31Z,,,,,,,,CALCULATED
2013-06-06T05:10:00Z,2013-06-06T11:10:31Z,,,,,,,,CALCULATED
2013-06-06T05:20:00Z,2013-06-06T11:20:31Z,,,,,,,,CALCULATED
2013-06-06T05:30:00Z,2013-06-06T11:30:31Z,,,,,,,,CALCULATED
2013-06-06T05:40:00Z,2013-06-06T11:40:31Z,,,,,,,,CALCULATED
2013-06-06T05:50:00Z,2013-06-06T11:50:31Z,,,,,,,,CALCULATED
2013-06-06T06:00:00Z,2013-06-06T12:00:31Z,,,,,,,,CALCULATED
2013-06-06T06:10:00Z,2013-06-06T12:10:31Z,,,,,,,,CALCULATED
2013-06-06T06:20:00Z,2013-06-06T12:20:31Z,,,,,,,,CALCULATED
2013-06-06T06:30:00Z,2013-06-06T12:30:31Z,,,,,,,,CALCULATED
2013-06-06T06:40:00Z,2013-06-06T12:40:31Z,,,,,,,,CALCULATED
2013-06-06T06:50:00Z,2013-06-06T12:50:31Z,,,,,,,,CALCULATED
2013-06-06T07:00:00Z,2013-06-06T13:00:31Z,,,,,,,,CALCULATED
2013-06-06T07:10:00Z,2013-06-06T13:10:31Z,,,,,,,,CALCULATED
2013-06-06T07:20:00Z,2013-06-06T13:20:31Z,,,,,,,,CALCULATED
2013-06-06T07:30:00Z,2013-06-06T13:30:31Z,,,,,,,,CALCULATED
2013-06-06T07:40:00Z,2013-06-06T13:40:31Z,,,,,,,,CALCULATED
2013-06-06T07:50:00Z,2013-06-06T13:50:31Z,,,,,,,,CALCULATED
2013-06-06T08:00:00Z,2013-06-06T14:00:31Z,,,,,,,,CALCULATED
2013-06-06T08:10:00Z,2013-06-06T14:10:31Z,,,,,,,,CALCULATED
2013-06-06T08:20:00Z,2013-06-06T14:20:31Z,,,,,,,,CALCULATED
2013-06-06T08:30:00Z,2013-06-06T14:30:31Z,,,,,,,,CALCULATED
2013-06-06T08:40:00Z,2013-06-06T14:40:31Z,,,,,,,,CALCULATED
2013-06-06T08:50:00Z,2013-06-06T14:50:31Z,,,,,,,,CALCULATED
2013-06-06T09:00:00Z,2013-06-06T15:00:31Z,,,,,,,,CALCULATED
2013-06-06T09:10:00Z,2013-06-06T15:10:31Z,,,,,,,,CALCULATED
2013-06-06T09:20:00Z,2013-06-06T15:20:31Z,,,,,,,,CALCULATED
2013-06-06T09:30:00Z,2013-06-06T15:30:31Z,,,,,,,,CALCULATED
2013-06-06T09:40:00Z,2013-06-06T15:40:31Z,,,,,,,,CALCULATED
2013-06-06T09:50:00Z,2013-06-06T15:50:31Z,,,,,,,,CALCULATED
2013-06-06T10:00:00Z,2013-06-06T16:00:31Z,,,,,,,,CALCULATED
2013-06-06T10:10:00Z,2013-06-06T16:10:31Z,,,,,,,,CALCULATED
2013-06-06T10:20:00Z,2013-06-06T16:20:31Z,,,,,,,,CALCULATED
2013-06-06T10:30:00Z,2013-06-06T16:30:31Z,,,,,,,,CALCULATED
2013-06-06T10:40:00Z,2013-06-06T16:40:31Z,,,,,,,,CALCULATED
2013-06-06T10:50:00Z,2013-06-06T16:50:31Z,,,,,,,,CALCULATED
2013-06-06T11:00:00Z,2013-06-06T17:00:31Z,,,,,,,,CALCULATED
2013-06-06T11:10:00Z,2013-06-06T17:10:31Z,,,,,,,,CALCULATED
2013-06-06T11:20:00Z,2013-06-06T17:20:31Z,,,,,,,,CALCULATED
2013-06-06T11:30:00Z,2013-06-06T17:30:31Z,,,,,,,,CALCULATED
2013-06-06T11:40:00Z,2013-06-06T17:40:31Z,,,,,,,,CALCULATED
2013-06-06T11:50:00Z,2013-06-06T17:50:31Z,,,,,,,,CALCULATED
2013-06-06T12:00:00Z,2013-06-06T18:00:31Z,,,,,,,,CALCULATED
2013-06-06T12:10:00Z,2013-06-06T18:10:31Z,,,,,,,,CALCULATED
2013-06-06T12:20:00Z,2013-06-06T18:20:31Z,,,,,,,,CALCULATED
2013-06-06T12:30:00Z,2013-06-06T18:30:31Z,,,,,,,,CALCULATED
2013-06-06T12:40:00Z,2013-06-06T18:40:31Z,,,,,,,,CALCULATED
2013-06-06T12:50:00Z,2013-06-06T18:50:31Z,,,,,,,,CALCULATED
2013-06-06T13:00:00Z,2013-06-06T19:00:31Z,,,,,,,,CALCULATED
2013-06-06T13:10:00Z,2013-06-06T19:10:31Z,,,,,,,,CALCULATED
2013-06-06T13:20:00Z,2013-06-06T19:20:31Z,,,,,,,,CALCULATED
2013-06-06T13:30:00Z,2013-06-06T19:30:31Z,,,,,,,,CALCULATED
2013-06-06T13:40:00Z,2013-06-06T19:40:31Z,,,,,,,,CALCULATED
2013-06-06T13:50:00Z,2013-06-06T19:50:31Z,,,,,,,,CALCULATED
2013-06-06T14:00:00Z,2013-06-06T20:00:31Z,,,,,,,,CALCULATED
2013-06-06T14:10:00Z,2013-06-06T20:10:31Z,,,,,,,,CALCULATED
2013-06-06T14:20:00Z,2013-06-06T20:20:31Z,,,,,,,,CALCULATED
2013-06-06T14:30:00Z,2013-06-06T20:30:31Z,,,,,,,,CALCULATED
2013-06-06T14:40:00Z,2013-06-06T20:40:31Z,,,,,,,,CALCULATED
2013-06-06T14:50:00Z,2013-06-06T20:50:31Z,,,,,,,,CALCULATED
2013-06-06T15:00:00Z,2013-06-06T21:00:31Z,,,,,,,,CALCULATED
2013-06-06T15:10:00Z,2013-06-06T21:10:31Z,,,,,,,,CALCULATED
2013-06-06T15:20:00Z,2013-06-06T21:20:31Z,,,,,,,,CALCULATED
2013-06-06T15:30:00Z,2013-06-06T21:30:31Z,,,,,,,,CALCULATED
2013-06-06T15:40:00Z,2013-06-06T21:40:31Z,,,,,,,,CALCULATED
2013-06-06T15:50:00Z,2013-06-06T21:50:31Z,,,,,,,,CALCULATED
2013-06-06T16:00:00Z,2013-06-06T22:00:31Z,,,,,,,,CALCULATED
2013-06-06T16:10:00Z,2013-06-06T22:10:31Z,,,,,,,,CALCULATED
2013-06-06T16:20:00Z,2013-06-06T22:20:31Z,,,,,,,,CALCULATED
2013-06-06T16:30:00Z,2013-06-06T22:30:31Z,,,,,,,,CALCULATED
2013-06-06T16:40:00Z,2013-06-06T22:40:31Z,,,,,,,,CALCULATED
2013-06-06T16:50:00Z,2013-06-06T22:50:31Z,,,,,,,,CALCULATED
2013-06-06T17:00:00Z,2013-06-06T23:00:31Z,,,,,,,,CALCULATED
2013-06-06T17:10:00Z,2013-06-06T23:10:31Z,,,,,,,,CALCULATED
2013-06-06T17:20:00Z,2013-06-06T23:20:31Z,,,,,,,,CALCULATED
2013-06-06T17:30:00Z,2013-06-06T23:30:31Z,,,,,,,,CALCULATED
2013-06-06T17:40:00Z,2013-06-06T23:40:31Z,,,,,,,,CALCULATED
2013-06-06T17:50:00Z,2013-06-06T23:50:31Z,,,,,,,OUT_WARN,CALCULATED
2013-06-06T18:00:00Z,2013-06-07T00:00:31Z,,,,,,,,CALCULATED
2013-06-06T18:10:00Z,2013-06-07T00:10:20Z,,,,,,,,CALCULATED
2013-06-06T18:20:00Z,2013-06-07T00:20:20Z,,,,,,,,CALCULATED
2013-06-06T18:30:00Z,2013-06-07T00:30:20Z,,,,,,,,CALCULATED
2013-06-06T18:40:00Z,2013-06-07T00:40:20Z,,,,,,,,CALCULATED
2013-06-06T18:50:00Z,2013-06-07T00:50:20Z,,,,,,,,CALCULATED
2013-06-06T19:00:00Z,2013-06-07T01:00:20Z,,,,,,,,CALCULATED
2013-06-06T19:10:00Z,2013-06-07T01:10:20Z,,,,,,,,CALCULATED
2013-06-06T19:20:00Z,2013-06-07T01:20:20Z,,,,,,,,CALCULATED
2013-06-06T19:30:00Z,2013-06-07T01:30:20Z,,,,,,,,CALCULATED
2013-06-06T19:40:00Z,2013-06-07T01:40:20Z,,,,,,,,CALCULATED
2013-06-06T19:50:00Z,2013-06-07T01:50:20Z,,,,,,,,CALCULATED
2013-06-06T20:00:00Z,2013-06-07T02:00:20Z,,,,,,,,CALCULATED
2013-06-06T20:10:00Z,2013-06-07T02:10:20Z,,,,,,,,CALCULATED
2013-06-06T20:20:00Z,2013-06-07T02:20:20Z,,,,,,,,CALCULATED
2013-06-06T20:30:00Z,2013-06-07T02:30:20Z,,,,,,,,CALCULATED
2013-06-06T20:40:00Z,2013-06-07T02:40:20Z,,,,,,,,CALCULATED
2013-06-06T20:50:00Z,2013-06-07T02:50:20Z,,,,,,,,CALCULATED
2013-06-06T21:00:00Z,2013-06-07T03:00:20Z,,,,,,,,CALCULATED
2013-06-06T21:10:00Z,2013-06-07T03:10:20Z,,,,,,,,CALCULATED
2013-06-06T21:20:00Z,2013-06-07T03:20:20Z,,,,,,,,CALCULATED
2013-06-06T21:30:00Z,2013-06-07T03:30:20Z,,,,,,,,CALCULATED
2013-06-06T21:40:00Z,2013-06-07T03:40:20Z,,,,,,,OUT_WARN,CALCULATED
2013-06-06T21:50:00Z,2013-06-07T03:50:20Z,,,,,,,,CALCULATED
2013-06-06T22:00:00Z,2013-06-07T04:00:20Z,,,,,,,,CALCULATED
2013-06-06T22:10:00Z,2013-06-07T04:10:20Z,,,,,,,,CALCULATED
2013-06-06T22:20:00Z,2013-06-07T04:20:20Z,,,,,,,,CALCULATED
2013-06-06T22:30:00Z,2013-06-07T04:30:20Z,,,,,,,,CALCULATED
2013-06-06T22:40:00Z,2013-06-07T04:40:20Z,,,,,,,,CALCULATED
2013-06-06T22:50:00Z,2013-06-07T04:50:20Z,,,,,,,,CALCULATED
2013-06-06T23:00:00Z,2013-06-07T05:00:20Z,,,,,,,,CALCULATED
2013-06-06T23:10:00Z,2013-06-07T05:10:20Z,,,,,,,,CALCULATED
2013-06-06T23:20:00Z,2013-06-07T05:20:20Z,,,,,,,,CALCULATED
2013-06-06T23:30:00Z,2013-06-07T05:30:20Z,,,,,,,,CALCULATED
2013-06-06T23:40:00Z,2013-06-07T05:40:20Z,,,,,,,,CALCULATED
2013-06-06T23:50:00Z,2013-06-07T05:50:20Z,,,,,,,,CALCULATED
2013-06-07T00:00:00Z,2013-06-07T06:00:20Z,,,,,,,,CALCULATED
2013-06-07T00:10:00Z,2013-06-07T06:10:20Z,,,,,,,,CALCULATED
2013-06-07T00:20:00Z,2013-06-07T06:20:20Z,,,,,,,,CALCULATED
2013-06-07T00:30:00Z,2013-06-07T06:30:20Z,,,,,,,,CALCULATED
2013-06-07T00:40:00Z,2013-06-07T06:40:20Z,,,,,,,,CALCULATED
2013-06-07T00:50:00Z,2013-06-07T06:50:20Z,,,,,,,,CALCULATED
2013-06-07T01:00:00Z,2013-06-07T07:00:20Z,,,,,,,,CALCULATED
2013-06-07T01:10:00Z,2013-06-07T07:10:20Z,,,,,,,,CALCULATED
2013-06-07T01:20:00Z,2013-06-07T07:20:20Z,,,,,,,,CALCULATED
2013-06-07T01:30:00Z,2013-06-07T07:30:20Z,,,,,,,,CALCULATED
2013-06-07T01:40:00Z,2013-06-07T07:40:20Z,,,,,,,,CALCULATED
2013-06-07T01:50:00Z,2013-06-07T07:50:20Z,,,,,,,,CALCULATED
2013-06-07T02:00:00Z,2013-06-07T08:00:20Z,,,,,,,,CALCULATED
2013-06-07T02:10:00Z,2013-06-07T08:10:20Z,,,,,,,,CALCULATED
2013-06-07T02:20:00Z,2013-06-07T08:20:20Z,,,,,,,,CALCULATED
2013-06-07T02:30:00Z,2013-06-07T08:30:20Z,,,,,,,,CALCULATED
2013-06-07T02:40:00Z,2013-06-07T08:40:20Z,,,,,,,,CALCULATED
2013-06-07T02:50:00Z,2013-06-07T08:50:20Z,,,,,,,,CALCULATED
2013-06-07T03:00:00Z,2013-06-07T09:00:20Z,,,,,,,,CALCULATED
2013-06-07T03:10:00Z,2013-06-07T09:10:20Z,,,,,,,,CALCULATED
2013-06-07T03:20:00Z,2013-06-07T09:20:20Z,,,,,,,,CALCULATED
2013-06-07T03:30:00Z,2013-06-07T09:30:20Z,,,,,,,,CALCULATED
2013-06-07T03:40:00Z,2013-06-07T09:40:20Z,,,,,,,,CALCULATED
2013-06-07T03:50:00Z,2013-06-07T09:50:20Z,,,,,,,,CALCULATED
2013-06-07T04:00:00Z,2013-06-07T10:00:20Z,,,,,,,,CALCULATED
2013-06-07T04:10:00Z,2013-06-07T10:10:20Z,,,,,,,,CALCULATED
2013-06-07T04:20:00Z,2013-06-07T10:20:20Z,,,,,,,,CALCULATED
2013-06-07T04:30:00Z,2013-06-07T10:30:20Z,,,,,,,,CALCULATED
2013-06-07T04:40:00Z,2013-06-07T10:40:20Z,,,,,,,,CALCULATED
2013-06-07T04:50:00Z,2013-06-07T10:50:20Z,,,,,,,,CALCULATED
2013-06-07T05:00:00Z,2013-06-07T11:00:20Z,,,,,,,,CALCULATED
2013-06-07T05:10:00Z,2013-06-07T11:10:20Z,,,,,,,,CALCULATED
2013-06-07T05:20:00Z,2013-06-07T11:20:20Z,,,,,,,,CALCULATED
2013-06-07T05:30:00Z,2013-06-07T11:30:20Z,,,,,,,,CALCULATED
2013-06-07T05:40:00Z,2013-06-07T11:40:20Z,,,,,,,,CALCULATED
2013-06-07T05:50:00Z,2013-06-07T11:50:20Z,,,,,,,,CALCULATED
2013-06-07T06:00:00Z,2013-06-07T12:00:20Z,,,,,,,,CALCULATED
2013-06-07T06:10:00Z,2013-06-07T12:10:20Z,,,,,,,,CALCULATED
2013-06-07T06:20:00Z,2013-06-07T12:20:20Z,,,,,,,,CALCULATED
2013-06-07T06:30:00Z,2013-06-07T12:30:20Z,,,,,,,,CALCULATED
2013-06-07T06:40:00Z,2013-06-07T12:40:20Z,,,,,,,,CALCULATED
2013-06-07T06:50:00Z,2013-06-07T12:50:20Z,,,,,RANGE_WARN,,,CALCULATED
2013-06-07T07:00:00Z,2013-06-07T13:00:20Z,,,,,,,,CALCULATED
2013-06-07T07:10:00Z,2013-06-07T13:10:20Z,,,,,RANGE_WARN,,,CALCULATED
2013-06-07T07:20:00Z,2013-06-07T13:20:20Z,,,,,,,,CALCULATED
2013-06-07T07:30:00Z,2013-06-07T13:30:20Z,,,,,,,,CALCULATED
2013-06-07T07:40:00Z,2013-06-07T13:40:20Z,,,,,,,,CALCULATED
2013-06-07T07:50:00Z,2013-06-07T13:50:20Z,,,,,,,,CALCULATED
2013-06-07T08:00:00Z,2013-06-07T14:00:20Z,,,,,RANGE_WARN,,,CALCULATED
2013-06-07T08:10:00Z,2013-06-07T14:10:20Z,,,,,RANGE_WARN,,,CALCULATED
2013-06-07T08:20:00Z,2013-06-07T14:20:20Z,,,,,,,,CALCULATED
2013-06-07T08:30:00Z,2013-06-07T14:30:20Z,,,,,,,,CALCULATED
2013-06-07T08:40:00Z,2013-06-07T14:40:20Z,,,,,,,,CALCULATED
2013-06-07T08:50:00Z,2013-06-07T14:50:20Z,,,,,,,,CALCULATED
2013-06-07T09:00:00Z,2013-06-07T15:00:20Z,,,,,,,,CALCULATED
2013-06-07T09:10:00Z,2013-06-07T15:10:20Z,,,,,,,,CALCULATED
2013-06-07T09:20:00Z,2013-06-07T15:20:20Z,,,,,,,,CALCULATED
2013-06-07T09:30:00Z,2013-06-07T15:30:20Z,,,,,,,,CALCULATED
2013-06-07T09:40:00Z,2013-06-07T15:40:20Z,,,,,,,,CALCULATED
2013-06-07T09:50:00Z,2013-06-07T15:50:20Z,,,,,,,,CALCULATED
2013-06-07T10:00:00Z,2013-06-07T16:00:20Z,,,,,,,,CALCULATED
2013-06-07T10:10:00Z,2013-06-07T16:10:20Z,,,,,,,,CALCULATED
2013-06-07T10:20:00Z,2013-06-07T16:20:20Z,,,,,,,,CALCULATED
2013-06-07T10:30:00Z,2013-06-07T16:30:20Z,,,,,,,,CALCULATED
2013-06-07T10:40:00Z,2013-06-07T16:40:20Z,,,,,,,,CALCULATED
2013-06-07T10:50:00Z,2013-06-07T16:50:20Z,,,,,,,,CALCULATED
2013-06-07T11:00:00Z,2013-06-07T17:00:20Z,,,,,,,,CALCULATED
2013-06-07T11:10:00Z,2013-06-07T17:10:20Z,,,,,,,,CALCULATED
2013-06-07T11:20:00Z,2013-06-07T17:20:20Z,,,,,,,,CALCULATED
2013-06-07T11:30:00Z,2013-06-07T17:30:20Z,,,,,,,,CALCULATED
2013-06-07T11:40:00Z,2013-06-07T17:40:20Z,,,,,,,,CALCULATED
2013-06-07T11:50:00Z,2013-06-07T17:50:20Z,,,,,,,,CALCULATED
2013-06-07T12:00:00Z,2013-06-07T18:00:20Z,,,,,,,,CALCULATED
2013-06-07T12:10:00Z,2013-06-07T18:10:20Z,,,,,,,,CALCULATED
2013-06-07T12:20:00Z,2013-06-07T18:20:20Z,,,,,,,,CALCULATED
2013-06-07T12:30:00Z,2013-06-07T18:30:20Z,,,,,,,,CALCULATED
2013-06-07T12:40:00Z,2013-06-07T18:40:20Z,,,,,,,,CALCULATED
2013-06-07T12:50:00Z,2013-06-07T18:50:20Z,,,,,,,,CALCULATED
2013-06-07T13:00:00Z,2013-06-07T19:00:20Z,,,,,,,,CALCULATED
2013-06-07T13:10:00Z,2013-06-07T19:10:20Z,,,,,,,,CALCULATED
2013-06-07T13:20:00Z,2013-06-07T19:20:20Z,,,,,,,,CALCULATED
2013-06-07T13:30:00Z,2013-06-07T19:30:20Z,,,,,,,,CALCULATED
2013-06-07T13:40:00Z,2013-06-07T19:40:20Z,,,,,,,,CALCULATED
2013-06-07T13:50:00Z,2013-06-07T19:50:20Z,,,,,,,,CALCULATED
2013-06-07T14:00:00Z,2013-06-07T20:00:20Z,,,,,,,,CALCULATED
2013-06-07T14:10:00Z,2013-06-07T20:10:20Z,,,,,,,,CALCULATED
2013-06-07T14:20:00Z,2013-06-07T20:20:20Z,,,,,,,,CALCULATED
2013-06-07T14:30:00Z,2013-06-07T20:30:20Z,,,,,,,,CALCULATED
2013-06-07T14:40:00Z,2013-06-07T20:40:20Z,,,,,,,,CALCULATED
2013-06-07T14:50:00Z,2013-06-07T20:50:20Z,,,,,,,,CALCULATED
2013-06-07T15:00:00Z,2013-06-07T21:00:20Z,,,,,,,,CALCULATED
2013-06-07T15:10:00Z,2013-06-07T21:10:20Z,,,,,,,,CALCULATED
2013-06-07T15:20:00Z,2013-06-07T21:20:20Z,,,,,,,,CALCULATED
2013-06-07T15:30:00Z,2013-06-07T21:30:20Z,,,,,,,,CALCULATED
2013-06-07T15:40:00Z,2013-06-07T21:40:20Z,,,,,,,,CALCULATED
2013-06-07T15:50:00Z,2013-06-07T21:50:20Z,,,,,,,,CALCULATED
2013-06-07T16:00:00Z,2013-06-07T22:00:20Z,,,,,,,,CALCULATED
2013-06-07T16:10:00Z,2013-06-07T22:10:20Z,,,,,,,,CALCULATED
2013-06-07T16:20:00Z,2013-06-07T22:20:20Z,,,,,,,,CALCULATED
2013-06-07T16:30:00Z,2013-06-07T22:30:20Z,,,,,,,,CALCULATED
2013-06-07T16:40:00Z,2013-06-07T22:40:20Z,,,,,,,,CALCULATED
2013-06-07T16:50:00Z,2013-06-07T22:50:20Z,,,,,,,,CALCULATED
2013-06-07T17:00:00Z,2013-06-07T23:00:20Z,,,,,,,,CALCULATED
2013-06-07T17:10:00Z,2013-06-07T23:10:20Z,,,,,,,,CALCULATED
2013-06-07T17:20:00Z,2013-06-07T23:20:20Z,,,,,,,,CALCULATED
2013-06-07T17:30:00Z,2013-06-07T23:30:20Z,,,,,,,,CALCULATED
2013-06-07T17:40:00Z,2013-06-07T23:40:20Z,,,,,,,,CALCULATED
2013-06-07T17:50:00Z,2013-06-07T23:50:20Z,,,,,,,,CALCULATED
2013-06-07T18:00:00Z,2013-06-08T00:00:20Z,,,,,,,,CALCULATED
2013-06-07T18:10:00Z,2013-06-08T00:10:09Z,,,,,,,,CALCULATED
2013-06-07T18:20:00Z,2013-06-08T00:20:09Z,,,,,,,,CALCULATED
2013-06-07T18:30:00Z,2013-06-08T00:30:09Z,,,,,,,,CALCULATED
2013-06-07T18:40:00Z,2013-06-08T00:40:09Z,,,,,,OUT_WARN,,CALCULATED
2013-06-07T18:50:00Z,2013-06-08T00:50:09Z,,,,,,OUT_WARN,,CALCULATED
2013-06-07T19:00:00Z,2013-06-08T01:00:09Z,,,,,,OUT_WARN,,CALCULATED
2013-06-07T19:10:00Z,2013-06-08T01:10:09Z,,,,,,OUT_WARN,,CALCULATED
2013-06-07T19:20:00Z,2013-06-08T01:20:09Z,,,,,,OUT_WARN,,CALCULATED
2013-06-07T19:30:00Z,2013-06-08T01:30:09Z,,,,,,,,CALCULATED
2013-06-07T19:40:00Z,2013-06-08T01:40:09Z,,,,,,,,CALCULATED
2013-06-07T19:50:00Z,2013-06-08T01:50:09Z,,,,,,,,CALCULATED
2013-06-07T20:00:00Z,2013-06-08T02:00:09Z,,,,,,,,CALCULATED
2013-06-07T20:10:00Z,2013-06-08T02:10:09Z,,,,,,,,CALCULATED
2013-06-07T20:20:00Z,2013-06-08T02:20:09Z,,,,,,,,CALCULATED
2013-06-07T20:30:00Z,2013-06-08T02:30:09Z,,,,,,,,CALCULATED
2013-06-07T20:40:00Z,2013-06-08T02:40:09Z,,,,,,,,CALCULATED
2013-06-07T20:50:00Z,2013-06-08T02:50:09Z,,,,,,,,CALCULATED
2013-06-07T21:00:00Z,2013-06-08T03:00:09Z,,,,,,,,CALCULATED
2013-06-07T21:10:00Z,2013-06-08T03:10:09Z,,,,,,,,CALCULATED
2013-06-07T21:20:00Z,2013-06-08T03:20:09Z,,,,,,,,CALCULATED
2013-06-07T21:30:00Z,2013-06-08T03:30:09Z,,,,,,,,CALCULATED
2013-06-07T21:40:00Z,2013-06-08T03:40:09Z,,,,,,,,CALCULATED
2013-06-07T21:50:00Z,2013-06-08T03:50:09Z,,,,,,,,CALCULATED
2013-06-07T22:00:00Z,2013-06-08T04:00:09Z,,,,,,,,CALCULATED
2013-06-07T22:10:00Z,2013-06-08T04:10:09Z,,,,,,,,CALCULATED
2013-06-07T22:20:00Z,2013-06-08T04:20:09Z,,,,,,,,CALCULATED
2013-06-07T22:30:00Z,2013-06-08T04:30:09Z,,,,,,,,CALCULATED
2013-06-07T22:40:00Z,2013-06-08T04:40:09Z,,,,,,,,CALCULATED
2013-06-07T22:50:00Z,2013-06-08T04:50:09Z,,,,,,,,CALCULATED
2013-06-07T23:00:00Z,2013-06-08T05:00:09Z,,,,,,,,CALCULATED
2013-06-07T23:10:00Z,2013-06-08T05:10:09Z,,,,,,,,CALCULATED
2013-06-07T23:20:00Z,2013-06-08T05:20:09Z,,,,,,,,CALCULATED
2013-06-07T23:30:00Z,2013-06-08T05:30:09Z,,,,,,,,CALCULATED
2013-06-07T23:40:00Z,2013-06-08T05:40:09Z,,,,,,,,CALCULATED
2013-06-07T23:50:00Z,2013-06-08T05:50:09Z,,,,,,OUT_WARN,,CALCULATED
2013-06-08T00:00:00Z,2013-06-08T06:00:09Z,,,,,,,,CALCULATED
2013-06-08T00:10:00Z,2013-06-08T06:10:09Z,,,,,,,,CALCULATED
2013-06-08T00:20:00Z,2013-06-08T06:20:09Z,,,,,,,,CALCULATED
2013-06-08T00:30:00Z,2013-06-08T06:30:09Z,,,,,,,,CALCULATED
2013-06-08T00:40:00Z,2013-06-08T06:40:09Z,,,,,,,,CALCULATED
2013-06-08T00:50:00Z,2013-06-08T06:50:09Z,,,,,,,,CALCULATED
2013-06-08T01:00:00Z,2013-06-08T07:00:09Z,,,,,,,,CALCULATED
2013-06-08T01:10:00Z,2013-06-08T07:10:09Z,,,,,,,,CALCULATED
2013-06-08T01:20:00Z,2013-06-08T07:20:09Z,,,,,,,,CALCULATED
2013-06-08T01:30:00Z,2013-06-08T07:30:09Z,,,,,,,,CALCULATED
2013-06-08T01:40:00Z,2013-06-08T07:40:09Z,,,,,,,,CALCULATED
2013-06-08T01:50:00Z,2013-06-08T07:50:09Z,,,,,,,,CALCULATED
2013-06-08T02:00:00Z,2013-06-08T08:00:09Z,,,,,,,,CALCULATED
2013-06-08T02:10:00Z,2013-06-08T08:10:09Z,,,,,,,,CALCULATED
2013-06-08T02:20:00Z,2013-06-08T08:20:09Z,,,,,,,,CALCULATED
2013-06-08T02:30:00Z,2013-06-08T08:30:09Z,,,,,,,,CALCULATED
2013-06-08T02:40:00Z,2013-06-08T08:40:09Z,,,,,,,,CALCULATED
2013-06-08T02:50:00Z,2013-06-08T08:50:09Z,,,,,,,,CALCULATED
2013-06-08T03:00:00Z,2013-06-08T09:00:09Z,,,,,,,,CALCULATED
2013-06-08T03:10:00Z,2013-06-08T09:10:09Z,,,,,,,,CALCULATED
2013-06-08T03:20:00Z,2013-06-08T09:20:09Z,,,,,,,,CALCULATED
2013-06-08T03:30:00Z,2013-06-08T09:30:09Z,,,,,,,,CALCULATED
2013-06-08T03:40:00Z,2013-06-08T09:40:09Z,,,,,,,,CALCULATED
2013-06-08T03:50:00Z,2013-06-08T09:50:09Z,,,,,,,,CALCULATED
2013-06-08T04:00:00Z,2013-06-08T10:00:09Z,,,,,,,,CALCULATED
2013-06-08T04:10:00Z,2013-06-08T10:10:09Z,,,,,,,,CALCULATED
2013-06-08T04:20:00Z,2013-06-08T10:20:09Z,,,,,,,,CALCULATED
2013-06-08T04:30:00Z,2013-06-08T10:30:09Z,,,,,,,,CALCULATED
2013-06-08T04:40:00Z,2013-06-08T10:40:09Z,,,,,,,,CALCULATED
2013-06-08T04:50:00Z,2013-06-08T10:50:09Z,,,,,,,,CALCULATED
2013-06-08T05:00:00Z,2013-06-08T11:00:09Z,,,,,,,,CALCULATED
2013-06-08T05:10:00Z,2013-06-08T11:10:09Z,,,,,,,,CALCULATED
2013-06-08T05:20:00Z,2013-06-08T11:20:09Z,,,,,,,,CALCULATED
2013-06-08T05:30:00Z,2013-06-08T11:30:09Z,,,,,,,,CALCULATED
2013-06-08T05:40:00Z,2013-06-08T11:40:09Z,,,,,,,,CALCULATED
2013-06-08T05:50:00Z,2013-06-08T11:50:09Z,,,,,,,,CALCULATED
2013-06-08T06:00:00Z,2013-06-08T12:00:09Z,,,,,,,,CALCULATED
2013-06-08T06:10:00Z,2013-06-08T12:10:09Z,,,,,,,,CALCULATED
2013-06-08T06:20:00Z,2013-06-08T12:20:09Z,,,,,,,,CALCULATED
2013-06-08T06:30:00Z,2013-06-08T12:30:09Z,,,,,,,,CALCULATED
2013-06-08T06:40:00Z,2013-06-08T12:40:09Z,,,,,,,,CALCULATED
2013-06-08T06:50:00Z,2013-06-08T12:50:09Z,,,,,,,,CALCULATED
2013-06-08T07:00:00Z,2013-06-08T13:00:09Z,,,,,,,,CALCULATED
2013-06-08T07:10:00Z,2013-06-08T13:10:09Z,,,,,,,,CALCULATED
2013-06-08T07:20:00Z,2013-06-08T13:20:09Z,,,,,,,,CALCULATED
2013-06-08T07:30:00Z,2013-06-08T13:30:09Z,,,,,,,,CALCULATED
2013-06-08T07:40:00Z,2013-06-08T13:40:09Z,,,,,,,,CALCULATED
2013-06-08T07:50:00Z,2013-06-08T13:50:09Z,,,,,,,,CALCULATED
2013-06-08T08:00:00Z,2013-06-08T14:00:09Z,,,,,,,,CALCULATED
2013-06-08T08:10:00Z,2013-06-08T14:10:09Z,,,,,,,,CALCULATED
2013-06-08T08:20:00Z,2013-06-08T14:20:09Z,,,,,,,,CALCULATED
2013-06-08T08:30:00Z,2013-06-08T14:30:09Z,,,,,,,,CALCULATED
2013-06-08T08:40:00Z,2013-06-08T14:40:09Z,,,,,,,,CALCULATED
2013-06-08T08:50:00Z,2013-06-08T14:50:09Z,,,,,,,,CALCULATED
2013-06-08T09:00:00Z,2013-06-08T15:00:09Z,,,,,,,,CALCULATED
2013-06-08T09:10:00Z,2013-06-08T15:10:09Z,,,,,,,,CALCULATED
2013-06-08T09:20:00Z,2013-06-08T15:20:09Z,,,,,,,,CALCULATED
2013-06-08T09:30:00Z,2013-06-08T15:30:09Z,,,,,,,,CALCULATED
2013-06-08T09:40:00Z,2013-06-08T15:40:09Z,,,,,,,,CALCULATED
2013-06-08T09:50:00Z,2013-06-08T15:50:09Z,,,,,,,,CALCULATED
2013-06-08T10:00:00Z,2013-06-08T16:00:09Z,,,,,,,,CALCULATED
2013-06-08T10:10:00Z,2013-06-08T16:10:09Z,,,,,,OUT_WARN,,CALCULATED
2013-06-08T10:20:00Z,2013-06-08T16:20:09Z,,,,,,OUT_WARN,,CALCULATED
2013-06-08T10:30:00Z,2013-06-08T16:30:09Z,,,,,,OUT_WARN,,CALCULATED
2013-06-08T10:40:00Z,2013-06-08T16:40:09Z,,,,,,,,CALCULATED
2013-06-08T10:50:00Z,2013-06-08T16:50:09Z,,,,,,,,CALCULATED
2013-06-08T11:00:00Z,2013-06-08T17:00:09Z,,,,,,,,CALCULATED
2013-06-08T11:10:00Z,2013-06-08T17:10:09Z,,,,,,OUT_WARN,,CALCULATED
2013-06-08T11:20:00Z,2013-06-08T17:20:09Z,,,,,,,,CALCULATED
2013-06-08T11:30:00Z,2013-06-08T17:30:09Z,,,,,,,,CALCULATED
2013-06-08T11:40:00Z,2013-06-08T17:40:09Z,,,,,,,,CALCULATED
2013-06-08T11:50:00Z,2013-06-08T17:50:09Z,,,,,,,,CALCULATED
2013-06-08T12:00:00Z,2013-06-08T18:00:09Z,,,,,,,,CALCULATED
2013-06-08T12:10:00Z,2013-06-08T18:10:09Z,,,,,,,,CALCULATED
2013-06-08T12:20:00Z,2013-06-08T18:20:09Z,,,,,,,,CALCULATED
2013-06-08T12:30:00Z,2013-06-08T18:30:09Z,,,,,,,,CALCULATED
2013-06-08T12:40:00Z,2013-06-08T18:40:09Z,,,,,,,,CALCULATED
2013-06-08T12:50:00Z,2013-06-08T18:50:09Z,,,,,,,,CALCULATED
2013-06-08T13:00:00Z,2013-06-08T19:00:09Z,,,,,,,,CALCULATED
2013-06-08T13:10:00Z,2013-06-08T19:10:09Z,,,,,,,,CALCULATED
2013-06-08T13:20:00Z,2013-06-08T19:20:09Z,,,,,,,,CALCULATED
2013-06-08T13:30:00Z,2013-06-08T19:30:09Z,,,,,,,,CALCULATED
2013-06-08T13:40:00Z,2013-06-08T19:40:09Z,,,,,,,,CALCULATED
2013-06-08T13:50:00Z,2013-06-08T19:50:09Z,,,,,,,,CALCULATED
2013-06-08T14:00:00Z,2013-06-08T20:00:09Z,,,,,,,,CALCULATED
2013-06-08T14:10:00Z,2013-06-08T20:10:09Z,,,,,,,,CALCULATED
2013-06-08T14:20:00Z,2013-06-08T20:20:09Z,,,,,,,,CALCULATED
2013-06-08T14:30:00Z,2013-06-08T20:30:09Z,,,,,,,,CALCULATED
2013-06-08T14:40:00Z,2013-06-08T20:40:09Z,,,,,,,,CALCULATED
2013-06-08T14:50:00Z,2013-06-08T20:50:09Z,,,,,,,,CALCULATED
2013-06-08T15:00:00Z,2013-06-08T21:00:09Z,,,,,,,,CALCULATED
2013-06-08T15:10:00Z,2013-06-08T21:10:09Z,,,,,,,,CALCULATED
2013-06-08T15:20:00Z,2013-06-08T21:20:09Z,,,,,,,,CALCULATED
2013-06-08T15:30:00Z,2013-06-08T21:30:09Z,,,,,,,,CALCULATED
2013-06-08T15:40:00Z,2013-06-08T21:40:09Z,,,,,,,,CALCULATED
2013-06-08T15:50:00Z,2013-06-08T21:50:09Z,,,,,,,,CALCULATED
2013-06-08T16:00:00Z,2013-06-08T22:00:09Z,,,,,,,,CALCULATED
2013-06-08T16:10:00Z,2013-06-08T22:10:09Z,,,,,,,,CALCULATED
2013-06-08T16:20:00Z,2013-06-08T22:20:09Z,,,,,,,,CALCULATED
2013-06-08T16:30:00Z,2013-06-08T22:30:09Z,,,,,,,,CALCULATED
2013-06-08T16:40:00Z,2013-06-08T22:40:09Z,,,,,,,,CALCULATED
2013-06-08T16:50:00Z,2013-06-08T22:50:09Z,,,,,,,,CALCULATED
2013-06-08T17:00:00Z,2013-06-08T23:00:09Z,,,,,,,,CALCULATED
2013-06-08T17:10:00Z,2013-06-08T23:10:09Z,,,,,,,,CALCULATED
2013-06-08T17:20:00Z,2013-06-08T23:20:09Z,,,,,,,,CALCULATED
2013-06-08T17:30:00Z,2013-06-08T23:30:09Z,,,,,,,,CALCULATED
2013-06-08T17:40:00Z,2013-06-08T23:40:09Z,,,,,,,,CALCULATED
2013-06-08T17:50:00Z,2013-06-08T23:50:09Z,,,,,,,,CALCULATED
2013-06-08T18:00:00Z,2013-06-09T00:00:09Z,,,,,,,,CALCULATED
2013-06-08T18:10:00Z,2013-06-09T00:09:58Z,,,,,,,,CALCULATED
2013-06-08T18:20:00Z,2013-06-09T00:19:58Z,,,,,,,,CALCULATED
2013-06-08T18:30:00Z,2013-06-09T00:29:58Z,,,,,,,,CALCULATED
2013-06-08T18:40:00Z,2013-06-09T00:39:58Z,,,,,,,,CALCULATED
2013-06-08T18:50:00Z,2013-06-09T00:49:58Z,,,,,,,,CALCULATED
2013-06-08T19:00:00Z,2013-06-09T00:59:58Z,,,,,,,,CALCULATED
2013-06-08T19:10:00Z,2013-06-09T01:09:58Z,,,,,,,,CALCULATED
2013-06-08T19:20:00Z,2013-06-09T01:19:58Z,,,,,,,,CALCULATED
2013-06-08T19:30:00Z,2013-06-09T01:29:58Z,,,,,,,,CALCULATED
2013-06-08T19:40:00Z,2013-06-09T01:39:58Z,,,,,,,,CALCULATED
2013-06-08T19:50:00Z,2013-06-09T01:49:58Z,,,,,,,,CALCULATED
2013-06-08T20:00:00Z,2013-06-09T01:59:58Z,,,,,,,,CALCULATED
2013-06-08T20:10:00Z,2013-06-09T02:09:58Z,,,,,,,,CALCULATED
2013-06-08T20:20:00Z,2013-06-09T02:19:58Z,,,,,,,,CALCULATED
2013-06-08T20:30:00Z,2013-06-09T02:29:58Z,,,,,,,,CALCULATED
2013-06-08T20:40:00Z,2013-06-09T02:39:58Z,,,,,,,,CALCULATED
2013-06-08T20:50:00Z,2013-06-09T02:49:58Z,,,,,,,,CALCULATED
2013-06-08T21:00:00Z,2013-06-09T02:59:58Z,,,,,,,,CALCULATED
2013-06-08T21:10:00Z,2013-06-09T03:09:58Z,,,,,,,,CALCULATED
2013-06-08T21:20:00Z,2013-06-09T03:19:58Z,,,,,,,,CALCULATED
2013-06-08T21:30:00Z,2013-06-09T03:29:58Z,,,,,,,,CALCULATED
2013-06-08T21:40:00Z,2013-06-09T03:39:58Z,,,,,,,,CALCULATED
2013-06-08T21:50:00Z,2013-06-09T03:49:58Z,,,,,,,,CALCULATED
2013-06-08T22:00:00Z,2013-06-09T03:59:58Z,,,,,,,,CALCULATED
2013-06-08T22:10:00Z,2013-06-09T04:09:58Z,,,,,,,,CALCULATED
2013-06-08T22:20:00Z,2013-06-09T04:19:58Z,,,,,,,,CALCULATED
2013-06-08T22:30:00Z,2013-06-09T04:29:58Z,,,,,,,,CALCULATED
2013-06-08T22:40:00Z,2013-06-09T04:39:58Z,,,,,,,,CALCULATED
2013-06-08T22:50:00Z,2013-06-09T04:49:58Z,,,,,,,,CALCULATED
2013-06-08T23:00:00Z,2013-06-09T04:59:58Z,,,,,,,,CALCULATED
2013-06-08T23:10:00Z,2013-06-09T05:09:58Z,,,,,,,,CALCULATED
2013-06-08T23:20:00Z,2013-06-09T05:19:58Z,,,,,,,,CALCULATED
2013-06-08T23:30:00Z,2013-06-09T05:29:58Z,,,,,,,,CALCULATED
2013-06-08T23:40:00Z,2013-06-09T05:39:58Z,,,,,,,,CALCULATED
2013-06-08T23:50:00Z,2013-06-09T05:49:58Z,,,,,,,,CALCULATED
2013-06-09T00:00:00Z,2013-06-09T05:59:58Z,,,,,,,,CALCULATED
2013-06-09T00:10:00Z,2013-06-09T06:09:58Z,,,,,,,,CALCULATED
2013-06-09T00:20:00Z,2013-06-09T06:19:58Z,,,,,,,,CALCULATED
2013-06-09T00:30:00Z,2013-06-09T06:29:58Z,,,,,,,,CALCULATED
2013-06-09T00:40:00Z,2013-06-09T06:39:58Z,,,,,,,,CALCULATED
2013-06-09T00:50:00Z,2013-06-09T06:49:58Z,,,,,,,,CALCULATED
2013-06-09T01:00:00Z,2013-06-09T06:59:58Z,,,,,,,,CALCULATED
2013-06-09T01:10:00Z,2013-06-09T07:09:58Z,,,,,,,,CALCULATED
2013-06-09T01:20:00Z,2013-06-09T07:19:58Z,,,,,,,,CALCULATED
2013-06-09T01:30:00Z,2013-06-09T07:29:58Z,,,,,,,,CALCULATED
2013-06-09T01:40:00Z,2013-06-09T07:39:58Z,,,,,,,,CALCULATED
2013-06-09T01:50:00Z,2013-06-09T07:49:58Z,,,,,,,,CALCULATED
2013-06-09T02:00:00Z,2013-06-09T07:59:58Z,,,,,,,,CALCULATED
2013-06-09T02:10:00Z,2013-06-09T08:09:58Z,,,,,,,,CALCULATED
2013-06-09T02:20:00Z,2013-06-09T08:19:58Z,,,,,,,,CALCULATED
2013-06-09T02:30:00Z,2013-06-09T08:29:58Z,,,,,,,,CALCULATED
2013-06-09T02:40:00Z,2013-06-09T08:39:58Z,,,,,,,,CALCULATED
2013-06-09T02:50:00Z,2013-06-09T08:49:58Z,,,,,,,,CALCULATED
2013-06-09T03:00:00Z,2013-06-09T08:59:58Z,,,,,,,,CALCULATED
2013-06-09T03:10:00Z,2013-06-09T09:09:58Z,,,,,,,,CALCULATED
2013-06-09T03:20:00Z,2013-06-09T09:19:58Z,,,,,,,,CALCULATED
2013-06-09T03:30:00Z,2013-06-09T09:29:58Z,,,,,,,,CALCULATED
2013-06-09T03:40:00Z,2013-06-09T09:39:58Z,,,,,,,,CALCULATED
2013-06-09T03:50:00Z,2013-06-09T09:49:58Z,,,,,,,,CALCULATED
2013-06-09T04:00:00Z,2013-06-09T09:59:58Z,,,,,,,,CALCULATED
2013-06-09T04:10:00Z,2013-06-09T10:09:58Z,,,,,,,,CALCULATED
2013-06-09T04:20:00Z,2013-06-09T10:19:58Z,,,,,,,,CALCULATED
2013-06-09T04:30:00Z,2013-06-09T10:29:58Z,,,,,,,,CALCULATED
2013-06-09T04:40:00Z,2013-06-09T10:39:58Z,,,,,,,,CALCULATED
2013-06-09T04:50:00Z,2013-06-09T10:49:58Z,,,,,,,,CALCULATED
2013-06-09T05:00:00Z,2013-06-09T10:59:58Z,,,,,,,,CALCULATED
2013-06-09T05:10:00Z,2013-06-09T11:09:58Z,,,,,,,,CALCULATED
2013-06-09T05:20:00Z,2013-06-09T11:19:58Z,,,,,,,,CALCULATED
2013-06-09T05:30:00Z,2013-06-09T11:29:58Z,,,,,,,,CALCULATED
2013-06-09T05:40:00Z,2013-06-09T11:39:58Z,,,,,,,,CALCULATED
2013-06-09T05:50:00Z,2013-06-09T11:49:58Z,,,,,,,,CALCULATED
2013-06-09T06:00:00Z,2013-06-09T11:59:58Z,,,,,,,,CALCULATED
2013-06-09T06:10:00Z,2013-06-09T12:09:58Z,,,,,,,,CALCULATED
2013-06-09T06:20:00Z,2013-06-09T12:19:58Z,,,,,,,,CALCULATED
2013-06-09T06:30:00Z,2013-06-09T12:29:58Z,,,,,,,,CALCULATED
2013-06-09T06:40:00Z,2013-06-09T12:39:58Z,,,,,,,,CALCULATED
2013-06-09T06:50:00Z,2013-06-09T12:49:58Z,,,,,,,,CALCULATED
2013-06-09T07:00:00Z,2013-06-09T12:59:58Z,,,,,,,,CALCULATED
2013-06-09T07:10:00Z,2013-06-09T13:09:58Z,,,,,,,,CALCULATED
2013-06-09T07:20:00Z,2013-06-09T13:19:58Z,,,,,,,,CALCULATED
2013-06-09T07:30:00Z,2013-06-09T13:29:58Z,,,,,,,,CALCULATED
2013-06-09T07:40:00Z,2013-06-09T13:39:58Z,,,,,,,,CALCULATED
2013-06-09T07:50:00Z,2013-06-09T13:49:58Z,,,,,,,,CALCULATED
2013-06-09T08:00:00Z,2013-06-09T13:59:58Z,,,,,,,,CALCULATED
2013-06-09T08:10:00Z,2013-06-09T14:09:58Z,,,,,,,,CALCULATED
2013-06-09T08:20:00Z,2013-06-09T14:19:58Z,,,,,,,,CALCULATED
2013-06-09T08:30:00Z,2013-06-09T14:29:58Z,,,,,,,,CALCULATED
2013-06-09T08:40:00Z,2013-06-09T14:39:58Z,,,,,,,,CALCULATED
2013-06-09T08:50:00Z,2013-06-09T14:49:58Z,,,,,,,,CALCULATED
2013-06-09T09:00:00Z,2013-06-09T14:59:58Z,,,,,,,,CALCULATED
2013-06-09T09:10:00Z,2013-06-09T15:09:58Z,,,,,,,,CALCULATED
2013-06-09T09:20:00Z,2013-06-09T15:19:58Z,,,,,,,,CALCULATED
2013-06-09T09:30:00Z,2013-06-09T15:29:58Z,,,,,,,,CALCULATED
2013-06-09T09:40:00Z,2013-06-09T15:39:58Z,,,,,,,,CALCULATED
2013-06-09T09:50:00Z,2013-06-09T15:49:58Z,,,,,,,,CALCULATED
2013-06-09T10:00:00Z,2013-06-09T15:59:58Z,,,,,,,,CALCULATED
2013-06-09T10:10:00Z,2013-06-09T16:09:58Z,,,,,,,,CALCULATED
2013-06-09T10:20:00Z,2013-06-09T16:19:58Z,,,,,,,,CALCULATED
2013-06-09T10:30:00Z,2013-06-09T16:29:58Z,,,,,,,,CALCULATED
2013-06-09T10:40:00Z,2013-06-09T16:39:58Z,,,,,,,,CALCULATED
2013-06-09T10:50:00Z,2013-06-09T16:49:58Z,,,,,,,,CALCULATED
2013-06-09T11:00:00Z,2013-06-09T16:59:58Z,,,,,,,,CALCULATED
2013-06-09T11:10:00Z,2013-06-09T17:09:58Z,,,,,,,,CALCULATED
2013-06-09T11:20:00Z,2013-06-09T17:19:58Z,,,,,,,,CALCULATED
2013-06-09T11:30:00Z,2013-06-09T17:29:58Z,,,,,,,,CALCULATED
2013-06-09T11:40:00Z,2013-06-09T17:39:58Z,,,,,,,,CALCULATED
2013-06-09T11:50:00Z,2013-06-09T17:49:58Z,,,,,,,,CALCULATED
2013-06-09T12:00:00Z,2013-06-09T17:59:58Z,,,,,,,,CALCULATED
2013-06-09T12:10:00Z,2013-06-09T18:09:58Z,,,,,,,,CALCULATED
2013-06-09T12:20:00Z,2013-06-09T18:19:58Z,,,,,,,,CALCULATED
2013-06-09T12:30:00Z,2013-06-09T18:29:58Z,,,,,,,,CALCULATED
2013-06-09T12:40:00Z,2013-06-09T18:39:58Z,,,,,,,,CALCULATED
2013-06-09T12:50:00Z,2013-06-09T18:49:58Z,,,,,,,,CALCULATED
2013-06-09T13:00:00Z,2013-06-09T18:59:58Z,,,,,,,,CALCULATED
2013-06-09T13:10:00Z,2013-06-09T19:09:58Z,,,,,,,,CALCULATED
2013-06-09T13:20:00Z,2013-06-09T19:19:58Z,,,,,,,,CALCULATED
2013-06-09T13:30:00Z,2013-06-09T19:29:58Z,,,,,,,,CALCULATED
2013-06-09T13:40:00Z,2013-06-09T19:39:58Z,,,,,,,,CALCULATED
2013-06-09T13:50:00Z,2013-06-09T19:49:58Z,,,,,,,,CALCULATED
2013-06-09T14:00:00Z,2013-06-09T19:59:58Z,,,,,,,,CALCULATED
2013-06-09T14:10:00Z,2013-06-09T20:09:58Z,,,,,,,,CALCULATED
2013-06-09T14:20:00Z,2013-06-09T20:19:58Z,,,,,,,,CALCULATED
2013-06-09T14:30:00Z,2013-06-09T20:29:58Z,,,,,,,,CALCULATED
2013-06-09T14:40:00Z,2013-06-09T20:39:58Z,,,,,,,,CALCULATED
2013-06-09T14:50:00Z,2013-06-09T20:49:58Z,,,,,,,,CALCULATED
2013-06-09T15:00:00Z,2013-06-09T20:59:58Z,,,,,,,,CALCULATED
2013-06-09T15:10:00Z,2013-06-09T21:09:58Z,,,,,,,,CALCULATED
2013-06-09T15:20:00Z,2013-06-09T21:19:58Z,,,,,,,,CALCULATED
2013-06-09T15:30:00Z,2013-06-09T21:29:58Z,,,,,,,,CALCULATED
2013-06-09T15:40:00Z,2013-06-09T21:39:58Z,,,,,,,,CALCULATED
2013-06-09T15:50:00Z,2013-06-09T21:49:58Z,,,,,,,,CALCULATED
2013-06-09T16:00:00Z,2013-06-09T21:59:58Z,,,,,,,,CALCULATED
2013-06-09T16:10:00Z,2013-06-09T22:09:58Z,,,,,,,,CALCULATED
2013-06-09T16:20:00Z,2013-06-09T22:19:58Z,,,,,,,,CALCULATED
2013-06-09T16:30:00Z,2013-06-09T22:29:58Z,,,,,,,,CALCULATED
2013-06-09T16:40:00Z,2013-06-09T22:39:58Z,,,,,,,,CALCULATED
2013-06-09T16:50:00Z,2013-06-09T22:49:58Z,,,,,,,,CALCULATED
2013-06-09T17:00:00Z,2013-06-09T22:59:58Z,,,,,,,,CALCULATED
2013-06-09T17:10:00Z,2013-06-09T23:09:58Z,,,,,,,,CALCULATED
2013-06-09T17:20:00Z,2013-06-09T23:19:58Z,,,,,,,,CALCULATED
2013-06-09T17:30:00Z,2013-06-09T23:29:58Z,,,,,,,,CALCULATED
2013-06-09T17:40:00Z,2013-06-09T23:39:58Z,,,,,,,,CALCULATED
2013-06-09T17:50:00Z,2013-06-09T23:49:58Z,,,,,,,,CALCULATED
2013-06-09T18:00:00Z,2013-06-09T23:59:58Z,,,,,,,,CALCULATED
2013-06-09T18:10:00Z,2013-06-10T00:09:46Z,,,,,,,,CALCULATED
2013-06-09T18:20:00Z,2013-06-10T00:19:46Z,,,,,,,,CALCULATED
2013-06-09T18:30:00Z,2013-06-10T00:29:46Z,,,,,,,,CALCULATED
2013-06-09T18:40:00Z,2013-06-10T00:39:46Z,,,,,,,,CALCULATED
2013-06-09T18:50:00Z,2013-06-10T00:49:46Z,,,,,,,,CALCULATED
2013-06-09T19:00:00Z,2013-06-10T00:59:46Z,,,,,,,,CALCULATED
2013-06-09T19:10:00Z,2013-06-10T01:09:46Z,,,,,,,,CALCULATED
2013-06-09T19:20:00Z,2013-06-10T01:19:46Z,,,,,,,,CALCULATED
2013-06-09T19:30:00Z,2013-06-10T01:29:46Z,,,,,,,,CALCULATED
2013-06-09T19:40:00Z,2013-06-10T01:39:46Z,,,,,,,,CALCULATED
2013-06-09T19:50:00Z,2013-06-10T01:49:46Z,,,,,,,,CALCULATED
2013-06-09T20:00:00Z,2013-06-10T01:59:46Z,,,,,,,,CALCULATED
2013-06-09T20:10:00Z,2013-06-10T02:09:46Z,,,,,,,,CALCULATED
2013-06-09T20:20:00Z,2013-06-10T02:19:46Z,,,,,,,,CALCULATED
2013-06-09T20:30:00Z,2013-06-10T02:29:46Z,,,,,,OUT_WARN,,CALCULATED
2013-06-09T20:40:00Z,2013-06-10T02:39:46Z,,,,,,,,CALCULATED
2013-06-09T20:50:00Z,2013-06-10T02:49:46Z,,,,,,,,CALCULATED
2013-06-09T21:00:00Z,2013-06-10T02:59:46Z,,,,,,,,CALCULATED
2013-06-09T21:10:00Z,2013-06-10T03:09:46Z,,,,,,,,CALCULATED
2013-06-09T21:20:00Z,2013-06-10T03:19:46Z,,,,,,,,CALCULATED
2013-06-09T21:30:00Z,2013-06-10T03:29:46Z,,,,,,,,CALCULATED
2013-06-09T21:40:00Z,2013-06-10T03:39:46Z,,,,,,,,CALCULATED
2013-06-09T21:50:00Z,2013-06-10T03:49:46Z,,,,,,,,CALCULATED
2013-06-09T22:00:00Z,2013-06-10T03:59:46Z,,,,,,,,CALCULATED
2013-06-09T22:10:00Z,2013-06-10T04:09:46Z,,,,,,,,CALCULATED
2013-06-09T22:20:00Z,2013-06-10T04:19:46Z,,,,,,,,CALCULATED
2013-06-09T22:30:00Z,2013-06-10T04:29:46Z,,,,,,,,CALCULATED
2013-06-09T22:40:00Z,2013-06-10T04:39:46Z,,,,,,,,CALCULATED
2013-06-09T22:50:00Z,2013-06-10T04:49:46Z,,,,,,,,CALCULATED
2013-06-09T23:00:00Z,2013-06-10T04:59:46Z,,,,,,,,CALCULATED
2013-06-09T23:10:00Z,2013-06-10T05:09:46Z,,,,,,,,CALCULATED
2013-06-09T23:20:00Z,2013-06-10T05:19:46Z,,,,,,,,CALCULATED
2013-06-09T23:30:00Z,2013-06-10T05:29:46Z,,,,,,,,CALCULATED
2013-06-09T23:40:00Z,2013-06-10T05:39:46Z,,,,,,,,CALCULATED
2013-06-09T23:50:00Z,2013-06-10T05:49:46Z,,,,,,,,CALCULATED
2013-06-10T00:00:00Z,2013-06-10T05:59:46Z,,,,,,,,CALCULATED
2013-06-10T00:10:00Z,2013-06-10T06:09:46Z,,,,,,,,CALCULATED
2013-06-10T00:20:00Z,2013-06-10T06:19:46Z,,,,,,,,CALCULATED
2013-06-10T00:30:00Z,2013-06-10T06:29:46Z,,,,,,,,CALCULATED
2013-06-10T00:40:00Z,2013-06-10T06:39:46Z,,,,,,OUT_WARN,,CALCULATED
2013-06-10T00:50:00Z,2013-06-10T06:49:46Z,,,,,,OUT_WARN,,CALCULATED
2013-06-10T01:00:00Z,2013-06-10T06:59:46Z,,,,,,OUT_WARN,,CALCULATED
2013-06-10T01:10:00Z,2013-06-10T07:09:46Z,,,,,,OUT_WARN,,CALCULATED
2013-06-10T01:20:00Z,2013-06-10T07:19:46Z,,,,,,OUT_WARN,,CALCULATED
2013-06-10T01:30:00Z,2013-06-10T07:29:46Z,,,,,,,,CALCULATED
2013-06-10T01:40:00Z,2013-06-10T07:39:46Z,,,,,,OUT_WARN,,CALCULATED
2013-06-10T01:50:00Z,2013-06-10T07:49:46Z,,,,,,OUT_WARN,,CALCULATED
2013-06-10T02:00:00Z,2013-06-10T07:59:46Z,,,,,,OUT_WARN,,CALCULATED
2013-06-10T02:10:00Z,2013-06-10T08:09:46Z,,,,,,,,CALCULATED
2013-06-10T02:20:00Z,2013-06-10T08:19:46Z,,,,,,,,CALCULATED
2013-06-10T02:30:00Z,2013-06-10T08:29:46Z,,,,,,,,CALCULATED
2013-06-10T02:40:00Z,2013-06-10T08:39:46Z,,,,,,,,CALCULATED
2013-06-10T02:50:00Z,2013-06-10T08:49:46Z,,,,,,,,CALCULATED
2013-06-10T03:00:00Z,2013-06-10T08:59:46Z,,,,,,,,CALCULATED
2013-06-10T03:10:00Z,2013-06-10T09:09:46Z,,,,,,,,CALCULATED
2013-06-10T03:20:00Z,2013-06-10T09:19:46Z,,,,,,,,CALCULATED
2013-06-10T03:30:00Z,2013-06-10T09:29:46Z,,,,,,,,CALCULATED
2013-06-10T03:40:00Z,2013-06-10T09:39:46Z,,,,,,,,CALCULATED
2013-06-10T03:50:00Z,2013-06-10T09:49:46Z,,,,,,,,CALCULATED
2013-06-10T04:00:00Z,2013-06-10T09:59:46Z,,,,,,,,CALCULATED
2013-06-10T04:10:00Z,2013-06-10T10:09:46Z,,,,,,,,CALCULATED
2013-06-10T04:20:00Z,2013-06-10T10:19:46Z,,,,,,,,CALCULATED
2013-06-10T04:30:00Z,2013-06-10T10:29:46Z,,,,,,,,CALCULATED
2013-06-10T04:40:00Z,2013-06-10T10:39:46Z,,,,,,,,CALCULATED
2013-06-10T04:50:00Z,2013-06-10T10:49:46Z,,,,,,,,CALCULATED
2013-06-10T05:00:00Z,2013-06-10T10:59:46Z,,,,,,,,CALCULATED
2013-06-10T05:10:00Z,2013-06-10T11:09:46Z,,,,,,,,CALCULATED
2013-06-10T05:20:00Z,2013-06-10T11:19:46Z,,,,,,,,CALCULATED
2013-06-10T05:30:00Z,2013-06-10T11:29:46Z,,,,,,,,CALCULATED
2013-06-10T05:40:00Z,2013-06-10T11:39:46Z,,,,,,,,CALCULATED
2013-06-10T05:50:00Z,2013-06-10T11:49:46Z,,,,,,,,CALCULATED
2013-06-10T06:00:00Z,2013-06-10T11:59:46Z,,,,,,,,CALCULATED
2013-06-10T06:10:00Z,2013-06-10T12:09:46Z,,,,,,,,CALCULATED
2013-06-10T06:20:00Z,2013-06-10T12:19:46Z,,RANGE_WARN,,,,,,CALCULATED
2013-06-10T06:30:00Z,2013-06-10T12:29:46Z,,RANGE_WARN,,,,,,CALCULATED
2013-06-10T06:40:00Z,2013-06-10T12:39:46Z,,,,,,,,CALCULATED
2013-06-10T06:50:00Z,2013-06-10T12:49:46Z,,,,,,,,CALCULATED
2013-06-10T07:00:00Z,2013-06-10T12:59:46Z,,,,,,,,CALCULATED
2013-06-10T07:10:00Z,2013-06-10T13:09:46Z,,,,,,,,CALCULATED
2013-06-10T07:20:00Z,2013-06-10T13:19:46Z,,,,,,,,CALCULATED
2013-06-10T07:30:00Z,2013-06-10T13:29:46Z,,,,,,,,CALCULATED
2013-06-10T07:40:00Z,2013-06-10T13:39:46Z,,,,,,,,CALCULATED
2013-06-10T07:50:00Z,2013-06-10T13:49:46Z,,,,,,,,CALCULATED
2013-06-10T08:00:00Z,2013-06-10T13:59:46Z,,RANGE_WARN,,,,,,CALCULATED
2013-06-10T08:10:00Z,2013-06-10T14:09:46Z,,,,,,,,CALCULATED
2013-06-10T08:20:00Z,2013-06-10T14:19:46Z,,RANGE_WARN,,,,,,CALCULATED
2013-06-10T08:30:00Z,2013-06-10T14:29:46Z,,,,,,,,CALCULATED
2013-06-10T08:40:00Z,2013-06-10T14:39:46Z,,,,,,,,CALCULATED
2013-06-10T08:50:00Z,2013-06-10T14:49:46Z,,,,,,,,CALCULATED
2013-06-10T09:00:00Z,2013-06-10T14:59:46Z,,,,,,,,CALCULATED
2013-06-10T09:10:00Z,2013-06-10T15:09:46Z,,RANGE_WARN,,,,,,CALCULATED
2013-06-10T09:20:00Z,2013-06-10T15:19:46Z,,,,,,,,CALCULATED
2013-06-10T09:30:00Z,2013-06-10T15:29:46Z,,,,,,,,CALCULATED
2013-06-10T09:40:00Z,2013-06-10T15:39:46Z,,,,,,,,CALCULATED
2013-06-10T09:50:00Z,2013-06-10T15:49:46Z,,,,,,,,CALCULATED
2013-06-10T10:00:00Z,2013-06-10T15:59:46Z,,,,,,,,CALCULATED
2013-06-10T10:10:00Z,2013-06-10T16:09:46Z,,,,,,,,CALCULATED
2013-06-10T10:20:00Z,2013-06-10T16:19:46Z,,,,,,,,CALCULATED
2013-06-10T10:30:00Z,2013-06-10T16:29:46Z,,,,,,,,CALCULATED
2013-06-10T10:40:00Z,2013-06-10T16:39:46Z,,,,,,,,CALCULATED
2013-06-10T10:50:00Z,2013-06-10T16:49:46Z,,,,,,,,CALCULATED
2013-06-10T11:00:00Z,2013-06-10T16:59:46Z,,,,,,,,CALCULATED
2013-06-10T11:10:00Z,2013-06-10T17:09:46Z,,,,,,,,CALCULATED
2013-06-10T11:20:00Z,2013-06-10T17:19:46Z,,,,,,,,CALCULATED
2013-06-10T11:30:00Z,2013-06-10T17:29:46Z,,,,,,,,CALCULATED
2013-06-10T11:40:00Z,2013-06-10T17:39:46Z,,,,,,,,CALCULATED
2013-06-10T11:50:00Z,2013-06-10T17:49:46Z,,,,,,,,CALCULATED
2013-06-10T12:00:00Z,2013-06-10T17:59:46Z,,,,,,,,CALCULATED
2013-06-10T12:10:00Z,2013-06-10T18:09:46Z,,,,,,,,CALCULATED
2013-06-10T12:20:00Z,2013-06-10T18:19:46Z,,,,,,OUT_WARN,,CALCULATED
2013-06-10T12:30:00Z,2013-06-10T18:29:46Z,,,,,,,,CALCULATED
2013-06-10T12:40:00Z,2013-06-10T18:39:46Z,,,,,,OUT_WARN,,CALCULATED
2013-06-10T12:50:00Z,2013-06-10T18:49:46Z,,,,,,,,CALCULATED
2013-06-10T13:00:00Z,2013-06-10T18:59:46Z,,,,,,,,CALCULATED
2013-06-10T13:10:00Z,2013-06-10T19:09:46Z,,,,,,,,CALCULATED
2013-06-10T13:20:00Z,2013-06-10T19:19:46Z,,,,,,,,CALCULATED
2013-06-10T13:30:00Z,2013-06-10T19:29:46Z,,,,,,,,CALCULATED
2013-06-10T13:40:00Z,2013-06-10T19:39:46Z,,,,,,,,CALCULATED
2013-06-10T13:50:00Z,2013-06-10T19:49:46Z,,,,,,,,CALCULATED
2013-06-10T14:00:00Z,2013-06-10T19:59:46Z,,,,,,,,CALCULATED
2013-06-10T14:10:00Z,2013-06-10T20:09:46Z,,,,,,,,CALCULATED
2013-06-10T14:20:00Z,2013-06-10T20:19:46Z,,,,,,,,CALCULATED
2013-06-10T14:30:00Z,2013-06-10T20:29:46Z,,,,,,,,CALCULATED
2013-06-10T14:40:00Z,2013-06-10T20:39:46Z,,,,,,,,CALCULATED
2013-06-10T14:50:00Z,2013-06-10T20:49:46Z,,,,,,,,CALCULATED
2013-06-10T15:00:00Z,2013-06-10T20:59:46Z,,,,,,,,CALCULATED
2013-06-10T15:10:00Z,2013-06-10T21:09:46Z,,,,,,,,CALCULATED
2013-06-10T15:20:00Z,2013-06-10T21:19:46Z,,,,,,,,CALCULATED
2013-06-10T15:30:00Z,2013-06-10T21:29:46Z,,,,,,,,CALCULATED
2013-06-10T15:40:00Z,2013-06-10T21:39:46Z,,,,,,,,CALCULATED
2013-06-10T15:50:00Z,2013-06-10T21:49:46Z,,,,,,,,CALCULATED
2013-06-10T16:00:00Z,2013-06-10T21:59:46Z,,,,,,,,CALCULATED
2013-06-10T16:10:00Z,2013-06-10T22:09:46Z,,,,,,,,CALCULATED
2013-06-10T16:20:00Z,2013-06-10T22:19:46Z,,,,,,,,CALCULATED
2013-06-10T16:30:00Z,2013-06-10T22:29:46Z,,,,,,,,CALCULATED
2013-06-10T16:40:00Z,2013-06-10T22:39:46Z,,,,,,,,CALCULATED
2013-06-10T16:50:00Z,2013-06-10T22:49:46Z,,,,,,,,CALCULATED
2013-06-10T17:00:00Z,2013-06-10T22:59:46Z,,,,,,,,CALCULATED
2013-06-10T17:10:00Z,2013-06-10T23:09:46Z,,,,,,,,CALCULATED
2013-06-10T17:20:00Z,2013-06-10T23:19:46Z,,,,,,,,CALCULATED
2013-06-10T17:30:00Z,2013-06-10T23:29:46Z,,,,,,,,CALCULATED
2013-06-10T17:40:00Z,2013-06-10T23:39:46Z,,,,,,,,CALCULATED
2013-06-10T17:50:00Z,2013-06-10T23:49:46Z,,,,,,,,CALCULATED
2013-06-10T18:00:00Z,2013-06-10T23:59:46Z,,,,,,,,CALCULATED
2013-06-10T18:10:00Z,2013-06-11T00:09:35Z,,,,,,,,CALCULATED
2013-06-10T18:20:00Z,2013-06-11T00:19:35Z,,,,,,,,CALCULATED
2013-06-10T18:30:00Z,2013-06-11T00:29:35Z,,,,,,,,CALCULATED
2013-06-10T18:40:00Z,2013-06-11T00:39:35Z,,,,,,,,CALCULATED
2013-06-10T18:50:00Z,2013-06-11T00:49:35Z,,,,,,,,CALCULATED
2013-06-10T19:00:00Z,2013-06-11T00:59:35Z,,,,,,,,CALCULATED
2013-06-10T19:10:00Z,2013-06-11T01:09:35Z,,,,,,,,CALCULATED
2013-06-10T19:20:00Z,2013-06-11T01:19:35Z,,,,,,,,CALCULATED
2013-06-10T19:30:00Z,2013-06-11T01:29:35Z,,,,,,,,CALCULATED
2013-06-10T19:40:00Z,2013-06-11T01:39:35Z,,,,,,,,CALCULATED
2013-06-10T19:50:00Z,2013-06-11T01:49:35Z,,,,,,,,CALCULATED
2013-06-10T20:00:00Z,2013-06-11T01:59:35Z,,,,,,,,CALCULATED
2013-06-10T20:10:00Z,2013-06-11T02:09:35Z,,,,,,,,CALCULATED
2013-06-10T20:20:00Z,2013-06-11T02:19:35Z,,,,,,,,CALCULATED
2013-06-10T20:30:00Z,2013-06-11T02:29:35Z,,,,,,,,CALCULATED
2013-06-10T20:40:00Z,2013-06-11T02:39:35Z,,,,,,,,CALCULATED
2013-06-10T20:50:00Z,2013-06-11T02:49:35Z,,,,,,,,CALCULATED
2013-06-10T21:00:00Z,2013-06-11T02:59:35Z,,,,,,,,CALCULATED
2013-06-10T21:10:00Z,2013-06-11T03:09:35Z,,,,,,,,CALCULATED
2013-06-10T21:20:00Z,2013-06-11T03:19:35Z,,,,,,,,CALCULATED
2013-06-10T21:30:00Z,2013-06-11T03:29:35Z,,,,,,,,CALCULATED
2013-06-10T21:40:00Z,2013-06-11T03:39:35Z,,,,,,,,CALCULATED
2013-06-10T21:50:00Z,2013-06-11T03:49:35Z,,,,,,,,CALCULATED
2013-06-10T22:00:00Z,2013-06-11T03:59:35Z,,,,,,,,CALCULATED
2013-06-10T22:10:00Z,2013-06-11T04:09:35Z,,,,,,,,CALCULATED
2013-06-10T22:20:00Z,2013-06-11T04:19:35Z,,,,,,,,CALCULATED
2013-06-10T22:30:00Z,2013-06-11T04:29:35Z,,,,,,,,CALCULATED
2013-06-10T22:40:00Z,2013-06-11T04:39:35Z,,,,,,,,CALCULATED
2013-06-10T22:50:00Z,2013-06-11T04:49:35Z,,,,,,,,CALCULATED
2013-06-10T23:00:00Z,2013-06-11T04:59:35Z,,,,,,,,CALCULATED
2013-06-10T23:10:00Z,2013-06-11T05:09:35Z,,,,,,,,CALCULATED
2013-06-10T23:20:00Z,2013-06-11T05:19:35Z,,,,,,,,CALCULATED
2013-06-10T23:30:00Z,2013-06-11T05:29:35Z,,,,,,,,CALCULATED
2013-06-10T23:40:00Z,2013-06-11T05:39:35Z,,,,,,,,CALCULATED
2013-06-10T23:50:00Z,2013-06-11T05:49:35Z,,,,,,,,CALCULATED
2013-06-11T00:00:00Z,2013-06-11T05:59:35Z,,,,,,,,CALCULATED
2013-06-11T00:10:00Z,2013-06-11T06:09:35Z,,,,,,,,CALCULATED
2013-06-11T00:20:00Z,2013-06-11T06:19:35Z,,,,,,,,CALCULATED
2013-06-11T00:30:00Z,2013-06-11T06:29:35Z,,,,,,,,CALCULATED
2013-06-11T00:40:00Z,2013-06-11T06:39:35Z,,,,,,,,CALCULATED
2013-06-11T00:50:00Z,2013-06-11T06:49:35Z,,,,,,,,CALCULATED
2013-06-11T01:00:00Z,2013-06-11T06:59:35Z,,,,,,,,CALCULATED
2013-06-11T01:10:00Z,2013-06-11T07:09:35Z,,,,,,,,CALCULATED
2013-06-11T01:20:00Z,2013-06-11T07:19:35Z,,,,,,,,CALCULATED
2013-06-11T01:30:00Z,2013-06-11T07:29:35Z,,,,,,,,CALCULATED
2013-06-11T01:40:00Z,2013-06-11T07:39:35Z,,,,,,,,CALCULATED
2013-06-11T01:50:00Z,2013-06-11T07:49:35Z,,,,,,,,CALCULATED
2013-06-11T02:00:00Z,2013-06-11T07:59:35Z,,,,,,,,CALCULATED
2013-06-11T02:10:00Z,2013-06-11T08:09:35Z,,,,,,,,CALCULATED
2013-06-11T02:20:00Z,2013-06-11T08:19:35Z,,,,,,OUT_WARN,,CALCULATED
2013-06-11T02:30:00Z,2013-06-11T08:29:35Z,,,,,,OUT_WARN,,CALCULATED
2013-06-11T02:40:00Z,2013-06-11T08:39:35Z,,,,,,OUT_WARN,,CALCULATED
2013-06-11T02:50:00Z,2013-06-11T08:49:35Z,,,,,,,,CALCULATED
2013-06-11T03:00:00Z,2013-06-11T08:59:35Z,,,,,,,,CALCULATED
2013-06-11T03:10:00Z,2013-06-11T09:09:35Z,,,,,,,,CALCULATED
2013-06-11T03:20:00Z,2013-06-11T09:19:35Z,,,,,,,,CALCULATED
2013-06-11T03:30:00Z,2013-06-11T09:29:35Z,,,,,,,,CALCULATED
2013-06-11T03:40:00Z,2013-06-11T09:39:35Z,,,,,,,,CALCULATED
2013-06-11T03:50:00Z,2013-06-11T09:49:35Z,,,,,,,,CALCULATED
2013-06-11T04:00:00Z,2013-06-11T09:59:35Z,,,,,,,,CALCULATED
2013-06-11T04:10:00Z,2013-06-11T10:09:35Z,,,,,,,,CALCULATED
2013-06-11T04:20:00Z,2013-06-11T10:19:35Z,,,,,,,,CALCULATED
2013-06-11T04:30:00Z,2013-06-11T10:29:35Z,,,,,,,,CALCULATED
2013-06-11T04:40:00Z,2013-06-11T10:39:35Z,,,,,,,,CALCULATED
2013-06-11T04:50:00Z,2013-06-11T10:49:35Z,,,,,,,,CALCULATED
2013-06-11T05:00:00Z,2013-06-11T10:59:35Z,,,,,,,,CALCULATED
2013-06-11T05:10:00Z,2013-06-11T11:09:35Z,,,,,,,,CALCULATED
2013-06-11T05:20:00Z,2013-06-11T11:19:35Z,,,,,,,,CALCULATED
2013-06-11T05:30:00Z,2013-06-11T11:29:35Z,,,,,,,,CALCULATED
2013-06-11T05:40:00Z,2013-06-11T11:39:35Z,,,,,,,,CALCULATED
2013-06-11T05:50:00Z,2013-06-11T11:49:35Z,,,,,,,,CALCULATED
2013-06-11T06:00:00Z,2013-06-11T11:59:35Z,,,,,,,,CALCULATED
2013-06-11T06:10:00Z,2013-06-11T12:09:35Z,,,,,,,,CALCULATED
2013-06-11T06:20:00Z,2013-06-11T12:19:35Z,,,,,,,,CALCULATED
2013-06-11T06:30:00Z,2013-06-11T12:29:35Z,,,,,,,,CALCULATED
2013-06-11T06:40:00Z,2013-06-11T12:39:35Z,,,,,,,,CALCULATED
2013-06-11T06:50:00Z,2013-06-11T12:49:35Z,,,,,,,,CALCULATED
2013-06-11T07:00:00Z,2013-06-11T12:59:35Z,,,,,,,,CALCULATED
2013-06-11T07:10:00Z,2013-06-11T13:09:35Z,,,,,,,,CALCULATED
2013-06-11T07:20:00Z,2013-06-11T13:19:35Z,,,,,,,,CALCULATED
2013-06-11T07:30:00Z,2013-06-11T13:29:35Z,,,,,,,,CALCULATED
2013-06-11T07:40:00Z,2013-06-11T13:39:35Z,,,,,,,,CALCULATED
2013-06-11T07:50:00Z,2013-06-11T13:49:35Z,,,,,,,,CALCULATED
2013-06-11T08:00:00Z,2013-06-11T13:59:35Z,,,,,,,,CALCULATED
2013-06-11T08:10:00Z,2013-06-11T14:09:35Z,,,,,,,,CALCULATED
2013-06-11T08:20:00Z,2013-06-11T14:19:35Z,,,,,,,,CALCULATED
2013-06-11T08:30:00Z,2013-06-11T14:29:35Z,,,,,,,,CALCULATED
2013-06-11T08:40:00Z,2013-06-11T14:39:35Z,,,,,,,,CALCULATED
2013-06-11T08:50:00Z,2013-06-11T14:49:35Z,,,,,,,,CALCULATED
2013-06-11T09:00:00Z,2013-06-11T14:59:35Z,,,,,,,,CALCULATED
2013-06-11T09:10:00Z,2013-06-11T15:09:35Z,,,,,,,,CALCULATED
2013-06-11T09:20:00Z,2013-06-11T15:19:35Z,,,,,,,,CALCULATED
2013-06-11T09:30:00Z,2013-06-11T15:29:35Z,,,,,,,,CALCULATED
2013-06-11T09:40:00Z,2013-06-11T15:39:35Z,,,,,,,,CALCULATED
2013-06-11T09:50:00Z,2013-06-11T15:49:35Z,,,,,,,,CALCULATED
2013-06-11T10:00:00Z,2013-06-11T15:59:35Z,,,,,,,,CALCULATED
2013-06-11T10:10:00Z,2013-06-11T16:09:35Z,,,,,,,,CALCULATED
2013-06-11T10:20:00Z,2013-06-11T16:19:35Z,,,,,,,,CALCULATED
2013-06-11T10:30:00Z,2013-06-11T16:29:35Z,,,,,,,,CALCULATED
2013-06-11T10:40:00Z,2013-06-11T16:39:35Z,,,,,,,,CALCULATED
2013-06-11T10:50:00Z,2013-06-11T16:49:35Z,,,,,,,,CALCULATED
2013-06-11T11:00:00Z,2013-06-11T16:59:35Z,,,,,,,,CALCULATED
2013-06-11T11:10:00Z,2013-06-11T17:09:35Z,,,,,,,,CALCULATED
2013-06-11T11:20:00Z,2013-06-11T17:19:35Z,,,,,,,,CALCULATED
2013-06-11T11:30:00Z,2013-06-11T17:29:35Z,,,,,,,,CALCULATED
2013-06-11T11:40:00Z,2013-06-11T17:39:35Z,,,,,,,,CALCULATED
2013-06-11T11:50:00Z,2013-06-11T17:49:35Z,,,,,,,,CALCULATED
2013-06-11T12:00:00Z,2013-06-11T17:59:35Z,,,,,,,,CALCULATED
2013-06-11T12:10:00Z,2013-06-11T18:09:35Z,,,,,,,,CALCULATED
2013-06-11T12:20:00Z,2013-06-11T18:19:35Z,,,,,,,,CALCULATED
2013-06-11T12:30:00Z,2013-06-11T18:29:35Z,,,,,,,,CALCULATED
2013-06-11T12:40:00Z,2013-06-11T18:39:35Z,,,,,,,,CALCULATED
2013-06-11T12:50:00Z,2013-06-11T18:49:35Z,,,,,,,,CALCULATED
2013-06-11T13:00:00Z,2013-06-11T18:59:35Z,,,,,,,,CALCULATED
2013-06-11T13:10:00Z,2013-06-11T19:09:35Z,,,,,,,,CALCULATED
2013-06-11T13:20:00Z,2013-06-11T19:19:35Z,,,,,,,,CALCULATED
2013-06-11T13:30:00Z,2013-06-11T19:29:35Z,,,,,,,,CALCULATED
2013-06-11T13:40:00Z,2013-06-11T19:39:35Z,,,,,,,,CALCULATED
2013-06-11T13:50:00Z,2013-06-11T19:49:35Z,,,,,,,,CALCULATED
2013-06-11T14:00:00Z,2013-06-11T19:59:35Z,,,,,,,,CALCULATED
2013-06-11T14:10:00Z,2013-06-11T20:09:35Z,,,,,,,,CALCULATED
2013-06-11T14:20:00Z,2013-06-11T20:19:35Z,,,,,,,,CALCULATED
2013-06-11T14:30:00Z,2013-06-11T20:29:35Z,,,,,,,,CALCULATED
2013-06-11T14:40:00Z,2013-06-11T20:39:35Z,,,,,,,,CALCULATED
2013-06-11T14:50:00Z,2013-06-11T20:49:35Z,,,,,,,,CALCULATED
2013-06-11T15:00:00Z,2013-06-11T20:59:35Z,,,,,,,,CALCULATED
2013-06-11T15:10:00Z,2013-06-11T21:09:35Z,,,,,,,,CALCULATED
2013-06-11T15:20:00Z,2013-06-11T21:19:35Z,,,,,,,,CALCULATED
2013-06-11T15:30:00Z,2013-06-11T21:29:35Z,,,,,,,,CALCULATED
2013-06-11T15:40:00Z,2013-06-11T21:39:35Z,,,,,,,,CALCULATED
2013-06-11T15:50:00Z,2013-06-11T21:49:35Z,,,,,,,,CALCULATED
2013-06-11T16:00:00Z,2013-06-11T21:59:35Z,,,,,,,,CALCULATED
2013-06-11T16:10:00Z,2013-06-11T22:09:35Z,,,,,,,,CALCULATED
2013-06-11T16:20:00Z,2013-06-11T22:19:35Z,,,,,,OUT_WARN,,CALCULATED
2013-06-11T16:30:00Z,2013-06-11T22:29:35Z,,,,,,,,CALCULATED
2013-06-11T16:40:00Z,2013-06-11T22:39:35Z,,,,,,,,CALCULATED
2013-06-11T16:50:00Z,2013-06-11T22:49:35Z,,,,,,OUT_WARN,,CALCULATED
2013-06-11T17:00:00Z,2013-06-11T22:59:35Z,,,,,,,,CALCULATED
2013-06-11T17:10:00Z,2013-06-11T23:09:35Z,,,,,,,,CALCULATED
2013-06-11T17:20:00Z,2013-06-11T23:19:35Z,,,,,,,,CALCULATED
2013-06-11T17:30:00Z,2013-06-11T23:29:35Z,,,,,,,,CALCULATED
2013-06-11T17:40:00Z,2013-06-11T23:39:35Z,,,,,,,,CALCULATED
2013-06-11T17:50:00Z,2013-06-11T23:49:35Z,,,,,,,,CALCULATED
2013-06-11T18:00:00Z,2013-06-11T23:59:35Z,,,,,,,,CALCULATED
2013-06-11T18:10:00Z,2013-06-12T00:09:23Z,,,,,,,,CALCULATED
2013-06-11T18:20:00Z,2013-06-12T00:19:23Z,,,,,,,,CALCULATED
2013-06-11T18:30:00Z,2013-06-12T00:29:23Z,,,,,,,,CALCULATED
2013-06-11T18:40:00Z,2013-06-12T00:39:23Z,,,,,,,,CALCULATED
2013-06-11T18:50:00Z,2013-06-12T00:49:23Z,,,,,,,,CALCULATED
2013-06-11T19:00:00Z,2013-06-12T00:59:23Z,,,,,,,,CALCULATED
2013-06-11T19:10:00Z,2013-06-12T01:09:23Z,,,,,,,,CALCULATED
2013-06-11T19:20:00Z,2013-06-12T01:19:23Z,,,,,,,,CALCULATED
2013-06-11T19:30:00Z,2013-06-12T01:29:23Z,,,,,,,,CALCULATED
2013-06-11T19:40:00Z,2013-06-12T01:39:23Z,,,,,,,,CALCULATED
2013-06-11T19:50:00Z,2013-06-12T01:49:23Z,,,,,,,,CALCULATED
2013-06-11T20:00:00Z,2013-06-12T01:59:23Z,,,,,,,,CALCULATED
2013-06-11T20:10:00Z,2013-06-12T02:09:23Z,,,,,,,,CALCULATED
2013-06-11T20:20:00Z,2013-06-12T02:19:23Z,,,,,,,,CALCULATED
2013-06-11T20:30:00Z,2013-06-12T02:29:23Z,,,,,,,,CALCULATED
2013-06-11T20:40:00Z,2013-06-12T02:39:23Z,,,,,,,,CALCULATED
2013-06-11T20:50:00Z,2013-06-12T02:49:23Z,,,,,,,,CALCULATED
2013-06-11T21:00:00Z,2013-06-12T02:59:23Z,,,,,,,,CALCULATED
2013-06-11T21:10:00Z,2013-06-12T03:09:23Z,,,,,,,,CALCULATED
2013-06-11T21:20:00Z,2013-06-12T03:19:23Z,,,,,,,,CALCULATED
2013-06-11T21:30:00Z,2013-06-12T03:29:23Z,,,,,,,,CALCULATED
2013-06-11T21:40:00Z,2013-06-12T03:39:23Z,,,,,,,,CALCULATED
2013-06-11T21:50:00Z,2013-06-12T03:49:23Z,,,,,,,,CALCULATED
2013-06-11T22:00:00Z,2013-06-12T03:59:23Z,,,,,,,,CALCULATED
2013-06-11T22:10:00Z,2013-06-12T04:09:23Z,,,,,,,,CALCULATED
2013-06-11T22:20:00Z,2013-06-12T04:19:23Z,,,,,,,,CALCULATED
2013-06-11T22:30:00Z,2013-06-12T04:29:23Z,,,,,,,,CALCULATED
2013-06-11T22:40:00Z,2013-06-12T04:39:23Z,,,,,,,,CALCULATED
2013-06-11T22:50:00Z,2013-06-12T04:49:23Z,,,,,,,,CALCULATED
2013-06-11T23:00:00Z,2013-06-12T04:59:23Z,,,,,,,,CALCULATED
2013-06-11T23:10:00Z,2013-06-12T05:09:23Z,,,,,,,,CALCULATED
2013-06-11T23:20:00Z,2013-06-12T05:19:23Z,,,,,,,,CALCULATED
2013-06-11T23:30:00Z,2013-06-12T05:29:23Z,,,,,,,,CALCULATED
2013-06-11T23:40:00Z,2013-06-12T05:39:23Z,,,,,,,,CALCULATED
2013-06-11T23:50:00Z,2013-06-12T05:49:23Z,,,,,,,,CALCULATED
2013-06-12T00:00:00Z,2013-06-12T05:59:23Z,,,,,,,,CALCULATED
2013-06-12T00:10:00Z,2013-06-12T06:09:23Z,,,,,,,,CALCULATED
2013-06-12T00:20:00Z,2013-06-12T06:19:23Z,,,,,,,,CALCULATED
2013-06-12T00:30:00Z,2013-06-12T06:29:23Z,,,,,,,,CALCULATED
2013-06-12T00:40:00Z,2013-06-12T06:39:23Z,,,,,,,,CALCULATED
2013-06-12T00:50:00Z,2013-06-12T06:49:23Z,,,,,,,,CALCULATED
2013-06-12T01:00:00Z,2013-06-12T06:59:23Z,,,,,,,,CALCULATED
2013-06-12T01:10:00Z,2013-06-12T07:09:23Z,,,,,,,,CALCULATED
2013-06-12T01:20:00Z,2013-06-12T07:19:23Z,,,,,,,,CALCULATED
2013-06-12T01:30:00Z,2013-06-12T07:29:23Z,,,,,,,,CALCULATED
2013-06-12T01:40:00Z,2013-06-12T07:39:23Z,,,,,,,,CALCULATED
2013-06-12T01:50:00Z,2013-06-12T07:49:23Z,,,,,,,,CALCULATED
2013-06-12T02:00:00Z,2013-06-12T07:59:23Z,,,,,,,,CALCULATED
2013-06-12T02:10:00Z,2013-06-12T08:09:23Z,,,,,,,,CALCULATED
2013-06-12T02:20:00Z,2013-06-12T08:19:23Z,,,,,,,,CALCULATED
2013-06-12T02:30:00Z,2013-06-12T08:29:23Z,,,,,,,,CALCULATED
2013-06-12T02:40:00Z,2013-06-12T08:39:23Z,,,,,,,,CALCULATED
2013-06-12T02:50:00Z,2013-06-12T08:49:23Z,,,,,,,,CALCULATED
2013-06-12T03:00:00Z,2013-06-12T08:59:23Z,,,,,,,,CALCULATED
2013-06-12T03:10:00Z,2013-06-12T09:09:23Z,,,,,,,,CALCULATED
2013-06-12T03:20:00Z,2013-06-12T09:19:23Z,,,,,,,,CALCULATED
2013-06-12T03:30:00Z,2013-06-12T09:29:23Z,,,,,,,,CALCULATED
2013-06-12T03:40:00Z,2013-06-12T09:39:23Z,,,,,,,,CALCULATED
2013-06-12T03:50:00Z,2013-06-12T09:49:23Z,,,,,,,,CALCULATED
2013-06-12T04:00:00Z,2013-06-12T09:59:23Z,,,,,,,,CALCULATED
2013-06-12T04:10:00Z,2013-06-12T10:09:23Z,,,,,,,,CALCULATED
2013-06-12T04:20:00Z,2013-06-12T10:19:23Z,,,,,,,,CALCULATED
2013-06-12T04:30:00Z,2013-06-12T10:29:23Z,,,,,,,,CALCULATED
2013-06-12T04:40:00Z,2013-06-12T10:39:23Z,,,,,,,,CALCULATED
2013-06-12T04:50:00Z,2013-06-12T10:49:23Z,,,,,,,,CALCULATED
2013-06-12T05:00:00Z,2013-06-12T10:59:23Z,,,,,,,,CALCULATED
2013-06-12T05:10:00Z,2013-06-12T11:09:23Z,,,,,,,,CALCULATED
2013-06-12T05:20:00Z,2013-06-12T11:19:23Z,,,,,,,,CALCULATED
2013-06-12T05:30:00Z,2013-06-12T11:29:23Z,,,,,,,,CALCULATED
2013-06-12T05:40:00Z,2013-06-12T11:39:23Z,,,,,,,,CALCULATED
2013-06-12T05:50:00Z,2013-06-12T11:49:23Z,,,,,,,,CALCULATED
2013-06-12T06:00:00Z,2013-06-12T11:59:23Z,,,,,,,,CALCULATED
2013-06-12T06:10:00Z,2013-06-12T12:09:23Z,,,,,,,,CALCULATED
2013-06-12T06:20:00Z,2013-06-12T12:19:23Z,,,,,,,,CALCULATED
2013-06-12T06:30:00Z,2013-06-12T12:29:23Z,,,,,,,,CALCULATED
2013-06-12T06:40:00Z,2013-06-12T12:39:23Z,,,,,,,,CALCULATED
2013-06-12T06:50:00Z,2013-06-12T12:49:23Z,,,,,,,,CALCULATED
2013-06-12T07:00:00Z,2013-06-12T12:59:23Z,,,,,,,,CALCULATED
2013-06-12T07:10:00Z,2013-06-12T13:09:23Z,,,,,,,,CALCULATED
2013-06-12T07:20:00Z,2013-06-12T13:19:23Z,,,,,,,,CALCULATED
2013-06-12T07:30:00Z,2013-06-12T13:29:23Z,,,,,,,,CALCULATED
2013-06-12T07:40:00Z,2013-06-12T13:39:23Z,,,,,,,,CALCULATED
2013-06-12T07:50:00Z,2013-06-12T13:49:23Z,,,,,,,,CALCULATED
2013-06-12T08:00:00Z,2013-06-12T13:59:23Z,,,,,,,,CALCULATED
2013-06-12T08:10:00Z,2013-06-12T14:09:23Z,,,,,,,,CALCULATED
2013-06-12T08:20:00Z,2013-06-12T14:19:23Z,,,,,,,,CALCULATED
2013-06-12T08:30:00Z,2013-06-12T14:29:23Z,,,,,,,,CALCULATED
2013-06-12T08:40:00Z,2013-06-12T14:39:23Z,,,,,,,,CALCULATED
2013-06-12T08:50:00Z,2013-06-12T14:49:23Z,,,,,,,,CALCULATED
2013-06-12T09:00:00Z,2013-06-12T14:59:23Z,,,,,,,,CALCULATED
2013-06-12T09:10:00Z,2013-06-12T15:09:23Z,,,,,,,,CALCULATED
2013-06-12T09:20:00Z,2013-06-12T15:19:23Z,,,,,,,,CALCULATED
2013-06-12T09:30:00Z,2013-06-12T15:29:23Z,,,,,,,,CALCULATED
2013-06-12T09:40:00Z,2013-06-12T15:39:23Z,,,,,,,,CALCULATED
2013-06-12T09:50:00Z,2013-06-12T15:49:23Z,,,,,,,,CALCULATED
2013-06-12T10:00:00Z,2013-06-12T15:59:23Z,,,,,,,,CALCULATED
2013-06-12T10:10:00Z,2013-06-12T16:09:23Z,,,,,,,,CALCULATED
2013-06-12T10:20:00Z,2013-06-12T16:19:23Z,,,,,,,,CALCULATED
2013-06-12T10:30:00Z,2013-06-12T16:29:23Z,,,,,,,,CALCULATED
2013-06-12T10:40:00Z,2013-06-12T16:39:23Z,,,,,,,,CALCULATED
2013-06-12T10:50:00Z,2013-06-12T16:49:23Z,,,,,,,,CALCULATED
2013-06-12T11:00:00Z,2013-06-12T16:59:23Z,,,,,,,,CALCULATED
2013-06-12T11:10:00Z,2013-06-12T17:09:23Z,,,,,,,,CALCULATED
2013-06-12T11:20:00Z,2013-06-12T17:19:23Z,,,,,,,,CALCULATED
2013-06-12T11:30:00Z,2013-06-12T17:29:23Z,,,,,,,,CALCULATED
2013-06-12T11:40:00Z,2013-06-12T17:39:23Z,,,,,,,,CALCULATED
2013-06-12T11:50:00Z,2013-06-12T17:49:23Z,,,,,,,,CALCULATED
2013-06-12T12:00:00Z,2013-06-12T17:59:23Z,,,,,,,,CALCULATED
2013-06-12T12:10:00Z,2013-06-12T18:09:23Z,,,,,,,,CALCULATED
2013-06-12T12:20:00Z,2013-06-12T18:19:23Z,,,,,,,,CALCULATED
2013-06-12T12:30:00Z,2013-06-12T18:29:23Z,,,,,,,,CALCULATED
2013-06-12T12:40:00Z,2013-06-12T18:39:23Z,,,,,,,,CALCULATED
2013-06-12T12:50:00Z,2013-06-12T18:49:23Z,,,,,,,,CALCULATED
2013-06-12T13:00:00Z,2013-06-12T18:59:23Z,,,,,,,,CALCULATED
2013-06-12T13:10:00Z,2013-06-12T19:09:23Z,,,,,,,,CALCULATED
2013-06-12T13:20:00Z,2013-06-12T19:19:23Z,,,,,,,,CALCULATED
2013-06-12T13:30:00Z,2013-06-12T19:29:23Z,,,,,,,,CALCULATED
2013-06-12T13:40:00Z,2013-06-12T19:39:23Z,,,,,,,,CALCULATED
2013-06-12T13:50:00Z,2013-06-12T19:49:23Z,,,,,,,,CALCULATED
2013-06-12T14:00:00Z,2013-06-12T19:59:23Z,,,,,,,,CALCULATED
2013-06-12T14:10:00Z,2013-06-12T20:09:23Z,,,,,,,,CALCULATED
2013-06-12T14:20:00Z,2013-06-12T20:19:23Z,,,,,,,,CALCULATED
2013-06-12T14:30:00Z,2013-06-12T20:29:23Z,,,,,,,,CALCULATED
2013-06-12T14:40:00Z,2013-06-12T20:39:23Z,,,,,,,,CALCULATED
2013-06-12T14:50:00Z,2013-06-12T20:49:23Z,,,,,,,,CALCULATED
2013-06-12T15:00:00Z,2013-06-12T20:59:23Z,,,,,,,,CALCULATED
2013-06-12T15:10:00Z,2013-06-12T21:09:23Z,,,,,,,,CALCULATED
2013-06-12T15:20:00Z,2013-06-12T21:19:23Z,,,,,,,,CALCULATED
2013-06-12T15:30:00Z,2013-06-12T21:29:23Z,,,,,,,,CALCULATED
2013-06-12T15:40:00Z,2013-06-12T21:39:23Z,,,,,,,,CALCULATED
2013-06-12T15:50:00Z,2013-06-12T21:49:23Z,,,,,,,,CALCULATED
2013-06-12T16:00:00Z,2013-06-12T21:59:23Z,,,,,,,,CALCULATED
2013-06-12T16:10:00Z,2013-06-12T22:09:23Z,,,,,,,,CALCULATED
2013-06-12T16:20:00Z,2013-06-12T22:19:23Z,,,,,,,,CALCULATED
2013-06-12T16:30:00Z,2013-06-12T22:29:23Z,,,,,,,,CALCULATED
2013-06-12T16:40:00Z,2013-06-12T22:39:23Z,,,,,,,,CALCULATED
2013-06-12T16:50:00Z,2013-06-12T22:49:23Z,,,,,,,,CALCULATED
2013-06-12T17:00:00Z,2013-06-12T22:59:23Z,,,,,,,,CALCULATED
2013-06-12T17:10:00Z,2013-06-12T23:09:23Z,,,,,,,,CALCULATED
2013-06-12T17:20:00Z,2013-06-12T23:19:23Z,,,,,,,,CALCULATED
2013-06-12T17:30:00Z,2013-06-12T23:29:23Z,,,,,,,,CALCULATED
2013-06-12T17:40:00Z,2013-06-12T23:39:23Z,,,,,,,,CALCULATED
2013-06-12T17:50:00Z,2013-06-12T23:49:23Z,,,,,,,,CALCULATED
2013-06-12T18:00:00Z,2013-06-12T23:59:23Z,,,,,,,,CALCULATED
2013-06-12T18:10:00Z,2013-06-13T00:09:11Z,,,,,,,,CALCULATED
2013-06-12T18:20:00Z,2013-06-13T00:19:11Z,,,,,,,,CALCULATED
2013-06-12T18:30:00Z,2013-06-13T00:29:11Z,,,,,,,,CALCULATED
2013-06-12T18:40:00Z,2013-06-13T00:39:11Z,,,,,,,,CALCULATED
2013-06-12T18:50:00Z,2013-06-13T00:49:11Z,,,,,,,,CALCULATED
2013-06-12T19:00:00Z,2013-06-13T00:59:11Z,,,,,,,,CALCULATED
2013-06-12T19:10:00Z,2013-06-13T01:09:11Z,,,,,,,,CALCULATED
2013-06-12T19:20:00Z,2013-06-13T01:19:11Z,,,,,,,,CALCULATED
2013-06-12T19:30:00Z,2013-06-13T01:29:11Z,,,,,,,,CALCULATED
2013-06-12T19:40:00Z,2013-06-13T01:39:11Z,,,,,,,,CALCULATED
2013-06-12T19:50:00Z,2013-06-13T01:49:11Z,,,,,,OUT_WARN,,CALCULATED
2013-06-12T20:00:00Z,2013-06-13T01:59:11Z,,,,,,OUT_WARN,,CALCULATED
2013-06-12T20:10:00Z,2013-06-13T02:09:11Z,,,,,,,,CALCULATED
2013-06-12T20:20:00Z,2013-06-13T02:19:11Z,,,,,,,,CALCULATED
2013-06-12T20:30:00Z,2013-06-13T02:29:11Z,,,,,,,,CALCULATED
2013-06-12T20:40:00Z,2013-06-13T02:39:11Z,,,,,,,,CALCULATED
2013-06-12T20:50:00Z,2013-06-13T02:49:11Z,,,,,,,,CALCULATED
2013-06-12T21:00:00Z,2013-06-13T02:59:11Z,,,,,,,,CALCULATED
2013-06-12T21:10:00Z,2013-06-13T03:09:11Z,,,,,,,,CALCULATED
2013-06-12T21:20:00Z,2013-06-13T03:19:11Z,,,,,,,,CALCULATED
2013-06-12T21:30:00Z,2013-06-13T03:29:11Z,,,,,,,,CALCULATED
2013-06-12T21:40:00Z,2013-06-13T03:39:11Z,,,,,,,,CALCULATED
2013-06-12T21:50:00Z,2013-06-13T03:49:11Z,,,,,,,,CALCULATED
2013-06-12T22:00:00Z,2013-06-13T03:59:11Z,,,,,,,,CALCULATED
2013-06-12T22:10:00Z,2013-06-13T04:09:11Z,,,,,,,,CALCULATED
2013-06-12T22:20:00Z,2013-06-13T04:19:11Z,,,,,,,,CALCULATED
2013-06-12T22:30:00Z,2013-06-13T04:29:11Z,,,,,,,,CALCULATED
2013-06-12T22:40:00Z,2013-06-13T04:39:11Z,,,,,,,,CALCULATED
2013-06-12T22:50:00Z,2013-06-13T04:49:11Z,,,,,,,,CALCULATED
2013-06-12T23:00:00Z,2013-06-13T04:59:11Z,,,,,,,,CALCULATED
2013-06-12T23:10:00Z,2013-06-13T05:09:11Z,,,,,,,,CALCULATED
2013-06-12T23:20:00Z,2013-06-13T05:19:11Z,,,,,,,,CALCULATED
2013-06-12T23:30:00Z,2013-06-13T05:29:11Z,,,,,,,,CALCULATED
2013-06-12T23:40:00Z,2013-06-13T05:39:11Z,,,,,,,,CALCULATED
2013-06-12T23:50:00Z,2013-06-13T05:49:11Z,,,,,,,,CALCULATED
2013-06-13T00:00:00Z,2013-06-13T05:59:11Z,,,,,,,,CALCULATED
2013-06-13T00:10:00Z,2013-06-13T06:09:11Z,,,,,,,,CALCULATED
2013-06-13T00:20:00Z,2013-06-13T06:19:11Z,,,,,,,,CALCULATED
2013-06-13T00:30:00Z,2013-06-13T06:29:11Z,,,,,,,,CALCULATED
2013-06-13T00:40:00Z,2013-06-13T06:39:11Z,,,,,,,,CALCULATED
2013-06-13T00:50:00Z,2013-06-13T06:49:11Z,,,,,,,,CALCULATED
2013-06-13T01:00:00Z,2013-06-13T06:59:11Z,,,,,,,,CALCULATED
2013-06-13T01:10:00Z,2013-06-13T07:09:11Z,,,,,,,,CALCULATED
2013-06-13T01:20:00Z,2013-06-13T07:19:11Z,,,,,,,,CALCULATED
2013-06-13T01:30:00Z,2013-06-13T07:29:11Z,,,,,,,,CALCULATED
2013-06-13T01:40:00Z,2013-06-13T07:39:11Z,,,,,,,,CALCULATED
2013-06-13T01:50:00Z,2013-06-13T07:49:11Z,,,,,,,,CALCULATED
2013-06-13T02:00:00Z,2013-06-13T07:59:11Z,,,,,,,,CALCULATED
2013-06-13T02:10:00Z,2013-06-13T08:09:11Z,,,,,,,,CALCULATED
2013-06-13T02:20:00Z,2013-06-13T08:19:11Z,,,,,,,,CALCULATED
2013-06-13T02:30:00Z,2013-06-13T08:29:11Z,,,,,,,,CALCULATED
2013-06-13T02:40:00Z,2013-06-13T08:39:11Z,,,,,,,,CALCULATED
2013-06-13T02:50:00Z,2013-06-13T08:49:11Z,,,,,,,,CALCULATED
2013-06-13T03:00:00Z,2013-06-13T08:59:11Z,,,,,,,,CALCULATED
2013-06-13T03:10:00Z,2013-06-13T09:09:11Z,,,,,,,,CALCULATED
2013-06-13T03:20:00Z,2013-06-13T09:19:11Z,,,,,,,,CALCULATED
2013-06-13T03:30:00Z,2013-06-13T09:29:11Z,,,,,,,,CALCULATED
2013-06-13T03:40:00Z,2013-06-13T09:39:11Z,,,,,,,,CALCULATED
2013-06-13T03:50:00Z,2013-06-13T09:49:11Z,,,,,,,,CALCULATED
2013-06-13T04:00:00Z,2013-06-13T09:59:11Z,,,,,,,,CALCULATED
2013-06-13T04:10:00Z,2013-06-13T10:09:11Z,,,,,,,,CALCULATED
2013-06-13T04:20:00Z,2013-06-13T10:19:11Z,,,,,,,,CALCULATED
2013-06-13T04:30:00Z,2013-06-13T10:29:11Z,,,,,,,,CALCULATED
2013-06-13T04:40:00Z,2013-06-13T10:39:11Z,,,,,,,,CALCULATED
2013-06-13T04:50:00Z,2013-06-13T10:49:11Z,,,,,,,,CALCULATED
2013-06-13T05:00:00Z,2013-06-13T10:59:11Z,,,,,,,,CALCULATED
2013-06-13T05:10:00Z,2013-06-13T11:09:11Z,,,,,,,,CALCULATED
2013-06-13T05:20:00Z,2013-06-13T11:19:11Z,,,,,,,,CALCULATED
2013-06-13T05:30:00Z,2013-06-13T11:29:11Z,,,,,,,,CALCULATED
2013-06-13T05:40:00Z,2013-06-13T11:39:11Z,,,,,,,,CALCULATED
2013-06-13T05:50:00Z,2013-06-13T11:49:11Z,,,,,,,,CALCULATED
2013-06-13T06:00:00Z,2013-06-13T11:59:11Z,,,,,,,,CALCULATED
2013-06-13T06:10:00Z,2013-06-13T12:09:11Z,,,,,,,,CALCULATED
2013-06-13T06:20:00Z,2013-06-13T12:19:11Z,,,,,,,,CALCULATED
2013-06-13T06:30:00Z,2013-06-13T12:29:11Z,,,,,,,,CALCULATED
2013-06-13T06:40:00Z,2013-06-13T12:39:11Z,,,,,,,,CALCULATED
2013-06-13T06:50:00Z,2013-06-13T12:49:11Z,,,,,,,,CALCULATED
2013-06-13T07:00:00Z,2013-06-13T12:59:11Z,,,,,,,,CALCULATED
2013-06-13T07:10:00Z,2013-06-13T13:09:11Z,,,,,,,,CALCULATED
2013-06-13T07:20:00Z,2013-06-13T13:19:11Z,,,,,,,,CALCULATED
2013-06-13T07:30:00Z,2013-06-13T13:29:11Z,,,,,,,,CALCULATED
2013-06-13T07:40:00Z,2013-06-13T13:39:11Z,,,,,,,,CALCULATED
2013-06-13T07:50:00Z,2013-06-13T13:49:11Z,,,,,,,,CALCULATED
2013-06-13T08:00:00Z,2013-06-13T13:59:11Z,,,,,,,,CALCULATED
2013-06-13T08:10:00Z,2013-06-13T14:09:11Z,,,,,,,,CALCULATED
2013-06-13T08:20:00Z,2013-06-13T14:19:11Z,,,,,,,,CALCULATED
2013-06-13T08:30:00Z,2013-06-13T14:29:11Z,,,,,,,,CALCULATED
2013-06-13T08:40:00Z,2013-06-13T14:39:11Z,,,,,,,,CALCULATED
2013-06-13T08:50:00Z,2013-06-13T14:49:11Z,,,,,,,,CALCULATED
2013-06-13T09:00:00Z,2013-06-13T14:59:11Z,,,,,,,,CALCULATED
2013-06-13T09:10:00Z,2013-06-13T15:09:11Z,,,,,,,,CALCULATED
2013-06-13T09:20:00Z,2013-06-13T15:19:11Z,,,,,,,,CALCULATED
2013-06-13T09:30:00Z,2013-06-13T15:29:11Z,,,,,,,,CALCULATED
2013-06-13T09:40:00Z,2013-06-13T15:39:11Z,,,,,,,,CALCULATED
2013-06-13T09:50:00Z,2013-06-13T15:49:11Z,,,,,,,,CALCULATED
2013-06-13T10:00:00Z,2013-06-13T15:59:11Z,,,,,,,,CALCULATED
2013-06-13T10:10:00Z,2013-06-13T16:09:11Z,,,,,,,,CALCULATED
2013-06-13T10:20:00Z,2013-06-13T16:19:11Z,,,,,,,,CALCULATED
2013-06-13T10:30:00Z,2013-06-13T16:29:11Z,,,,,,,,CALCULATED
2013-06-13T10:40:00Z,2013-06-13T16:39:11Z,,,,,,,,CALCULATED
2013-06-13T10:50:00Z,2013-06-13T16:49:11Z,,,,,,,,CALCULATED
2013-06-13T11:00:00Z,2013-06-13T16:59:11Z,,,,,,,,CALCULATED
2013-06-13T11:10:00Z,2013-06-13T17:09:11Z,,,,,,,,CALCULATED
2013-06-13T11:20:00Z,2013-06-13T17:19:11Z,,,,,,,,CALCULATED
2013-06-13T11:30:00Z,2013-06-13T17:29:11Z,,,,,,,,CALCULATED
2013-06-13T11:40:00Z,2013-06-13T17:39:11Z,,,,,,,,CALCULATED
2013-06-13T11:50:00Z,2013-06-13T17:49:11Z,,,,,,,,CALCULATED
2013-06-13T12:00:00Z,2013-06-13T17:59:11Z,,,,,,,,CALCULATED
2013-06-13T12:10:00Z,2013-06-13T18:09:11Z,,,,,,,,CALCULATED
2013-06-13T12:20:00Z,2013-06-13T18:19:11Z,,,,,,,,CALCULATED
2013-06-13T12:30:00Z,2013-06-13T18:29:11Z,,,,,,,,CALCULATED
2013-06-13T12:40:00Z,2013-06-13T18:39:11Z,,,,,,,,CALCULATED
2013-06-13T12:50:00Z,2013-06-13T18:49:11Z,,,,,,,,CALCULATED
2013-06-13T13:00:00Z,2013-06-13T18:59:11Z,,,,,,,,CALCULATED
2013-06-13T13:10:00Z,2013-06-13T19:09:11Z,,,,,,,,CALCULATED
2013-06-13T13:20:00Z,2013-06-13T19:19:11Z,,,,,,,,CALCULATED
2013-06-13T13:30:00Z,2013-06-13T19:29:11Z,,,,,,,,CALCULATED
2013-06-13T13:40:00Z,2013-06-13T19:39:11Z,,,,,,,,CALCULATED
2013-06-13T13:50:00Z,2013-06-13T19:49:11Z,,,,,,,,CALCULATED
2013-06-13T14:00:00Z,2013-06-13T19:59:11Z,,,,,,,,CALCULATED
2013-06-13T14:10:00Z,2013-06-13T20:09:11Z,,,,,,,,CALCULATED
2013-06-13T14:20:00Z,2013-06-13T20:19:11Z,,,,,,,,CALCULATED
2013-06-13T14:30:00Z,2013-06-13T20:29:11Z,,,,,,,,CALCULATED
2013-06-13T14:40:00Z,2013-06-13T20:39:11Z,,,,,,,,CALCULATED
2013-06-13T14:50:00Z,2013-06-13T20:49:11Z,,,,,,,,CALCULATED
2013-06-13T15:00:00Z,2013-06-13T20:59:11Z,,,,,,,,CALCULATED
2013-06-13T15:10:00Z,2013-06-13T21:09:11Z,,,,,,,,CALCULATED
2013-06-13T15:20:00Z,2013-06-13T21:19:11Z,,,,,,,,CALCULATED
2013-06-13T15:30:00Z,2013-06-13T21:29:11Z,,,,,,,,CALCULATED
2013-06-13T15:40:00Z,2013-06-13T21:39:11Z,,,,,,,,CALCULATED
2013-06-13T15:50:00Z,2013-06-13T21:49:11Z,,,,,,,,CALCULATED
2013-06-13T16:00:00Z,2013-06-13T21:59:11Z,,,,,,,,CALCULATED
2013-06-13T16:10:00Z,2013-06-13T22:09:11Z,,,,,,,,CALCULATED
2013-06-13T16:20:00Z,2013-06-13T22:19:11Z,,,,,,,,CALCULATED
2013-06-13T16:30:00Z,2013-06-13T22:29:11Z,,,,,,,,CALCULATED
2013-06-13T16:40:00Z,2013-06-13T22:39:11Z,,,,,,,,CALCULATED
2013-06-13T16:50:00Z,2013-06-13T22:49:11Z,,,,,,,,CALCULATED
2013-06-13T17:00:00Z,2013-06-13T22:59:11Z,,,,,,,,CALCULATED
2013-06-13T17:10:00Z,2013-06-13T23:09:11Z,,,,,,,,CALCULATED
2013-06-13T17:20:00Z,2013-06-13T23:19:11Z,,,,,,,,CALCULATED
2013-06-13T17:30:00Z,2013-06-13T23:29:11Z,,,,,,,,CALCULATED
2013-06-13T17:40:00Z,2013-06-13T23:39:11Z,,,,,,,,CALCULATED
2013-06-13T17:50:00Z,2013-06-13T23:49:11Z,,,,,,,,CALCULATED
2013-06-13T18:00:00Z,2013-06-13T23:59:11Z,,,,,,,,CALCULATED
2013-06-13T18:10:00Z,2013-06-14T00:08:59Z,,,,,,,,CALCULATED
2013-06-13T18:20:00Z,2013-06-14T00:18:59Z,,,,,,,,CALCULATED
2013-06-13T18:30:00Z,2013-06-14T00:28:59Z,,,,,,,,CALCULATED
2013-06-13T18:40:00Z,2013-06-14T00:38:59Z,,,,,,,,CALCULATED
2013-06-13T18:50:00Z,2013-06-14T00:48:59Z,,,,,,,,CALCULATED
2013-06-13T19:00:00Z,2013-06-14T00:58:59Z,,,,,,,,CALCULATED
2013-06-13T19:10:00Z,2013-06-14T01:08:59Z,,,,,,,,CALCULATED
2013-06-13T19:20:00Z,2013-06-14T01:18:59Z,,,,,,,,CALCULATED
2013-06-13T19:30:00Z,2013-06-14T01:28:59Z,,,,,,,,CALCULATED
2013-06-13T19:40:00Z,2013-06-14T01:38:59Z,,,,,,,,CALCULATED
2013-06-13T19:50:00Z,2013-06-14T01:48:59Z,,,,,,,,CALCULATED
2013-06-13T20:00:00Z,2013-06-14T01:58:59Z,,,,,,,,CALCULATED
2013-06-13T20:10:00Z,2013-06-14T02:08:59Z,,,,,,,,CALCULATED
2013-06-13T20:20:00Z,2013-06-14T02:18:59Z,,,,,,,,CALCULATED
2013-06-13T20:30:00Z,2013-06-14T02:28:59Z,,,,,,,,CALCULATED
2013-06-13T20:40:00Z,2013-06-14T02:38:59Z,,,,,,,,CALCULATED
2013-06-13T20:50:00Z,2013-06-14T02:48:59Z,,,,,,,,CALCULATED
2013-06-13T21:00:00Z,2013-06-14T02:58:59Z,,,,,,,,CALCULATED
2013-06-13T21:10:00Z,2013-06-14T03:08:59Z,,,,,,,,CALCULATED
2013-06-13T21:20:00Z,2013-06-14T03:18:59Z,,,,,,,,CALCULATED
2013-06-13T21:30:00Z,2013-06-14T03:28:59Z,,,,,,,,CALCULATED
2013-06-13T21:40:00Z,2013-06-14T03:38:59Z,,,,,,,,CALCULATED
2013-06-13T21:50:00Z,2013-06-14T03:48:59Z,,,,,,,,CALCULATED
2013-06-13T22:00:00Z,2013-06-14T03:58:59Z,,,,,,,,CALCULATED
2013-06-13T22:10:00Z,2013-06-14T04:08:59Z,,,,,,,,CALCULATED
2013-06-13T22:20:00Z,2013-06-14T04:18:59Z,,,,,,,,CALCULATED
2013-06-13T22:30:00Z,2013-06-14T04:28:59Z,,,,,,,,CALCULATED
2013-06-13T22:40:00Z,2013-06-14T04:38:59Z,,,,,,,,CALCULATED
2013-06-13T22:50:00Z,2013-06-14T04:48:59Z,,,,,,,,CALCULATED
2013-06-13T23:00:00Z,2013-06-14T04:58:59Z,,,,,,,,CALCULATED
2013-06-13T23:10:00Z,2013-06-14T05:08:59Z,,,,,,,,CALCULATED
2013-06-13T23:20:00Z,2013-06-14T05:18:59Z,,,,,,,,CALCULATED
2013-06-13T23:30:00Z,2013-06-14T05:28:59Z,,,,,,,,CALCULATED
2013-06-13T23:40:00Z,2013-06-14T05:38:59Z,,,,,,,,CALCULATED
2013-06-13T23:50:00Z,2013-06-14T05:48:59Z,,,,,,,,CALCULATED
2013-06-14T00:00:00Z,2013-06-14T05:58:59Z,,,,,,,,CALCULATED
2013-06-14T00:10:00Z,2013-06-14T06:08:59Z,,,,,,,,CALCULATED
2013-06-14T00:20:00Z,2013-06-14T06:18:59Z,,,,,,,,CALCULATED
2013-06-14T00:30:00Z,2013-06-14T06:28:59Z,,,,,,,,CALCULATED
2013-06-14T00:40:00Z,2013-06-14T06:38:59Z,,,,,,,,CALCULATED
2013-06-14T00:50:00Z,2013-06-14T06:48:59Z,,,,,,,,CALCULATED
2013-06-14T01:00:00Z,2013-06-14T06:58:59Z,,,,,,,,CALCULATED
2013-06-14T01:10:00Z,2013-06-14T07:08:59Z,,,,,,,,CALCULATED
2013-06-14T01:20:00Z,2013-06-14T07:18:59Z,,,,,,,,CALCULATED
2013-06-14T01:30:00Z,2013-06-14T07:28:59Z,,,,,,,,CALCULATED
2013-06-14T01:40:00Z,2013-06-14T07:38:59Z,,,,,,,,CALCULATED
2013-06-14T01:50:00Z,2013-06-14T07:48:59Z,,,,,,,,CALCULATED
2013-06-14T02:00:00Z,2013-06-14T07:58:59Z,,,,,,,,CALCULATED
2013-06-14T02:10:00Z,2013-06-14T08:08:59Z,,,,,,,,CALCULATED
2013-06-14T02:20:00Z,2013-06-14T08:18:59Z,,,,,,,,CALCULATED
2013-06-14T02:30:00Z,2013-06-14T08:28:59Z,,,,,,,,CALCULATED
2013-06-14T02:40:00Z,2013-06-14T08:38:59Z,,,,,,,,CALCULATED
2013-06-14T02:50:00Z,2013-06-14T08:48:59Z,,,,,,,,CALCULATED
2013-06-14T03:00:00Z,2013-06-14T08:58:59Z,,,,,,,,CALCULATED
2013-06-14T03:10:00Z,2013-06-14T09:08:59Z,,,,,,,,CALCULATED
2013-06-14T03:20:00Z,2013-06-14T09:18:59Z,,,,,,,,CALCULATED
2013-06-14T03:30:00Z,2013-06-14T09:28:59Z,,,,,,,,CALCULATED
2013-06-14T03:40:00Z,2013-06-14T09:38:59Z,,,,,,,,CALCULATED
2013-06-14T03:50:00Z,2013-06-14T09:48:59Z,,,,,,,,CALCULATED
2013-06-14T04:00:00Z,2013-06-14T09:58:59Z,,,,,,,,CALCULATED
2013-06-14T04:10:00Z,2013-06-14T10:08:59Z,,,,,,,,CALCULATED
2013-06-14T04:20:00Z,2013-06-14T10:18:59Z,,,,,,,,CALCULATED
2013-06-14T04:30:00Z,2013-06-14T10:28:59Z,,,,,,,,CALCULATED
2013-06-14T04:40:00Z,2013-06-14T10:38:59Z,,,,,,,,CALCULATED
2013-06-14T04:50:00Z,2013-06-14T10:48:59Z,,,,,,,,CALCULATED
2013-06-14T05:00:00Z,2013-06-14T10:58:59Z,,,,,,,,CALCULATED
2013-06-14T05:10:00Z,2013-06-14T11:08:59Z,,,,,,,,CALCULATED
2013-06-14T05:20:00Z,2013-06-14T11:18:59Z,,,,,,,,CALCULATED
2013-06-14T05:30:00Z,2013-06-14T11:28:59Z,,,,,,,,CALCULATED
2013-06-14T05:40:00Z,2013-06-14T11:38:59Z,,,,,,,,CALCULATED
2013-06-14T05:50:00Z,2013-06-14T11:48:59Z,,,,,,,,CALCULATED
2013-06-14T06:00:00Z,2013-06-14T11:58:59Z,,,,,,,,CALCULATED
2013-06-14T06:10:00Z,2013-06-14T12:08:59Z,,,,,,,,CALCULATED
2013-06-14T06:20:00Z,2013-06-14T12:18:59Z,,,,,,,,CALCULATED
2013-06-14T06:30:00Z,2013-06-14T12:28:59Z,,,,,,,,CALCULATED
2013-06-14T06:40:00Z,2013-06-14T12:38:59Z,,,,,,,,CALCULATED
2013-06-14T06:50:00Z,2013-06-14T12:48:59Z,,,,,,,,CALCULATED
2013-06-14T07:00:00Z,2013-06-14T12:58:59Z,,,,,,,,CALCULATED
2013-06-14T07:10:00Z,2013-06-14T13:08:59Z,,,,,,,,CALCULATED
2013-06-14T07:20:00Z,2013-06-14T13:18:59Z,,,,,,,,CALCULATED
2013-06-14T07:30:00Z,2013-06-14T13:28:59Z,,,,,,,,CALCULATED
2013-06-14T07:40:00Z,2013-06-14T13:38:59Z,,,,,,,,CALCULATED
2013-06-14T07:50:00Z,2013-06-14T13:48:59Z,,,,,,,,CALCULATED
2013-06-14T08:00:00Z,2013-06-14T13:58:59Z,,,,,,,,CALCULATED
2013-06-14T08:10:00Z,2013-06-14T14:08:59Z,,,,,,,,CALCULATED
2013-06-14T08:20:00Z,2013-06-14T14:18:59Z,,,,,,,,CALCULATED
2013-06-14T08:30:00Z,2013-06-14T14:28:59Z,,,,,,,,CALCULATED
2013-06-14T08:40:00Z,2013-06-14T14:38:59Z,,,,,,,,CALCULATED
2013-06-14T08:50:00Z,2013-06-14T14:48:59Z,,,,,,,,CALCULATED
2013-06-14T09:00:00Z,2013-06-14T14:58:59Z,,,,,,,,CALCULATED
2013-06-14T09:10:00Z,2013-06-14T15:08:59Z,,,,,,,,CALCULATED
2013-06-14T09:20:00Z,2013-06-14T15:18:59Z,,,,,,,,CALCULATED
2013-06-14T09:30:00Z,2013-06-14T15:28:59Z,,,,,,,,CALCULATED
2013-06-14T09:40:00Z,2013-06-14T15:38:59Z,,,,,,,,CALCULATED
2013-06-14T09:50:00Z,2013-06-14T15:48:59Z,,,,,,,,CALCULATED
2013-06-14T10:00:00Z,2013-06-14T15:58:59Z,,,,,,,,CALCULATED
2013-06-14T10:10:00Z,2013-06-14T16:08:59Z,,,,,,,,CALCULATED
2013-06-14T10:20:00Z,2013-06-14T16:18:59Z,,,,,,,,CALCULATED
2013-06-14T10:30:00Z,2013-06-14T16:28:59Z,,,,,,,,CALCULATED
2013-06-14T10:40:00Z,2013-06-14T16:38:59Z,,,,,,,,CALCULATED
2013-06-14T10:50:00Z,2013-06-14T16:48:59Z,,,,,,,,CALCULATED
2013-06-14T11:00:00Z,2013-06-14T16:58:59Z,,,,,,,,CALCULATED
2013-06-14T11:10:00Z,2013-06-14T17:08:59Z,,,,,,,,CALCULATED
2013-06-14T11:20:00Z,2013-06-14T17:18:59Z,,,,,,,,CALCULATED
2013-06-14T11:30:00Z,2013-06-14T17:28:59Z,,,,,,,,CALCULATED
2013-06-14T11:40:00Z,2013-06-14T17:38:59Z,,,,,,,,CALCULATED
2013-06-14T11:50:00Z,2013-06-14T17:48:59Z,,,,,,,,CALCULATED
2013-06-14T12:00:00Z,2013-06-14T17:58:59Z,,,,,,,,CALCULATED
2013-06-14T12:10:00Z,2013-06-14T18:08:59Z,,,,,,,,CALCULATED
2013-06-14T12:20:00Z,2013-06-14T18:18:59Z,,,,,,,,CALCULATED
2013-06-14T12:30:00Z,2013-06-14T18:28:59Z,,,,,,,,CALCULATED
2013-06-14T12:40:00Z,2013-06-14T18:38:59Z,,,,,,,,CALCULATED
2013-06-14T12:50:00Z,2013-06-14T18:48:59Z,,,,,,,,CALCULATED
2013-06-14T13:00:00Z,2013-06-14T18:58:59Z,,,,,,,,CALCULATED
2013-06-14T13:10:00Z,2013-06-14T19:08:59Z,,,,,,,,CALCULATED
2013-06-14T13:20:00Z,2013-06-14T19:18:59Z,,,,,,,,CALCULATED
2013-06-14T13:30:00Z,2013-06-14T19:28:59Z,,,,,,,,CALCULATED
2013-06-14T13:40:00Z,2013-06-14T19:38:59Z,,,,,,,,CALCULATED
2013-06-14T13:50:00Z,2013-06-14T19:48:59Z,,,,,,,,CALCULATED
2013-06-14T14:00:00Z,2013-06-14T19:58:59Z,,,,,,,,CALCULATED
2013-06-14T14:10:00Z,2013-06-14T20:08:59Z,,,,,,,,CALCULATED
2013-06-14T14:20:00Z,2013-06-14T20:18:59Z,,,,,,,,CALCULATED
2013-06-14T14:30:00Z,2013-06-14T20:28:59Z,,,,,,,,CALCULATED
2013-06-14T14:40:00Z,2013-06-14T20:38:59Z,,,,,,,,CALCULATED
2013-06-14T14:50:00Z,2013-06-14T20:48:59Z,,,,,,,,CALCULATED
2013-06-14T15:00:00Z,2013-06-14T20:58:59Z,,,,,,,,CALCULATED
2013-06-14T15:10:00Z,2013-06-14T21:08:59Z,,,,,,,,CALCULATED
2013-06-14T15:20:00Z,2013-06-14T21:18:59Z,,,,,,,,CALCULATED
2013-06-14T15:30:00Z,2013-06-14T21:28:59Z,,,,,,,,CALCULATED
2013-06-14T15:40:00Z,2013-06-14T21:38:59Z,,,,,,,,CALCULATED
2013-06-14T15:50:00Z,2013-06-14T21:48:59Z,,,,,,,,CALCULATED
2013-06-14T16:00:00Z,2013-06-14T21:58:59Z,,,,,,,,CALCULATED
2013-06-14T16:10:00Z,2013-06-14T22:08:59Z,,,,,,,,CALCULATED
2013-06-14T16:20:00Z,2013-06-14T22:18:59Z,,,,,,,,CALCULATED
2013-06-14T16:30:00Z,2013-06-14T22:28:59Z,,,,,,,,CALCULATED
2013-06-14T16:40:00Z,2013-06-14T22:38:59Z,,,,,,,,CALCULATED
2013-06-14T16:50:00Z,2013-06-14T22:48:59Z,,,,,,,,CALCULATED
2013-06-14T17:00:00Z,2013-06-14T22:58:59Z,,,,,,,,CALCULATED
2013-06-14T17:10:00Z,2013-06-14T23:08:59Z,,,,,,,,CALCULATED
2013-06-14T17:20:00Z,2013-06-14T23:18:59Z,,,,,,,,CALCULATED
2013-06-14T17:30:00Z,2013-06-14T23:28:59Z,,,,,,,,CALCULATED
2013-06-14T17:40:00Z,2013-06-14T23:38:59Z,,,,,,,,CALCULATED
2013-06-14T17:50:00Z,2013-06-14T23:48:59Z,,,,,,OUT_WARN,,CALCULATED
2013-06-14T18:00:00Z,2013-06-14T23:58:59Z,,,,,,,,CALCULATED
2013-06-14T18:10:00Z,2013-06-15T00:08:47Z,,,,,,,,CALCULATED
2013-06-14T18:20:00Z,2013-06-15T00:18:47Z,,,,,,,,CALCULATED
2013-06-14T18:30:00Z,2013-06-15T00:28:47Z,,,,,,,,CALCULATED
2013-06-14T18:40:00Z,2013-06-15T00:38:47Z,,,,,,,,CALCULATED
2013-06-14T18:50:00Z,2013-06-15T00:48:47Z,,,,,,,,CALCULATED
2013-06-14T19:00:00Z,2013-06-15T00:58:47Z,,,,,,,,CALCULATED
2013-06-14T19:10:00Z,2013-06-15T01:08:47Z,,,,,,,,CALCULATED
2013-06-14T19:20:00Z,2013-06-15T01:18:47Z,,,,,,,,CALCULATED
2013-06-14T19:30:00Z,2013-06-15T01:28:47Z,,,,,,,,CALCULATED
2013-06-14T19:40:00Z,2013-06-15T01:38:47Z,,,,,,,,CALCULATED
2013-06-14T19:50:00Z,2013-06-15T01:48:47Z,,,,,,,,CALCULATED
2013-06-14T20:00:00Z,2013-06-15T01:58:47Z,,,,,,,,CALCULATED
2013-06-14T20:10:00Z,2013-06-15T02:08:47Z,,,,,,,,CALCULATED
2013-06-14T20:20:00Z,2013-06-15T02:18:47Z,,,,,,,,CALCULATED
2013-06-14T20:30:00Z,2013-06-15T02:28:47Z,,,,,,,,CALCULATED
2013-06-14T20:40:00Z,2013-06-15T02:38:47Z,,,,,,,,CALCULATED
2013-06-14T20:50:00Z,2013-06-15T02:48:47Z,,,,,,,,CALCULATED
2013-06-14T21:00:00Z,2013-06-15T02:58:47Z,,,,,,,,CALCULATED
2013-06-14T21:10:00Z,2013-06-15T03:08:47Z,,,,,,,,CALCULATED
2013-06-14T21:20:00Z,2013-06-15T03:18:47Z,,,,,,,,CALCULATED
2013-06-14T21:30:00Z,2013-06-15T03:28:47Z,,,,,,,,CALCULATED
2013-06-14T21:40:00Z,2013-06-15T03:38:47Z,,,,,,,,CALCULATED
2013-06-14T21:50:00Z,2013-06-15T03:48:47Z,,,,,,,,CALCULATED
2013-06-14T22:00:00Z,2013-06-15T03:58:47Z,,,,,,,,CALCULATED
2013-06-14T22:10:00Z,2013-06-15T04:08:47Z,,,,,,OUT_WARN,,CALCULATED
2013-06-14T22:20:00Z,2013-06-15T04:18:47Z,,,,,,,,CALCULATED
2013-06-14T22:30:00Z,2013-06-15T04:28:47Z,,,,,,,,CALCULATED
2013-06-14T22:40:00Z,2013-06-15T04:38:47Z,,,,,,,,CALCULATED
2013-06-14T22:50:00Z,2013-06-15T04:48:47Z,,,,,,,,CALCULATED
2013-06-14T23:00:00Z,2013-06-15T04:58:47Z,,,,,,,,CALCULATED
2013-06-14T23:10:00Z,2013-06-15T05:08:47Z,,,,,,,,CALCULATED
2013-06-14T23:20:00Z,2013-06-15T05:18:47Z,,,,,,,,CALCULATED
2013-06-14T23:30:00Z,2013-06-15T05:28:47Z,,,,,,,,CALCULATED
2013-06-14T23:40:00Z,2013-06-15T05:38:47Z,,,,,,,,CALCULATED
2013-06-14T23:50:00Z,2013-06-15T05:48:47Z,,,,,,,,CALCULATED
2013-06-15T00:00:00Z,2013-06-15T05:58:47Z,,,,,,,,CALCULATED
2013-06-15T00:10:00Z,2013-06-15T06:08:47Z,,,,,,,,CALCULATED
2013-06-15T00:20:00Z,2013-06-15T06:18:47Z,,,,,,,,CALCULATED
2013-06-15T00:30:00Z,2013-06-15T06:28:47Z,,,,,,,,CALCULATED
2013-06-15T00:40:00Z,2013-06-15T06:38:47Z,,,,,,,,CALCULATED
2013-06-15T00:50:00Z,2013-06-15T06:48:47Z,,,,,,,,CALCULATED
2013-06-15T01:00:00Z,2013-06-15T06:58:47Z,,,,,,,,CALCULATED
2013-06-15T01:10:00Z,2013-06-15T07:08:47Z,,,,,,,,CALCULATED
2013-06-15T01:20:00Z,2013-06-15T07:18:47Z,,,,,,,,CALCULATED
2013-06-15T01:30:00Z,2013-06-15T07:28:47Z,,,,,,,,CALCULATED
2013-06-15T01:40:00Z,2013-06-15T07:38:47Z,,,,,,,,CALCULATED
2013-06-15T01:50:00Z,2013-06-15T07:48:47Z,,,,,,,,CALCULATED
2013-06-15T02:00:00Z,2013-06-15T07:58:47Z,,,,,,,,CALCULATED
2013-06-15T02:10:00Z,2013-06-15T08:08:47Z,,,,,,,,CALCULATED
2013-06-15T02:20:00Z,2013-06-15T08:18:47Z,,,,,,,,CALCULATED
2013-06-15T02:30:00Z,2013-06-15T08:28:47Z,,,,,,,,CALCULATED
2013-06-15T02:40:00Z,2013-06-15T08:38:47Z,,,,,,,,CALCULATED
2013-06-15T02:50:00Z,2013-06-15T08:48:47Z,,,,,,,,CALCULATED
2013-06-15T03:00:00Z,2013-06-15T08:58:47Z,,,,,,,,CALCULATED
2013-06-15T03:10:00Z,2013-06-15T09:08:47Z,,,,,,,,CALCULATED
2013-06-15T03:20:00Z,2013-06-15T09:18:47Z,,,,,,,,CALCULATED
2013-06-15T03:30:00Z,2013-06-15T09:28:47Z,,,,,,,,CALCULATED
2013-06-15T03:40:00Z,2013-06-15T09:38:47Z,,,,,,,,CALCULATED
2013-06-15T03:50:00Z,2013-06-15T09:48:47Z,,,,,,,,CALCULATED
2013-06-15T04:00:00Z,2013-06-15T09:58:47Z,,,,,,,,CALCULATED
2013-06-15T04:10:00Z,2013-06-15T10:08:47Z,,,,,,,,CALCULATED
2013-06-15T04:20:00Z,2013-06-15T10:18:47Z,,,,,,,,CALCULATED
2013-06-15T04:30:00Z,2013-06-15T10:28:47Z,,,,,,,,CALCULATED
2013-06-15T04:40:00Z,2013-06-15T10:38:47Z,,,,,,,,CALCULATED
2013-06-15T04:50:00Z,2013-06-15T10:48:47Z,,,,,,,,CALCULATED
2013-06-15T05:00:00Z,2013-06-15T10:58:47Z,,,,,,,,CALCULATED
2013-06-15T05:10:00Z,2013-06-15T11:08:47Z,,,,,,,,CALCULATED
2013-06-15T05:20:00Z,2013-06-15T11:18:47Z,,,,,,,,CALCULATED
2013-06-15T05:30:00Z,2013-06-15T11:28:47Z,,,,,,,,CALCULATED
2013-06-15T05:40:00Z,2013-06-15T11:38:47Z,,,,,,,,CALCULATED
2013-06-15T05:50:00Z,2013-06-15T11:48:47Z,,,,,,,,CALCULATED
2013-06-15T06:00:00Z,2013-06-15T11:58:47Z,,,,,,,,CALCULATED
2013-06-15T06:10:00Z,2013-06-15T12:08:47Z,,,,,,,,CALCULATED
2013-06-15T06:20:00Z,2013-06-15T12:18:47Z,,,,,,,,CALCULATED
2013-06-15T06:30:00Z,2013-06-15T12:28:47Z,,,,,,,,CALCULATED
2013-06-15T06:40:00Z,2013-06-15T12:38:47Z,,,,,,,,CALCULATED
2013-06-15T06:50:00Z,2013-06-15T12:48:47Z,,,,,,,,CALCULATED
2013-06-15T07:00:00Z,2013-06-15T12:58:47Z,,,,,,,,CALCULATED
2013-06-15T07:10:00Z,2013-06-15T13:08:47Z,,,,,,,,CALCULATED
2013-06-15T07:20:00Z,2013-06-15T13:18:47Z,,,,,,,,CALCULATED
2013-06-15T07:30:00Z,2013-06-15T13:28:47Z,,,,,,,,CALCULATED
2013-06-15T07:40:00Z,2013-06-15T13:38:47Z,,,,,,,,CALCULATED
2013-06-15T07:50:00Z,2013-06-15T13:48:47Z,,,,,,,,CALCULATED
2013-06-15T08:00:00Z,2013-06-15T13:58:47Z,,,,,,,,CALCULATED
2013-06-15T08:10:00Z,2013-06-15T14:08:47Z,,,,,,,,CALCULATED
2013-06-15T08:20:00Z,2013-06-15T14:18:47Z,,,,,,,,CALCULATED
2013-06-15T08:30:00Z,2013-06-15T14:28:47Z,,,,,,,,CALCULATED
2013-06-15T08:40:00Z,2013-06-15T14:38:47Z,,,,,,,,CALCULATED
2013-06-15T08:50:00Z,2013-06-15T14:48:47Z,,,,,,,,CALCULATED
2013-06-15T09:00:00Z,2013-06-15T14:58:47Z,,,,,,,,CALCULATED
2013-06-15T09:10:00Z,2013-06-15T15:08:47Z,,,,,,,,CALCULATED
2013-06-15T09:20:00Z,2013-06-15T15:18:47Z,,,,,,,,CALCULATED
2013-06-15T09:30:00Z,2013-06-15T15:28:47Z,,,,,,,,CALCULATED
2013-06-15T09:40:00Z,2013-06-15T15:38:47Z,,,,,,,,CALCULATED
2013-06-15T09:50:00Z,2013-06-15T15:48:47Z,,,,,,,,CALCULATED
2013-06-15T10:00:00Z,2013-06-15T15:58:47Z,,,,,,,,CALCULATED
2013-06-15T10:10:00Z,2013-06-15T16:08:47Z,,,,,,,,CALCULATED
2013-06-15T10:20:00Z,2013-06-15T16:18:47Z,,,,,,,,CALCULATED
2013-06-15T10:30:00Z,2013-06-15T16:28:47Z,,,,,,,,CALCULATED
2013-06-15T10:40:00Z,2013-06-15T16:38:47Z,,,,,,,,CALCULATED
2013-06-15T10:50:00Z,2013-06-15T16:48:47Z,,,,,,,,CALCULATED
2013-06-15T11:00:00Z,2013-06-15T16:58:47Z,,,,,,,,CALCULATED
2013-06-15T11:10:00Z,2013-06-15T17:08:47Z,,,,,,,,CALCULATED
2013-06-15T11:20:00Z,2013-06-15T17:18:47Z,,,,,,,,CALCULATED
2013-06-15T11:30:00Z,2013-06-15T17:28:47Z,,,,,,,,CALCULATED
2013-06-15T11:40:00Z,2013-06-15T17:38:47Z,,,,,,,,CALCULATED
2013-06-15T11:50:00Z,2013-06-15T17:48:47Z,,,,,,,,CALCULATED
2013-06-15T12:00:00Z,2013-06-15T17:58:47Z,,,,,,,,CALCULATED
2013-06-15T12:10:00Z,2013-06-15T18:08:47Z,,,,,,,,CALCULATED
2013-06-15T12:20:00Z,2013-06-15T18:18:47Z,,,,,,,,CALCULATED
2013-06-15T12:30:00Z,2013-06-15T18:28:47Z,,,,,,,,CALCULATED
2013-06-15T12:40:00Z,2013-06-15T18:38:47Z,,,,,,,,CALCULATED
2013-06-15T12:50:00Z,2013-06-15T18:48:47Z,,,,,,,,CALCULATED
2013-06-15T13:00:00Z,2013-06-15T18:58:47Z,,,,,,,,CALCULATED
2013-06-15T13:10:00Z,2013-06-15T19:08:47Z,,,,,,,,CALCULATED
2013-06-15T13:20:00Z,2013-06-15T19:18:47Z,,,,,,,,CALCULATED
2013-06-15T13:30:00Z,2013-06-15T19:28:47Z,,,,,,,,CALCULATED
2013-06-15T13:40:00Z,2013-06-15T19:38:47Z,,,,,,,,CALCULATED
2013-06-15T13:50:00Z,2013-06-15T19:48:47Z,,,,,,,,CALCULATED
2013-06-15T14:00:00Z,2013-06-15T19:58:47Z,,,,,,,,CALCULATED
2013-06-15T14:10:00Z,2013-06-15T20:08:47Z,,,,,,,,CALCULATED
2013-06-15T14:20:00Z,2013-06-15T20:18:47Z,,,,,,,,CALCULATED
2013-06-15T14:30:00Z,2013-06-15T20:28:47Z,,,,,,,,CALCULATED
2013-06-15T14:40:00Z,2013-06-15T20:38:47Z,,,,,,,,CALCULATED
2013-06-15T14:50:00Z,2013-06-15T20:48:47Z,,,,,,,,CALCULATED
2013-06-15T15:00:00Z,2013-06-15T20:58:47Z,,,,,,,,CALCULATED
2013-06-15T15:10:00Z,2013-06-15T21:08:47Z,,,,,,,,CALCULATED
2013-06-15T15:20:00Z,2013-06-15T21:18:47Z,,,,,,,,CALCULATED
2013-06-15T15:30:00Z,2013-06-15T21:28:47Z,,,,,,,,CALCULATED
2013-06-15T15:40:00Z,2013-06-15T21:38:47Z,,,,,,,,CALCULATED
2013-06-15T15:50:00Z,2013-06-15T21:48:47Z,,,,,,,,CALCULATED
2013-06-15T16:00:00Z,2013-06-15T21:58:47Z,,,,,,,,CALCULATED
2013-06-15T16:10:00Z,2013-06-15T22:08:47Z,,,,,,,,CALCULATED
2013-06-15T16:20:00Z,2013-06-15T22:18:47Z,,,,,,,,CALCULATED
2013-06-15T16:30:00Z,2013-06-15T22:28:47Z,,,,,,,,CALCULATED
2013-06-15T16:40:00Z,2013-06-15T22:38:47Z,,,,,,,,CALCULATED
2013-06-15T16:50:00Z,2013-06-15T22:48:47Z,,,,,,,,CALCULATED
2013-06-15T17:00:00Z,2013-06-15T22:58:47Z,,,,,,,,CALCULATED
2013-06-15T17:10:00Z,2013-06-15T23:08:47Z,,,,,,,,CALCULATED
2013-06-15T17:20:00Z,2013-06-15T23:18:47Z,,,,,,,,CALCULATED
2013-06-15T17:30:00Z,2013-06-15T23:28:47Z,,,,,,,,CALCULATED
2013-06-15T17:40:00Z,2013-06-15T23:38:47Z,,,,,,,,CALCULATED
2013-06-15T17:50:00Z,2013-06-15T23:48:47Z,,,,,,,,CALCULATED
2013-06-15T18:00:00Z,2013-06-15T23:58:47Z,,,,,,,,CALCULATED
2013-06-15T18:10:00Z,2013-06-16T00:08:35Z,,,,,,,,CALCULATED
2013-06-15T18:20:00Z,2013-06-16T00:18:35Z,,,,,,,,CALCULATED
2013-06-15T18:30:00Z,2013-06-16T00:28:35Z,,,,,,,,CALCULATED
2013-06-15T18:40:00Z,2013-06-16T00:38:35Z,,,,,,,,CALCULATED
2013-06-15T18:50:00Z,2013-06-16T00:48:35Z,,,,,,,,CALCULATED
2013-06-15T19:00:00Z,2013-06-16T00:58:35Z,,,,,,,,CALCULATED
2013-06-15T19:10:00Z,2013-06-16T01:08:35Z,,,,,,,,CALCULATED
2013-06-15T19:20:00Z,2013-06-16T01:18:35Z,,,,,,,,CALCULATED
2013-06-15T19:30:00Z,2013-06-16T01:28:35Z,,,,,,,,CALCULATED
2013-06-15T19:40:00Z,2013-06-16T01:38:35Z,,,,,,,,CALCULATED
2013-06-15T19:50:00Z,2013-06-16T01:48:35Z,,,,,,,,CALCULATED
2013-06-15T20:00:00Z,2013-06-16T01:58:35Z,,,,,,,,CALCULATED
2013-06-15T20:10:00Z,2013-06-16T02:08:35Z,,,,,,,,CALCULATED
2013-06-15T20:20:00Z,2013-06-16T02:18:35Z,,,,,,,,CALCULATED
2013-06-15T20:30:00Z,2013-06-16T02:28:35Z,,,,,,,,CALCULATED
2013-06-15T20:40:00Z,2013-06-16T02:38:35Z,,,,,,,,CALCULATED
2013-06-15T20:50:00Z,2013-06-16T02:48:35Z,,,,,,,,CALCULATED
2013-06-15T21:00:00Z,2013-06-16T02:58:35Z,,,,,,,,CALCULATED
2013-06-15T21:10:00Z,2013-06-16T03:08:35Z,,,,,,,,CALCULATED
2013-06-15T21:20:00Z,2013-06-16T03:18:35Z,,,,,,,,CALCULATED
2013-06-15T21:30:00Z,2013-06-16T03:28:35Z,,,,,,,,CALCULATED
2013-06-15T21:40:00Z,2013-06-16T03:38:35Z,,,,,,,,CALCULATED
2013-06-15T21:50:00Z,2013-06-16T03:48:35Z,,,,,,,,CALCULATED
2013-06-15T22:00:00Z,2013-06-16T03:58:35Z,,,,,,,,CALCULATED
2013-06-15T22:10:00Z,2013-06-16T04:08:35Z,,,,,,,,CALCULATED
2013-06-15T22:20:00Z,2013-06-16T04:18:35Z,,,,,,,,CALCULATED
2013-06-15T22:30:00Z,2013-06-16T04:28:35Z,,,,,,,,CALCULATED
2013-06-15T22:40:00Z,2013-06-16T04:38:35Z,,,,,,,,CALCULATED
2013-06-15T22:50:00Z,2013-06-16T04:48:35Z,,,,,,,,CALCULATED
2013-06-15T23:00:00Z,2013-06-16T04:58:35Z,,,,,,,,CALCULATED
2013-06-15T23:10:00Z,2013-06-16T05:08:35Z,,,,,,,,CALCULATED
2013-06-15T23:20:00Z,2013-06-16T05:18:35Z,,,,,,,,CALCULATED
2013-06-15T23:30:00Z,2013-06-16T05:28:35Z,,,,,,,,CALCULATED
2013-06-15T23:40:00Z,2013-06-16T05:38:35Z,,,,,,,,CALCULATED
2013-06-15T23:50:00Z,2013-06-16T05:48:35Z,,,,,,,,CALCULATED
2013-06-16T00:00:00Z,2013-06-16T05:58:35Z,,,,,,,,CALCULATED
2013-06-16T00:10:00Z,2013-06-16T06:08:35Z,,,,,,,,CALCULATED
2013-06-16T00:20:00Z,2013-06-16T06:18:35Z,,,,,,,,CALCULATED
2013-06-16T00:30:00Z,2013-06-16T06:28:35Z,,,,,,,,CALCULATED
2013-06-16T00:40:00Z,2013-06-16T06:38:35Z,,,,,,,,CALCULATED
2013-06-16T00:50:00Z,2013-06-16T06:48:35Z,,,,,,,,CALCULATED
2013-06-16T01:00:00Z,2013-06-16T06:58:35Z,,,,,,,,CALCULATED
2013-06-16T01:10:00Z,2013-06-16T07:08:35Z,,,,,,,,CALCULATED
2013-06-16T01:20:00Z,2013-06-16T07:18:35Z,,,,,,,,CALCULATED
2013-06-16T01:30:00Z,2013-06-16T07:28:35Z,,,,,,,,CALCULATED
2013-06-16T01:40:00Z,2013-06-16T07:38:35Z,,,,,,,,CALCULATED
2013-06-16T01:50:00Z,2013-06-16T07:48:35Z,,,,,,,,CALCULATED
2013-06-16T02:00:00Z,2013-06-16T07:58:35Z,,,,,,,,CALCULATED
2013-06-16T02:10:00Z,2013-06-16T08:08:35Z,,,,,,,,CALCULATED
2013-06-16T02:20:00Z,2013-06-16T08:18:35Z,,,,,,,,CALCULATED
2013-06-16T02:30:00Z,2013-06-16T08:28:35Z,,,,,,,,CALCULATED
2013-06-16T02:40:00Z,2013-06-16T08:38:35Z,,,,,,,,CALCULATED
2013-06-16T02:50:00Z,2013-06-16T08:48:35Z,,,,,,,,CALCULATED
2013-06-16T03:00:00Z,2013-06-16T08:58:35Z,,,,,,,,CALCULATED
2013-06-16T03:10:00Z,2013-06-16T09:08:35Z,,,,,,,,CALCULATED
2013-06-16T03:20:00Z,2013-06-16T09:18:35Z,,,,,,,,CALCULATED
2013-06-16T03:30:00Z,2013-06-16T09:28:35Z,,,,,,,,CALCULATED
2013-06-16T03:40:00Z,2013-06-16T09:38:35Z,,,,,,,,CALCULATED
2013-06-16T03:50:00Z,2013-06-16T09:48:35Z,,,,,,,,CALCULATED
2013-06-16T04:00:00Z,2013-06-16T09:58:35Z,,,,,,,,CALCULATED
2013-06-16T04:10:00Z,2013-06-16T10:08:35Z,,,,,,,,CALCULATED
2013-06-16T04:20:00Z,2013-06-16T10:18:35Z,,,,,,,,CALCULATED
2013-06-16T04:30:00Z,2013-06-16T10:28:35Z,,,,,,,,CALCULATED
2013-06-16T04:40:00Z,2013-06-16T10:38:35Z,,,,,,,,CALCULATED
2013-06-16T04:50:00Z,2013-06-16T10:48:35Z,,,,,,,,CALCULATED
2013-06-16T05:00:00Z,2013-06-16T10:58:35Z,,,,,,,,CALCULATED
2013-06-16T05:10:00Z,2013-06-16T11:08:35Z,,,,,,,,CALCULATED
2013-06-16T05:20:00Z,2013-06-16T11:18:35Z,,,,,,,,CALCULATED
2013-06-16T05:30:00Z,2013-06-16T11:28:35Z,,,,,,,,CALCULATED
2013-06-16T05:40:00Z,2013-06-16T11:38:35Z,,,,,,,,CALCULATED
2013-06-16T05:50:00Z,2013-06-16T11:48:35Z,,,,,,,,CALCULATED
2013-06-16T06:00:00Z,2013-06-16T11:58:35Z,,,,,,,,CALCULATED
2013-06-16T06:10:00Z,2013-06-16T12:08:35Z,,,,,,,,CALCULATED
2013-06-16T06:20:00Z,2013-06-16T12:18:35Z,,,,,,,,CALCULATED
2013-06-16T06:30:00Z,2013-06-16T12:28:35Z,,,,,,,,CALCULATED
2013-06-16T06:40:00Z,2013-06-16T12:38:35Z,,,,,,,,CALCULATED
2013-06-16T06:50:00Z,2013-06-16T12:48:35Z,,,,,,,,CALCULATED
2013-06-16T07:00:00Z,2013-06-16T12:58:35Z,,,,,,,,CALCULATED
2013-06-16T07:10:00Z,2013-06-16T13:08:35Z,,,,,,,,CALCULATED
2013-06-16T07:20:00Z,2013-06-16T13:18:35Z,,,,,,,,CALCULATED
2013-06-16T07:30:00Z,2013-06-16T13:28:35Z,,,,,,,,CALCULATED
2013-06-16T07:40:00Z,2013-06-16T13:38:35Z,,,,,,,,CALCULATED
2013-06-16T07:50:00Z,2013-06-16T13:48:35Z,,,,,,,,CALCULATED
2013-06-16T08:00:00Z,2013-06-16T13:58:35Z,,,,,,,,CALCULATED
2013-06-16T08:10:00Z,2013-06-16T14:08:35Z,,,,,,,,CALCULATED
2013-06-16T08:20:00Z,2013-06-16T14:18:35Z,,,,,,,,CALCULATED
2013-06-16T08:30:00Z,2013-06-16T14:28:35Z,,,,,,,,CALCULATED
2013-06-16T08:40:00Z,2013-06-16T14:38:35Z,,,,,,,,CALCULATED
2013-06-16T08:50:00Z,2013-06-16T14:48:35Z,,,,,,,,CALCULATED
2013-06-16T09:00:00Z,2013-06-16T14:58:35Z,,,,,,,,CALCULATED
2013-06-16T09:10:00Z,2013-06-16T15:08:35Z,,,,,,,,CALCULATED
2013-06-16T09:20:00Z,2013-06-16T15:18:35Z,,,,,,,,CALCULATED
2013-06-16T09:30:00Z,2013-06-16T15:28:35Z,,,,,,,,CALCULATED
2013-06-16T09:40:00Z,2013-06-16T15:38:35Z,,,,,,,,CALCULATED
2013-06-16T09:50:00Z,2013-06-16T15:48:35Z,,,,,,,,CALCULATED
2013-06-16T10:00:00Z,2013-06-16T15:58:35Z,,,,,,,,CALCULATED
2013-06-16T10:10:00Z,2013-06-16T16:08:35Z,,,,,,,,CALCULATED
2013-06-16T10:20:00Z,2013-06-16T16:18:35Z,,,,,,,,CALCULATED
2013-06-16T10:30:00Z,2013-06-16T16:28:35Z,,,,,,,,CALCULATED
2013-06-16T10:40:00Z,2013-06-16T16:38:35Z,,,,,,,,CALCULATED
2013-06-16T10:50:00Z,2013-06-16T16:48:35Z,,,,,,,,CALCULATED
2013-06-16T11:00:00Z,2013-06-16T16:58:35Z,,,,,,,,CALCULATED
2013-06-16T11:10:00Z,2013-06-16T17:08:35Z,,,,,,,,CALCULATED
2013-06-16T11:20:00Z,2013-06-16T17:18:35Z,,,,,,,,CALCULATED
2013-06-16T11:30:00Z,2013-06-16T17:28:35Z,,,,,,,,CALCULATED
2013-06-16T11:40:00Z,2013-06-16T17:38:35Z,,,,,,,,CALCULATED
2013-06-16T11:50:00Z,2013-06-16T17:48:35Z,,,,,,,,CALCULATED
2013-06-16T12:00:00Z,2013-06-16T17:58:35Z,,,,,,,,CALCULATED
2013-06-16T12:10:00Z,2013-06-16T18:08:35Z,,,,,,,,CALCULATED
2013-06-16T12:20:00Z,2013-06-16T18:18:35Z,,,,,,,,CALCULATED
2013-06-16T12:30:00Z,2013-06-16T18:28:35Z,,,,,,,,CALCULATED
2013-06-16T12:40:00Z,2013-06-16T18:38:35Z,,,,,,,,CALCULATED
2013-06-16T12:50:00Z,2013-06-16T18:48:35Z,,,,,,,,CALCULATED
2013-06-16T13:00:00Z,2013-06-16T18:58:35Z,,,,,,,,CALCULATED
2013-06-16T13:10:00Z,2013-06-16T19:08:35Z,,,,,,,,CALCULATED
2013-06-16T13:20:00Z,2013-06-16T19:18:35Z,,,,,,,,CALCULATED
2013-06-16T13:30:00Z,2013-06-16T19:28:35Z,,,,,,,,CALCULATED
2013-06-16T13:40:00Z,2013-06-16T19:38:35Z,,,,,,,,CALCULATED
2013-06-16T13:50:00Z,2013-06-16T19:48:35Z,,,,,,,,CALCULATED
2013-06-16T14:00:00Z,2013-06-16T19:58:35Z,,,,,,,,CALCULATED
2013-06-16T14:10:00Z,2013-06-16T20:08:35Z,,,,,,,,CALCULATED
2013-06-16T14:20:00Z,2013-06-16T20:18:35Z,,,,,,,,CALCULATED
2013-06-16T14:30:00Z,2013-06-16T20:28:35Z,,,,,,,,CALCULATED
2013-06-16T14:40:00Z,2013-06-16T20:38:35Z,,,,,,,,CALCULATED
2013-06-16T14:50:00Z,2013-06-16T20:48:35Z,,,,,,,,CALCULATED
2013-06-16T15:00:00Z,2013-06-16T20:58:35Z,,,,,,,,CALCULATED
2013-06-16T15:10:00Z,2013-06-16T21:08:35Z,,,,,,,,CALCULATED
2013-06-16T15:20:00Z,2013-06-16T21:18:35Z,,,,,,,,CALCULATED
2013-06-16T15:30:00Z,2013-06-16T21:28:35Z,,,,,,,,CALCULATED
2013-06-16T15:40:00Z,2013-06-16T21:38:35Z,,,,,,,,CALCULATED
2013-06-16T15:50:00Z,2013-06-16T21:48:35Z,,,,,,,,CALCULATED
2013-06-16T16:00:00Z,2013-06-16T21:58:35Z,,,,,,,,CALCULATED
2013-06-16T16:10:00Z,2013-06-16T22:08:35Z,,,,,,,,CALCULATED
2013-06-16T16:20:00Z,2013-06-16T22:18:35Z,,,,,,,,CALCULATED
2013-06-16T16:30:00Z,2013-06-16T22:28:35Z,,,,,,,,CALCULATED
2013-06-16T16:40:00Z,2013-06-16T22:38:35Z,,,,,,,,CALCULATED
2013-06-16T16:50:00Z,2013-06-16T22:48:35Z,,,,,,,,CALCULATED
2013-06-16T17:00:00Z,2013-06-16T22:58:35Z,,,,,,,,CALCULATED
2013-06-16T17:10:00Z,2013-06-16T23:08:35Z,,,,,,OUT_WARN,,CALCULATED
2013-06-16T17:20:00Z,2013-06-16T23:18:35Z,,,,,,,,CALCULATED
2013-06-16T17:30:00Z,2013-06-16T23:28:35Z,,,,,,,,CALCULATED
2013-06-16T17:40:00Z,2013-06-16T23:38:35Z,,,,,,,,CALCULATED
2013-06-16T17:50:00Z,2013-06-16T23:48:35Z,,,,,,,,CALCULATED
2013-06-16T18:00:00Z,2013-06-16T23:58:35Z,,,,,,,,CALCULATED
2013-06-16T18:10:00Z,2013-06-17T00:08:23Z,,,,,,,,CALCULATED
2013-06-16T18:20:00Z,2013-06-17T00:18:23Z,,,,,,,,CALCULATED
2013-06-16T18:30:00Z,2013-06-17T00:28:23Z,,,,,,,,CALCULATED
2013-06-16T18:40:00Z,2013-06-17T00:38:23Z,,,,,,,,CALCULATED
2013-06-16T18:50:00Z,2013-06-17T00:48:23Z,,,,,,,,CALCULATED
2013-06-16T19:00:00Z,2013-06-17T00:58:23Z,,,,,,,,CALCULATED
2013-06-16T19:10:00Z,2013-06-17T01:08:23Z,,,,,,,,CALCULATED
2013-06-16T19:20:00Z,2013-06-17T01:18:23Z,,,,,,,,CALCULATED
2013-06-16T19:30:00Z,2013-06-17T01:28:23Z,,,,,,,,CALCULATED
2013-06-16T19:40:00Z,2013-06-17T01:38:23Z,,,,,,OUT_WARN,,CALCULATED
2013-06-16T19:50:00Z,2013-06-17T01:48:23Z,,,,,,,,CALCULATED
2013-06-16T20:00:00Z,2013-06-17T01:58:23Z,,,,,,,,CALCULATED
2013-06-16T20:10:00Z,2013-06-17T02:08:23Z,,,,,,,,CALCULATED
2013-06-16T20:20:00Z,2013-06-17T02:18:23Z,,,,,,,,CALCULATED
2013-06-16T20:30:00Z,2013-06-17T02:28:23Z,,,,,,OUT_WARN,,CALCULATED
2013-06-16T20:40:00Z,2013-06-17T02:38:23Z,,,,,,OUT_WARN,,CALCULATED
2013-06-16T20:50:00Z,2013-06-17T02:48:23Z,,,,,,OUT_WARN,,CALCULATED
2013-06-16T21:00:00Z,2013-06-17T02:58:23Z,,,,,,OUT_WARN,,CALCULATED
2013-06-16T21:10:00Z,2013-06-17T03:08:23Z,,,,,,OUT_WARN,,CALCULATED
2013-06-16T21:20:00Z,2013-06-17T03:18:23Z,,,,,,,,CALCULATED
2013-06-16T21:30:00Z,2013-06-17T03:28:23Z,,,,,,,,CALCULATED
2013-06-16T21:40:00Z,2013-06-17T03:38:23Z,,,,,,,,CALCULATED
2013-06-16T21:50:00Z,2013-06-17T03:48:23Z,,,,,,,,CALCULATED
2013-06-16T22:00:00Z,2013-06-17T03:58:23Z,,,,,,,,CALCULATED
2013-06-16T22:10:00Z,2013-06-17T04:08:23Z,,,,,,,,CALCULATED
2013-06-16T22:20:00Z,2013-06-17T04:18:23Z,,,,,,,,CALCULATED
2013-06-16T22:30:00Z,2013-06-17T04:28:23Z,,,,,,,,CALCULATED
2013-06-16T22:40:00Z,2013-06-17T04:38:23Z,,,,,,,,CALCULATED
2013-06-16T22:50:00Z,2013-06-17T04:48:23Z,,,,,,,,CALCULATED
2013-06-16T23:00:00Z,2013-06-17T04:58:23Z,,,,,,,,CALCULATED
2013-06-16T23:10:00Z,2013-06-17T05:08:23Z,,,,,,,,CALCULATED
2013-06-16T23:20:00Z,2013-06-17T05:18:23Z,,,,,,,,CALCULATED
2013-06-16T23:30:00Z,2013-06-17T05:28:23Z,,,,,,,,CALCULATED
2013-06-16T23:40:00Z,2013-06-17T05:38:23Z,,,,,,,,CALCULATED
2013-06-16T23:50:00Z,2013-06-17T05:48:23Z,,,,,,,,CALCULATED
2013-06-17T00:00:00Z,2013-06-17T05:58:23Z,,,,,,,,CALCULATED
2013-06-17T00:10:00Z,2013-06-17T06:08:23Z,,,,,,,,CALCULATED
2013-06-17T00:20:00Z,2013-06-17T06:18:23Z,,,,,,,,CALCULATED
2013-06-17T00:30:00Z,2013-06-17T06:28:23Z,,,,,,,,CALCULATED
2013-06-17T00:40:00Z,2013-06-17T06:38:23Z,,,,,,,,CALCULATED
2013-06-17T00:50:00Z,2013-06-17T06:48:23Z,,,,,,,,CALCULATED
2013-06-17T01:00:00Z,2013-06-17T06:58:23Z,,,,,,,,CALCULATED
2013-06-17T01:10:00Z,2013-06-17T07:08:23Z,,,,,,,,CALCULATED
2013-06-17T01:20:00Z,2013-06-17T07:18:23Z,,,,,,,,CALCULATED
2013-06-17T01:30:00Z,2013-06-17T07:28:23Z,,,,,,,,CALCULATED
2013-06-17T01:40:00Z,2013-06-17T07:38:23Z,,,,,,,,CALCULATED
2013-06-17T01:50:00Z,2013-06-17T07:48:23Z,,,,,,,,CALCULATED
2013-06-17T02:00:00Z,2013-06-17T07:58:23Z,,,,,,,,CALCULATED
2013-06-17T02:10:00Z,2013-06-17T08:08:23Z,,,,,,,,CALCULATED
2013-06-17T02:20:00Z,2013-06-17T08:18:23Z,,,,,,,,CALCULATED
2013-06-17T02:30:00Z,2013-06-17T08:28:23Z,,,,,,,,CALCULATED
2013-06-17T02:40:00Z,2013-06-17T08:38:23Z,,,,,,,,CALCULATED
2013-06-17T02:50:00Z,2013-06-17T08:48:23Z,,,,,,,,CALCULATED
2013-06-17T03:00:00Z,2013-06-17T08:58:23Z,,,,,,,,CALCULATED
2013-06-17T03:10:00Z,2013-06-17T09:08:23Z,,,,,,,,CALCULATED
2013-06-17T03:20:00Z,2013-06-17T09:18:23Z,,,,,,,,CALCULATED
2013-06-17T03:30:00Z,2013-06-17T09:28:23Z,,,,,,,,CALCULATED
2013-06-17T03:40:00Z,2013-06-17T09:38:23Z,,,,,,,,CALCULATED
2013-06-17T03:50:00Z,2013-06-17T09:48:23Z,,,,,,,,CALCULATED
2013-06-17T04:00:00Z,2013-06-17T09:58:23Z,,,,,,,,CALCULATED
2013-06-17T04:10:00Z,2013-06-17T10:08:23Z,,,,,,,,CALCULATED
2013-06-17T04:20:00Z,2013-06-17T10:18:23Z,,,,,,,,CALCULATED
2013-06-17T04:30:00Z,2013-06-17T10:28:23Z,,,,,,,,CALCULATED
2013-06-17T04:40:00Z,2013-06-17T10:38:23Z,,,,,,,,CALCULATED
2013-06-17T04:50:00Z,2013-06-17T10:48:23Z,,,,,,,,CALCULATED
2013-06-17T05:00:00Z,2013-06-17T10:58:23Z,,,,,,,,CALCULATED
2013-06-17T05:10:00Z,2013-06-17T11:08:23Z,,,,,,,,CALCULATED
2013-06-17T05:20:00Z,2013-06-17T11:18:23Z,,,,,,,,CALCULATED
2013-06-17T05:30:00Z,2013-06-17T11:28:23Z,,,,,,,,CALCULATED
2013-06-17T05:40:00Z,2013-06-17T11:38:23Z,,,,,,,,CALCULATED
2013-06-17T05:50:00Z,2013-06-17T11:48:23Z,,,,,,,,CALCULATED
2013-06-17T06:00:00Z,2013-06-17T11:58:23Z,,,,,,,,CALCULATED
2013-06-17T06:10:00Z,2013-06-17T12:08:23Z,,,,,,,,CALCULATED
2013-06-17T06:20:00Z,2013-06-17T12:18:23Z,,,,,,,,CALCULATED
2013-06-17T06:30:00Z,2013-06-17T12:28:23Z,,,,,,,,CALCULATED
2013-06-17T06:40:00Z,2013-06-17T12:38:23Z,,,,,,,,CALCULATED
2013-06-17T06:50:00Z,2013-06-17T12:48:23Z,,,,,,,,CALCULATED
2013-06-17T07:00:00Z,2013-06-17T12:58:23Z,,,,,,,,CALCULATED
2013-06-17T07:10:00Z,2013-06-17T13:08:23Z,,,,,,,,CALCULATED
2013-06-17T07:20:00Z,2013-06-17T13:18:23Z,,,,,,,,CALCULATED
2013-06-17T07:30:00Z,2013-06-17T13:28:23Z,,,,,,,,CALCULATED
2013-06-17T07:40:00Z,2013-06-17T13:38:23Z,,,,,,,,CALCULATED
2013-06-17T07:50:00Z,2013-06-17T13:48:23Z,,,,,,,,CALCULATED
2013-06-17T08:00:00Z,2013-06-17T13:58:23Z,,,,,,,,CALCULATED
2013-06-17T08:10:00Z,2013-06-17T14:08:23Z,,,,,,,,CALCULATED
2013-06-17T08:20:00Z,2013-06-17T14:18:23Z,,,,,,,,CALCULATED
2013-06-17T08:30:00Z,2013-06-17T14:28:23Z,,,,,,,,CALCULATED
2013-06-17T08:40:00Z,2013-06-17T14:38:23Z,,,,,,,,CALCULATED
2013-06-17T08:50:00Z,2013-06-17T14:48:23Z,,,,,,,,CALCULATED
2013-06-17T09:00:00Z,2013-06-17T14:58:23Z,,,,,,,,CALCULATED
2013-06-17T09:10:00Z,2013-06-17T15:08:23Z,,,,,,,,CALCULATED
2013-06-17T09:20:00Z,2013-06-17T15:18:23Z,,,,,,,,CALCULATED
2013-06-17T09:30:00Z,2013-06-17T15:28:23Z,,,,,,,,CALCULATED
2013-06-17T09:40:00Z,2013-06-17T15:38:23Z,,,,,,,,CALCULATED
2013-06-17T09:50:00Z,2013-06-17T15:48:23Z,,,,,,,,CALCULATED
2013-06-17T10:00:00Z,2013-06-17T15:58:23Z,,,,,,,,CALCULATED
2013-06-17T10:10:00Z,2013-06-17T16:08:23Z,,,,,,,,CALCULATED
2013-06-17T10:20:00Z,2013-06-17T16:18:23Z,,,,,,,,CALCULATED
2013-06-17T10:30:00Z,2013-06-17T16:28:23Z,,,,,,,,CALCULATED
2013-06-17T10:40:00Z,2013-06-17T16:38:23Z,,,,,,,,CALCULATED
2013-06-17T10:50:00Z,2013-06-17T16:48:23Z,,,,,,,,CALCULATED
2013-06-17T11:00:00Z,2013-06-17T16:58:23Z,,,,,,,,CALCULATED
2013-06-17T11:10:00Z,2013-06-17T17:08:23Z,,,,,,,,CALCULATED
2013-06-17T11:20:00Z,2013-06-17T17:18:23Z,,,,,,,,CALCULATED
2013-06-17T11:30:00Z,2013-06-17T17:28:23Z,,,,,,,,CALCULATED
2013-06-17T11:40:00Z,2013-06-17T17:38:23Z,,,,,,,,CALCULATED
2013-06-17T11:50:00Z,2013-06-17T17:48:23Z,,,,,,,,CALCULATED
2013-06-17T12:00:00Z,2013-06-17T17:58:23Z,,,,,,,,CALCULATED
2013-06-17T12:10:00Z,2013-06-17T18:08:23Z,,,,,,,,CALCULATED
2013-06-17T12:20:00Z,2013-06-17T18:18:23Z,,,,,,,,CALCULATED
2013-06-17T12:30:00Z,2013-06-17T18:28:23Z,,,,,,,,CALCULATED
2013-06-17T12:40:00Z,2013-06-17T18:38:23Z,,,,,,,,CALCULATED
2013-06-17T12:50:00Z,2013-06-17T18:48:23Z,,,,,,,,CALCULATED
2013-06-17T13:00:00Z,2013-06-17T18:58:23Z,,,,,,,,CALCULATED
2013-06-17T13:10:00Z,2013-06-17T19:08:23Z,,,,,,,,CALCULATED
2013-06-17T13:20:00Z,2013-06-17T19:18:23Z,,,,,,,,CALCULATED
2013-06-17T13:30:00Z,2013-06-17T19:28:23Z,,,,,,,,CALCULATED
2013-06-17T13:40:00Z,2013-06-17T19:38:23Z,,,,,,,,CALCULATED
2013-06-17T13:50:00Z,2013-06-17T19:48:23Z,,,,,,,,CALCULATED
2013-06-17T14:00:00Z,2013-06-17T19:58:23Z,,,,,,,,CALCULATED
2013-06-17T14:10:00Z,2013-06-17T20:08:23Z,,,,,,,,CALCULATED
2013-06-17T14:20:00Z,2013-06-17T20:18:23Z,,,,,,,,CALCULATED
2013-06-17T14:30:00Z,2013-06-17T20:28:23Z,,,,,,,,CALCULATED
2013-06-17T14:40:00Z,2013-06-17T20:38:23Z,,,,,,,,CALCULATED
2013-06-17T14:50:00Z,2013-06-17T20:48:23Z,,,,,,,,CALCULATED
2013-06-17T15:00:00Z,2013-06-17T20:58:23Z,,,,,,,,CALCULATED
2013-06-17T15:10:00Z,2013-06-17T21:08:23Z,,,,,,,,CALCULATED
2013-06-17T15:20:00Z,2013-06-17T21:18:23Z,,,,,,,,CALCULATED
2013-06-17T15:30:00Z,2013-06-17T21:28:23Z,,,,,,,,CALCULATED
2013-06-17T15:40:00Z,2013-06-17T21:38:23Z,,,,,,,,CALCULATED
2013-06-17T15:50:00Z,2013-06-17T21:48:23Z,,,,,,,,CALCULATED
2013-06-17T16:00:00Z,2013-06-17T21:58:23Z,,,,,,,,CALCULATED
2013-06-17T16:10:00Z,2013-06-17T22:08:23Z,,,,,,,,CALCULATED
2013-06-17T16:20:00Z,2013-06-17T22:18:23Z,,,,,,,,CALCULATED
2013-06-17T16:30:00Z,2013-06-17T22:28:23Z,,,,,,,,CALCULATED
2013-06-17T16:40:00Z,2013-06-17T22:38:23Z,,,,,,,,CALCULATED
2013-06-17T16:50:00Z,2013-06-17T22:48:23Z,,,,,,,,CALCULATED
2013-06-17T17:00:00Z,2013-06-17T22:58:23Z,,,,,,,,CALCULATED
2013-06-17T17:10:00Z,2013-06-17T23:08:23Z,,,,,,,,CALCULATED
2013-06-17T17:20:00Z,2013-06-17T23:18:23Z,,,,,,,,CALCULATED
2013-06-17T17:30:00Z,2013-06-17T23:28:23Z,,,,,,,,CALCULATED
2013-06-17T17:40:00Z,2013-06-17T23:38:23Z,,,,,,,,CALCULATED
2013-06-17T17:50:00Z,2013-06-17T23:48:23Z,,,,,,,,CALCULATED
2013-06-17T18:00:00Z,2013-06-17T23:58:23Z,,,,,,,,CALCULATED
2013-06-17T18:10:00Z,2013-06-18T00:08:11Z,,,,,,,,CALCULATED
2013-06-17T18:20:00Z,2013-06-18T00:18:11Z,,,,,,,,CALCULATED
2013-06-17T18:30:00Z,2013-06-18T00:28:11Z,,,,,,,,CALCULATED
2013-06-17T18:40:00Z,2013-06-18T00:38:11Z,,,,,,,,CALCULATED
2013-06-17T18:50:00Z,2013-06-18T00:48:11Z,,,,,,,,CALCULATED
2013-06-17T19:00:00Z,2013-06-18T00:58:11Z,,,,,,,,CALCULATED
2013-06-17T19:10:00Z,2013-06-18T01:08:11Z,,,,,,,,CALCULATED
2013-06-17T19:20:00Z,2013-06-18T01:18:11Z,,,,,,,,CALCULATED
2013-06-17T19:30:00Z,2013-06-18T01:28:11Z,,,,,,,,CALCULATED
2013-06-17T19:40:00Z,2013-06-18T01:38:11Z,,,,,,,,CALCULATED
2013-06-17T19:50:00Z,2013-06-18T01:48:11Z,,,,,,,,CALCULATED
2013-06-17T20:00:00Z,2013-06-18T01:58:11Z,,,,,,,,CALCULATED
2013-06-17T20:10:00Z,2013-06-18T02:08:11Z,,,,,,,,CALCULATED
2013-06-17T20:20:00Z,2013-06-18T02:18:11Z,,,,,,,,CALCULATED
2013-06-17T20:30:00Z,2013-06-18T02:28:11Z,,,,,,,,CALCULATED
2013-06-17T20:40:00Z,2013-06-18T02:38:11Z,,,,,,,,CALCULATED
2013-06-17T20:50:00Z,2013-06-18T02:48:11Z,,,,,,,,CALCULATED
2013-06-17T21:00:00Z,2013-06-18T02:58:11Z,,,,,,OUT_WARN,,CALCULATED
2013-06-17T21:10:00Z,2013-06-18T03:08:11Z,,,,,,OUT_WARN,,CALCULATED
2013-06-17T21:20:00Z,2013-06-18T03:18:11Z,,,,,,,,CALCULATED
2013-06-17T21:30:00Z,2013-06-18T03:28:11Z,,,,,,,,CALCULATED
2013-06-17T21:40:00Z,2013-06-18T03:38:11Z,,,,,,OUT_WARN,,CALCULATED
2013-06-17T21:50:00Z,2013-06-18T03:48:11Z,,,,,,,,CALCULATED
2013-06-17T22:00:00Z,2013-06-18T03:58:11Z,,,,,,,,CALCULATED
2013-06-17T22:10:00Z,2013-06-18T04:08:11Z,,,,,,,,CALCULATED
2013-06-17T22:20:00Z,2013-06-18T04:18:11Z,,,,,,,,CALCULATED
2013-06-17T22:30:00Z,2013-06-18T04:28:11Z,,,,,,,,CALCULATED
2013-06-17T22:40:00Z,2013-06-18T04:38:11Z,,,,,,,,CALCULATED
2013-06-17T22:50:00Z,2013-06-18T04:48:11Z,,,,,,,,CALCULATED
2013-06-17T23:00:00Z,2013-06-18T04:58:11Z,,,,,,,,CALCULATED
2013-06-17T23:10:00Z,2013-06-18T05:08:11Z,,,,,,,,CALCULATED
2013-06-17T23:20:00Z,2013-06-18T05:18:11Z,,,,,,,,CALCULATED
2013-06-17T23:30:00Z,2013-06-18T05:28:11Z,,,,,,,,CALCULATED
2013-06-17T23:40:00Z,2013-06-18T05:38:11Z,,,,,,,,CALCULATED
2013-06-17T23:50:00Z,2013-06-18T05:48:11Z,,,,,,,,CALCULATED
2013-06-18T00:00:00Z,2013-06-18T05:58:11Z,,,,,,OUT_WARN,,CALCULATED
2013-06-18T00:10:00Z,2013-06-18T06:08:11Z,,,,,,,,CALCULATED
2013-06-18T00:20:00Z,2013-06-18T06:18:11Z,,,,,,,,CALCULATED
2013-06-18T00:30:00Z,2013-06-18T06:28:11Z,,,,,,,,CALCULATED
2013-06-18T00:40:00Z,2013-06-18T06:38:11Z,,,,,,,,CALCULATED
2013-06-18T00:50:00Z,2013-06-18T06:48:11Z,,,,,,,,CALCULATED
2013-06-18T01:00:00Z,2013-06-18T06:58:11Z,,,,,,,,CALCULATED
2013-06-18T01:10:00Z,2013-06-18T07:08:11Z,,,,,,,,CALCULATED
2013-06-18T01:20:00Z,2013-06-18T07:18:11Z,,,,,,,,CALCULATED
2013-06-18T01:30:00Z,2013-06-18T07:28:11Z,,,,,,,,CALCULATED
2013-06-18T01:40:00Z,2013-06-18T07:38:11Z,,,,,,,,CALCULATED
2013-06-18T01:50:00Z,2013-06-18T07:48:11Z,,,,,,,,CALCULATED
2013-06-18T02:00:00Z,2013-06-18T07:58:11Z,,,,,,,,CALCULATED
2013-06-18T02:10:00Z,2013-06-18T08:08:11Z,,,,,,,,CALCULATED
2013-06-18T02:20:00Z,2013-06-18T08:18:11Z,,,,,,,,CALCULATED
2013-06-18T02:30:00Z,2013-06-18T08:28:11Z,,,,,,,,CALCULATED
2013-06-18T02:40:00Z,2013-06-18T08:38:11Z,,,,,,,,CALCULATED
2013-06-18T02:50:00Z,2013-06-18T08:48:11Z,,,,,,,,CALCULATED
2013-06-18T03:00:00Z,2013-06-18T08:58:11Z,,,,,,,,CALCULATED
2013-06-18T03:10:00Z,2013-06-18T09:08:11Z,,,,,,,,CALCULATED
2013-06-18T03:20:00Z,2013-06-18T09:18:11Z,,,,,,,,CALCULATED
2013-06-18T03:30:00Z,2013-06-18T09:28:11Z,,,,,,,,CALCULATED
2013-06-18T03:40:00Z,2013-06-18T09:38:11Z,,,,,,,,CALCULATED
2013-06-18T03:50:00Z,2013-06-18T09:48:11Z,,,,,,,,CALCULATED
2013-06-18T04:00:00Z,2013-06-18T09:58:11Z,,,,,,,,CALCULATED
2013-06-18T04:10:00Z,2013-06-18T10:08:11Z,,,,,,,,CALCULATED
2013-06-18T04:20:00Z,2013-06-18T10:18:11Z,,,,,,,,CALCULATED
2013-06-18T04:30:00Z,2013-06-18T10:28:11Z,,,,,,,,CALCULATED
2013-06-18T04:40:00Z,2013-06-18T10:38:11Z,,,,,,,,CALCULATED
2013-06-18T04:50:00Z,2013-06-18T10:48:11Z,,,,,,,,CALCULATED
2013-06-18T05:00:00Z,2013-06-18T10:58:11Z,,,,,,,,CALCULATED
2013-06-18T05:10:00Z,2013-06-18T11:08:11Z,,,,,,,,CALCULATED
2013-06-18T05:20:00Z,2013-06-18T11:18:11Z,,,,,,,,CALCULATED
2013-06-18T05:30:00Z,2013-06-18T11:28:11Z,,,,,,,,CALCULATED
2013-06-18T05:40:00Z,2013-06-18T11:38:11Z,,,,,,,,CALCULATED
2013-06-18T05:50:00Z,2013-06-18T11:48:11Z,,,,,,,,CALCULATED
2013-06-18T06:00:00Z,2013-06-18T11:58:11Z,,,,,,,,CALCULATED
2013-06-18T06:10:00Z,2013-06-18T12:08:11Z,,,,,,,,CALCULATED
2013-06-18T06:20:00Z,2013-06-18T12:18:11Z,,,,,,,,CALCULATED
2013-06-18T06:30:00Z,2013-06-18T12:28:11Z,,,,,,,,CALCULATED
2013-06-18T06:40:00Z,2013-06-18T12:38:11Z,,,,,,,,CALCULATED
2013-06-18T06:50:00Z,2013-06-18T12:48:11Z,,,,,,,,CALCULATED
2013-06-18T07:00:00Z,2013-06-18T12:58:11Z,,,,,,,,CALCULATED
2013-06-18T07:10:00Z,2013-06-18T13:08:11Z,,,,,,,,CALCULATED
2013-06-18T07:20:00Z,2013-06-18T13:18:11Z,,,,,,,,CALCULATED
2013-06-18T07:30:00Z,2013-06-18T13:28:11Z,,,,,,,,CALCULATED
2013-06-18T07:40:00Z,2013-06-18T13:38:11Z,,,,,,,,CALCULATED
2013-06-18T07:50:00Z,2013-06-18T13:48:11Z,,,,,,,,CALCULATED
2013-06-18T08:00:00Z,2013-06-18T13:58:11Z,,,,,,,,CALCULATED
2013-06-18T08:10:00Z,2013-06-18T14:08:11Z,,,,,RANGE_WARN,,,CALCULATED
2013-06-18T08:20:00Z,2013-06-18T14:18:11Z,,,,,,,,CALCULATED
2013-06-18T08:30:00Z,2013-06-18T14:28:11Z,,,,,,,,CALCULATED
2013-06-18T08:40:00Z,2013-06-18T14:38:11Z,,,,,,,,CALCULATED
2013-06-18T08:50:00Z,2013-06-18T14:48:11Z,,,,,,,,CALCULATED
2013-06-18T09:00:00Z,2013-06-18T14:58:11Z,,,,,,,,CALCULATED
2013-06-18T09:10:00Z,2013-06-18T15:08:11Z,,,,,,,,CALCULATED
2013-06-18T09:20:00Z,2013-06-18T15:18:11Z,,,,,,,,CALCULATED
2013-06-18T09:30:00Z,2013-06-18T15:28:11Z,,,,,,,,CALCULATED
2013-06-18T09:40:00Z,2013-06-18T15:38:11Z,,,,,,,,CALCULATED
2013-06-18T09:50:00Z,2013-06-18T15:48:11Z,,,,,,,,CALCULATED
2013-06-18T10:00:00Z,2013-06-18T15:58:11Z,,,,,,,,CALCULATED
2013-06-18T10:10:00Z,2013-06-18T16:08:11Z,,,,,,,,CALCULATED
2013-06-18T10:20:00Z,2013-06-18T16:18:11Z,,,,,,,,CALCULATED
2013-06-18T10:30:00Z,2013-06-18T16:28:11Z,,,,,,,,CALCULATED
2013-06-18T10:40:00Z,2013-06-18T16:38:11Z,,,,,,,,CALCULATED
2013-06-18T10:50:00Z,2013-06-18T16:48:11Z,,,,,,,,CALCULATED
2013-06-18T11:00:00Z,2013-06-18T16:58:11Z,,,,,,,,CALCULATED
2013-06-18T11:10:00Z,2013-06-18T17:08:11Z,,,,,,,,CALCULATED
2013-06-18T11:20:00Z,2013-06-18T17:18:11Z,,,,,,,,CALCULATED
2013-06-18T11:30:00Z,2013-06-18T17:28:11Z,,,,,,,,CALCULATED
2013-06-18T11:40:00Z,2013-06-18T17:38:11Z,,,,,,,,CALCULATED
2013-06-18T11:50:00Z,2013-06-18T17:48:11Z,,,,,,,,CALCULATED
2013-06-18T12:00:00Z,2013-06-18T17:58:11Z,,,,,,,,CALCULATED
2013-06-18T12:10:00Z,2013-06-18T18:08:11Z,,,,,,,,CALCULATED
2013-06-18T12:20:00Z,2013-06-18T18:18:11Z,,,,,,,,CALCULATED
2013-06-18T12:30:00Z,2013-06-18T18:28:11Z,,,,,,,,CALCULATED
2013-06-18T12:40:00Z,2013-06-18T18:38:11Z,,,,,,,,CALCULATED
2013-06-18T12:50:00Z,2013-06-18T18:48:11Z,,,,,,,,CALCULATED
2013-06-18T13:00:00Z,2013-06-18T18:58:11Z,,,,,,,,CALCULATED
2013-06-18T13:10:00Z,2013-06-18T19:08:11Z,,,,,,,,CALCULATED
2013-06-18T13:20:00Z,2013-06-18T19:18:11Z,,,,,,,,CALCULATED
2013-06-18T13:30:00Z,2013-06-18T19:28:11Z,,,,,,,,CALCULATED
2013-06-18T13:40:00Z,2013-06-18T19:38:11Z,,,,,,,,CALCULATED
2013-06-18T13:50:00Z,2013-06-18T19:48:11Z,,,,,,,,CALCULATED
2013-06-18T14:00:00Z,2013-06-18T19:58:11Z,,,,,,,,CALCULATED
2013-06-18T14:10:00Z,2013-06-18T20:08:11Z,,,,,,,,CALCULATED
2013-06-18T14:20:00Z,2013-06-18T20:18:11Z,,,,,,,,CALCULATED
2013-06-18T14:30:00Z,2013-06-18T20:28:11Z,,,,,,,,CALCULATED
2013-06-18T14:40:00Z,2013-06-18T20:38:11Z,,,,,,,,CALCULATED
2013-06-18T14:50:00Z,2013-06-18T20:48:11Z,,,,,,,,CALCULATED
2013-06-18T15:00:00Z,2013-06-18T20:58:11Z,,,,,,,,CALCULATED
2013-06-18T15:10:00Z,2013-06-18T21:08:11Z,,,,,,,,CALCULATED
2013-06-18T15:20:00Z,2013-06-18T21:18:11Z,,,,,,,,CALCULATED
2013-06-18T15:30:00Z,2013-06-18T21:28:11Z,,,,,,,,CALCULATED
2013-06-18T15:40:00Z,2013-06-18T21:38:11Z,,,,,,,,CALCULATED
2013-06-18T15:50:00Z,2013-06-18T21:48:11Z,,,,,,,,CALCULATED
2013-06-18T16:00:00Z,2013-06-18T21:58:11Z,,,,,,OUT_WARN,,CALCULATED
2013-06-18T16:10:00Z,2013-06-18T22:08:11Z,,,,,,OUT_WARN,,CALCULATED
2013-06-18T16:20:00Z,2013-06-18T22:18:11Z,,,,,,OUT_WARN,,CALCULATED
2013-06-18T16:30:00Z,2013-06-18T22:28:11Z,,,,,,OUT_WARN,,CALCULATED
2013-06-18T16:40:00Z,2013-06-18T22:38:11Z,,,,,,OUT_WARN,,CALCULATED
2013-06-18T16:50:00Z,2013-06-18T22:48:11Z,,,,,,OUT_WARN,,CALCULATED
2013-06-18T17:00:00Z,2013-06-18T22:58:11Z,,,,,,,,CALCULATED
2013-06-18T17:10:00Z,2013-06-18T23:08:11Z,,,,,,,,CALCULATED
2013-06-18T17:20:00Z,2013-06-18T23:18:11Z,,,,,,,,CALCULATED
2013-06-18T17:30:00Z,2013-06-18T23:28:11Z,,,,,,,,CALCULATED
2013-06-18T17:40:00Z,2013-06-18T23:38:11Z,,,,,,,,CALCULATED
2013-06-18T17:50:00Z,2013-06-18T23:48:11Z,,,,,,,,CALCULATED
2013-06-18T18:00:00Z,2013-06-18T23:58:11Z,,,,,,,,CALCULATED
2013-06-18T18:10:00Z,2013-06-19T00:07:59Z,,,,,,,,CALCULATED
2013-06-18T18:20:00Z,2013-06-19T00:17:59Z,,,,,,,,CALCULATED
2013-06-18T18:30:00Z,2013-06-19T00:27:59Z,,,,,,,,CALCULATED
2013-06-18T18:40:00Z,2013-06-19T00:37:59Z,,,,,,,,CALCULATED
2013-06-18T18:50:00Z,2013-06-19T00:47:59Z,,,,,,,,CALCULATED
2013-06-18T19:00:00Z,2013-06-19T00:57:59Z,,,,,,,,CALCULATED
2013-06-18T19:10:00Z,2013-06-19T01:07:59Z,,,,,,,,CALCULATED
2013-06-18T19:20:00Z,2013-06-19T01:17:59Z,,,,,,,,CALCULATED
2013-06-18T19:30:00Z,2013-06-19T01:27:59Z,,,,,,,,CALCULATED
2013-06-18T19:40:00Z,2013-06-19T01:37:59Z,,,,,,,,CALCULATED
2013-06-18T19:50:00Z,2013-06-19T01:47:59Z,,,,,,,,CALCULATED
2013-06-18T20:00:00Z,2013-06-19T01:57:59Z,,,,,,,,CALCULATED
2013-06-18T20:10:00Z,2013-06-19T02:07:59Z,,,,,,,,CALCULATED
2013-06-18T20:20:00Z,2013-06-19T02:17:59Z,,,,,,,,CALCULATED
2013-06-18T20:30:00Z,2013-06-19T02:27:59Z,,,,,,,,CALCULATED
2013-06-18T20:40:00Z,2013-06-19T02:37:59Z,,,,,,,,CALCULATED
2013-06-18T20:50:00Z,2013-06-19T02:47:59Z,,,,,,,,CALCULATED
2013-06-18T21:00:00Z,2013-06-19T02:57:59Z,,,,,,,,CALCULATED
2013-06-18T21:10:00Z,2013-06-19T03:07:59Z,,,,,,,,CALCULATED
2013-06-18T21:20:00Z,2013-06-19T03:17:59Z,,,,,,,,CALCULATED
2013-06-18T21:30:00Z,2013-06-19T03:27:59Z,,,,,,,,CALCULATED
2013-06-18T21:40:00Z,2013-06-19T03:37:59Z,,,,,,OUT_WARN,,CALCULATED
2013-06-18T21:50:00Z,2013-06-19T03:47:59Z,,,,,,,,CALCULATED
2013-06-18T22:00:00Z,2013-06-19T03:57:59Z,,,,,,,,CALCULATED
2013-06-18T22:10:00Z,2013-06-19T04:07:59Z,,,,,,,,CALCULATED
2013-06-18T22:20:00Z,2013-06-19T04:17:59Z,,,,,,,,CALCULATED
2013-06-18T22:30:00Z,2013-06-19T04:27:59Z,,,,,,,,CALCULATED
2013-06-18T22:40:00Z,2013-06-19T04:37:59Z,,,,,,,,CALCULATED
2013-06-18T22:50:00Z,2013-06-19T04:47:59Z,,,,,,,,CALCULATED
2013-06-18T23:00:00Z,2013-06-19T04:57:59Z,,,,,,,,CALCULATED
2013-06-18T23:10:00Z,2013-06-19T05:07:59Z,,,,,,,,CALCULATED
2013-06-18T23:20:00Z,2013-06-19T05:17:59Z,,,,,,,,CALCULATED
2013-06-18T23:30:00Z,2013-06-19T05:27:59Z,,,,,,,,CALCULATED
2013-06-18T23:40:00Z,2013-06-19T05:37:59Z,,,,,,,,CALCULATED
2013-06-18T23:50:00Z,2013-06-19T05:47:59Z,,,,,,,,CALCULATED
2013-06-19T00:00:00Z,2013-06-19T05:57:59Z,,,,,,,,CALCULATED
2013-06-19T00:10:00Z,2013-06-19T06:07:59Z,,,,,,,,CALCULATED
2013-06-19T00:20:00Z,2013-06-19T06:17:59Z,,,,,,,,CALCULATED
2013-06-19T00:30:00Z,2013-06-19T06:27:59Z,,,,,,,,CALCULATED
2013-06-19T00:40:00Z,2013-06-19T06:37:59Z,,,,,,,,CALCULATED
2013-06-19T00:50:00Z,2013-06-19T06:47:59Z,,,,,,,,CALCULATED
2013-06-19T01:00:00Z,2013-06-19T06:57:59Z,,,,,,,,CALCULATED
2013-06-19T01:10:00Z,2013-06-19T07:07:59Z,,,,,,,,CALCULATED
2013-06-19T01:20:00Z,2013-06-19T07:17:59Z,,,,,,,,CALCULATED
2013-06-19T01:30:00Z,2013-06-19T07:27:59Z,,,,,,,,CALCULATED
2013-06-19T01:40:00Z,2013-06-19T07:37:59Z,,,,,,,,CALCULATED
2013-06-19T01:50:00Z,2013-06-19T07:47:59Z,,,,,,,,CALCULATED
2013-06-19T02:00:00Z,2013-06-19T07:57:59Z,,,,,,,,CALCULATED
2013-06-19T02:10:00Z,2013-06-19T08:07:59Z,,,,,,,,CALCULATED
2013-06-19T02:20:00Z,2013-06-19T08:17:59Z,,,,,,,,CALCULATED
2013-06-19T02:30:00Z,2013-06-19T08:27:59Z,,,,,,,,CALCULATED
2013-06-19T02:40:00Z,2013-06-19T08:37:59Z,,,,,,,,CALCULATED
2013-06-19T02:50:00Z,2013-06-19T08:47:59Z,,,,,,,,CALCULATED
2013-06-19T03:00:00Z,2013-06-19T08:57:59Z,,,,,,,,CALCULATED
2013-06-19T03:10:00Z,2013-06-19T09:07:59Z,,,,,,,,CALCULATED
2013-06-19T03:20:00Z,2013-06-19T09:17:59Z,,,,,,,,CALCULATED
2013-06-19T03:30:00Z,2013-06-19T09:27:59Z,,,,,,,,CALCULATED
2013-06-19T03:40:00Z,2013-06-19T09:37:59Z,,,,,,,,CALCULATED
2013-06-19T03:50:00Z,2013-06-19T09:47:59Z,,,,,,,,CALCULATED
2013-06-19T04:00:00Z,2013-06-19T09:57:59Z,,,,,,,,CALCULATED
2013-06-19T04:10:00Z,2013-06-19T10:07:59Z,,,,,,,,CALCULATED
2013-06-19T04:20:00Z,2013-06-19T10:17:59Z,,,,,,,,CALCULATED
2013-06-19T04:30:00Z,2013-06-19T10:27:59Z,,,,,,,,CALCULATED
2013-06-19T04:40:00Z,2013-06-19T10:37:59Z,,,,,,,,CALCULATED
2013-06-19T04:50:00Z,2013-06-19T10:47:59Z,,,,,,,,CALCULATED
2013-06-19T05:00:00Z,2013-06-19T10:57:59Z,,,,,,,,CALCULATED
2013-06-19T05:10:00Z,2013-06-19T11:07:59Z,,,,,,,,CALCULATED
2013-06-19T05:20:00Z,2013-06-19T11:17:59Z,,,,,,,,CALCULATED
2013-06-19T05:30:00Z,2013-06-19T11:27:59Z,,,,,,,,CALCULATED
2013-06-19T05:40:00Z,2013-06-19T11:37:59Z,,,,,,,,CALCULATED
2013-06-19T05:50:00Z,2013-06-19T11:47:59Z,,,,,,,,CALCULATED
2013-06-19T06:00:00Z,2013-06-19T11:57:59Z,,,,,,,OUT_WARN,CALCULATED
2013-06-19T06:10:00Z,2013-06-19T12:07:59Z,,,,,,,OUT_WARN,CALCULATED
2013-06-19T06:20:00Z,2013-06-19T12:17:59Z,,,,,,,OUT_WARN,CALCULATED
2013-06-19T06:30:00Z,2013-06-19T12:27:59Z,,,,,,,OUT_WARN,CALCULATED
2013-06-19T06:40:00Z,2013-06-19T12:37:59Z,,,,,,,,CALCULATED
2013-06-19T06:50:00Z,2013-06-19T12:47:59Z,,,,,,,,CALCULATED
2013-06-19T07:00:00Z,2013-06-19T12:57:59Z,,,,,,,,CALCULATED
2013-06-19T07:10:00Z,2013-06-19T13:07:59Z,,,,,,,OUT_WARN,CALCULATED
2013-06-19T07:20:00Z,2013-06-19T13:17:59Z,,,,,,,OUT_WARN,CALCULATED
2013-06-19T07:30:00Z,2013-06-19T13:27:59Z,,,,,,,,CALCULATED
2013-06-19T07:40:00Z,2013-06-19T13:37:59Z,,,,,,,,CALCULATED
2013-06-19T07:50:00Z,2013-06-19T13:47:59Z,,,,,,,,CALCULATED
2013-06-19T08:00:00Z,2013-06-19T13:57:59Z,,,,,,,,CALCULATED
2013-06-19T08:10:00Z,2013-06-19T14:07:59Z,,,,,,,,CALCULATED
2013-06-19T08:20:00Z,2013-06-19T14:17:59Z,,,,,,,,CALCULATED
2013-06-19T08:30:00Z,2013-06-19T14:27:59Z,,,,,,,,CALCULATED
2013-06-19T08:40:00Z,2013-06-19T14:37:59Z,,,,,,,,CALCULATED
2013-06-19T08:50:00Z,2013-06-19T14:47:59Z,,,,,,,,CALCULATED
2013-06-19T09:00:00Z,2013-06-19T14:57:59Z,,,,,,,,CALCULATED
2013-06-19T09:10:00Z,2013-06-19T15:07:59Z,,,,,,,,CALCULATED
2013-06-19T09:20:00Z,2013-06-19T15:17:59Z,,,,,,,,CALCULATED
2013-06-19T09:30:00Z,2013-06-19T15:27:59Z,,,,,,,,CALCULATED
2013-06-19T09:40:00Z,2013-06-19T15:37:59Z,,,,,,,,CALCULATED
2013-06-19T09:50:00Z,2013-06-19T15:47:59Z,,,,,,,,CALCULATED
2013-06-19T10:00:00Z,2013-06-19T15:57:59Z,,,,,,,,CALCULATED
2013-06-19T10:10:00Z,2013-06-19T16:07:59Z,,,,,,,,CALCULATED
2013-06-19T10:20:00Z,2013-06-19T16:17:59Z,,,,,,,,CALCULATED
2013-06-19T10:30:00Z,2013-06-19T16:27:59Z,,,,,,,,CALCULATED
2013-06-19T10:40:00Z,2013-06-19T16:37:59Z,,,,,,,,CALCULATED
2013-06-19T10:50:00Z,2013-06-19T16:47:59Z,,,,,,,,CALCULATED
2013-06-19T11:00:00Z,2013-06-19T16:57:59Z,,,,,,,,CALCULATED
2013-06-19T11:10:00Z,2013-06-19T17:07:59Z,,,,,,,,CALCULATED
2013-06-19T11:20:00Z,2013-06-19T17:17:59Z,,,,,,,,CALCULATED
2013-06-19T11:30:00Z,2013-06-19T17:27:59Z,,,,,,,,CALCULATED
2013-06-19T11:40:00Z,2013-06-19T17:37:59Z,,,,,,,,CALCULATED
2013-06-19T11:50:00Z,2013-06-19T17:47:59Z,,,,,,,,CALCULATED
2013-06-19T12:00:00Z,2013-06-19T17:57:59Z,,,,,,,,CALCULATED
2013-06-19T12:10:00Z,2013-06-19T18:07:59Z,,,,,,,,CALCULATED
2013-06-19T12:20:00Z,2013-06-19T18:17:59Z,,,,,,,,CALCULATED
2013-06-19T12:30:00Z,2013-06-19T18:27:59Z,,,,,,,,CALCULATED
2013-06-19T12:40:00Z,2013-06-19T18:37:59Z,,,,,,,,CALCULATED
2013-06-19T12:50:00Z,2013-06-19T18:47:59Z,,,,,,,,CALCULATED
2013-06-19T13:00:00Z,2013-06-19T18:57:59Z,,,,,,OUT_WARN,,CALCULATED
2013-06-19T13:10:00Z,2013-06-19T19:07:59Z,,,,,,,,CALCULATED
2013-06-19T13:20:00Z,2013-06-19T19:17:59Z,,,,,,,,CALCULATED
2013-06-19T13:30:00Z,2013-06-19T19:27:59Z,,,,,,,,CALCULATED
2013-06-19T13:40:00Z,2013-06-19T19:37:59Z,,,,,,,,CALCULATED
2013-06-19T13:50:00Z,2013-06-19T19:47:59Z,,,,,,,,CALCULATED
2013-06-19T14:00:00Z,2013-06-19T19:57:59Z,,,,,,,,CALCULATED
2013-06-19T14:10:00Z,2013-06-19T20:07:59Z,,,,,,,,CALCULATED
2013-06-19T14:20:00Z,2013-06-19T20:17:59Z,,,,,,,,CALCULATED
2013-06-19T14:30:00Z,2013-06-19T20:27:59Z,,,,,,,,CALCULATED
2013-06-19T14:40:00Z,2013-06-19T20:37:59Z,,,,,,,,CALCULATED
2013-06-19T14:50:00Z,2013-06-19T20:47:59Z,,,,,,,,CALCULATED
2013-06-19T15:00:00Z,2013-06-19T20:57:59Z,,,,,,,,CALCULATED
2013-06-19T15:10:00Z,2013-06-19T21:07:59Z,,,,,,,,CALCULATED
2013-06-19T15:20:00Z,2013-06-19T21:17:59Z,,,,,,,,CALCULATED
2013-06-19T15:30:00Z,2013-06-19T21:27:59Z,,,,,,,,CALCULATED
2013-06-19T15:40:00Z,2013-06-19T21:37:59Z,,,,,,,,CALCULATED
2013-06-19T15:50:00Z,2013-06-19T21:47:59Z,,,,,,,,CALCULATED
2013-06-19T16:00:00Z,2013-06-19T21:57:59Z,,,,,,,,CALCULATED
2013-06-19T16:10:00Z,2013-06-19T22:07:59Z,,,,,,,,CALCULATED
2013-06-19T16:20:00Z,2013-06-19T22:17:59Z,,,,,,,,CALCULATED
2013-06-19T16:30:00Z,2013-06-19T22:27:59Z,,,,,,,,CALCULATED
2013-06-19T16:40:00Z,2013-06-19T22:37:59Z,,,,,,,,CALCULATED
2013-06-19T16:50:00Z,2013-06-19T22:47:59Z,,,,,,,,CALCULATED
2013-06-19T17:00:00Z,2013-06-19T22:57:59Z,,,,,,,,CALCULATED
2013-06-19T17:10:00Z,2013-06-19T23:07:59Z,,,,,,,,CALCULATED
2013-06-19T17:20:00Z,2013-06-19T23:17:59Z,,,,,,,,CALCULATED
2013-06-19T17:30:00Z,2013-06-19T23:27:59Z,,,,,,,,CALCULATED
2013-06-19T17:40:00Z,2013-06-19T23:37:59Z,,,,,,,,CALCULATED
2013-06-19T17:50:00Z,2013-06-19T23:47:59Z,,,,,,,,CALCULATED
2013-06-19T18:00:00Z,2013-06-19T23:57:59Z,,,,,,,,CALCULATED
2013-06-19T18:10:00Z,2013-06-20T00:07:46Z,,,,,,,,CALCULATED
2013-06-19T18:20:00Z,2013-06-20T00:17:46Z,,,,,,,,CALCULATED
2013-06-19T18:30:00Z,2013-06-20T00:27:46Z,,,,,,,,CALCULATED
2013-06-19T18:40:00Z,2013-06-20T00:37:46Z,,,,,,,,CALCULATED
2013-06-19T18:50:00Z,2013-06-20T00:47:46Z,,,,,,,,CALCULATED
2013-06-19T19:00:00Z,2013-06-20T00:57:46Z,,,,,,,,CALCULATED
2013-06-19T19:10:00Z,2013-06-20T01:07:46Z,,,,,,,,CALCULATED
2013-06-19T19:20:00Z,2013-06-20T01:17:46Z,,,,,,,,CALCULATED
2013-06-19T19:30:00Z,2013-06-20T01:27:46Z,,,,,,,,CALCULATED
2013-06-19T19:40:00Z,2013-06-20T01:37:46Z,,,,,,,,CALCULATED
2013-06-19T19:50:00Z,2013-06-20T01:47:46Z,,,,,,,,CALCULATED
2013-06-19T20:00:00Z,2013-06-20T01:57:46Z,,,,,,,,CALCULATED
2013-06-19T20:10:00Z,2013-06-20T02:07:46Z,,,,,,,,CALCULATED
2013-06-19T20:20:00Z,2013-06-20T02:17:46Z,,,,,,,,CALCULATED
2013-06-19T20:30:00Z,2013-06-20T02:27:46Z,,,,,,,,CALCULATED
2013-06-19T20:40:00Z,2013-06-20T02:37:46Z,,,,,,,,CALCULATED
2013-06-19T20:50:00Z,2013-06-20T02:47:46Z,,,,,,,,CALCULATED
2013-06-19T21:00:00Z,2013-06-20T02:57:46Z,,,,,,,,CALCULATED
2013-06-19T21:10:00Z,2013-06-20T03:07:46Z,,,,,,,,CALCULATED
2013-06-19T21:20:00Z,2013-06-20T03:17:46Z,,,,,,,,CALCULATED
2013-06-19T21:30:00Z,2013-06-20T03:27:46Z,,,,,,,,CALCULATED
2013-06-19T21:40:00Z,2013-06-20T03:37:46Z,,,,,,,,CALCULATED
2013-06-19T21:50:00Z,2013-06-20T03:47:46Z,,,,,,,,CALCULATED
2013-06-19T22:00:00Z,2013-06-20T03:57:46Z,,,,,,,,CALCULATED
2013-06-19T22:10:00Z,2013-06-20T04:07:46Z,,,,,,,,CALCULATED
2013-06-19T22:20:00Z,2013-06-20T04:17:46Z,,,,,,OUT_WARN,,CALCULATED
2013-06-19T22:30:00Z,2013-06-20T04:27:46Z,,,,,,,,CALCULATED
2013-06-19T22:40:00Z,2013-06-20T04:37:46Z,,,,,,OUT_WARN,,CALCULATED
2013-06-19T22:50:00Z,2013-06-20T04:47:46Z,,,,,,OUT_WARN,,CALCULATED
2013-06-19T23:00:00Z,2013-06-20T04:57:46Z,,,,,,OUT_WARN,,CALCULATED
2013-06-19T23:10:00Z,2013-06-20T05:07:46Z,,,,,,OUT_WARN,,CALCULATED
2013-06-19T23:20:00Z,2013-06-20T05:17:46Z,,,,,,OUT_WARN,,CALCULATED
2013-06-19T23:30:00Z,2013-06-20T05:27:46Z,,,,,,OUT_WARN,,CALCULATED
2013-06-19T23:40:00Z,2013-06-20T05:37:46Z,,,,,,OUT_WARN,,CALCULATED
2013-06-19T23:50:00Z,2013-06-20T05:47:46Z,,,,,,OUT_WARN,OUT_WARN,CALCULATED
2013-06-20T00:00:00Z,2013-06-20T05:57:46Z,,,,,,OUT_WARN,OUT_WARN,CALCULATED
2013-06-20T00:10:00Z,2013-06-20T06:07:46Z,,,,,,,OUT_WARN,CALCULATED
2013-06-20T00:20:00Z,2013-06-20T06:17:46Z,,,,,,,,CALCULATED
2013-06-20T00:30:00Z,2013-06-20T06:27:46Z,,,,,,,,CALCULATED
2013-06-20T00:40:00Z,2013-06-20T06:37:46Z,,,,,,,,CALCULATED
2013-06-20T00:50:00Z,2013-06-20T06:47:46Z,,,,,,,,CALCULATED
2013-06-20T01:00:00Z,2013-06-20T06:57:46Z,,,,,,,,CALCULATED
2013-06-20T01:10:00Z,2013-06-20T07:07:46Z,,,,,,,,CALCULATED
2013-06-20T01:20:00Z,2013-06-20T07:17:46Z,,,,,,,,CALCULATED
2013-06-20T01:30:00Z,2013-06-20T07:27:46Z,,,,,,,,CALCULATED
2013-06-20T01:40:00Z,2013-06-20T07:37:46Z,,,,,,,,CALCULATED
2013-06-20T01:50:00Z,2013-06-20T07:47:46Z,,,,,,,,CALCULATED
2013-06-20T02:00:00Z,2013-06-20T07:57:46Z,,,,,,,,CALCULATED
2013-06-20T02:10:00Z,2013-06-20T08:07:46Z,,,,,,,,CALCULATED
2013-06-20T02:20:00Z,2013-06-20T08:17:46Z,,,,,,,,CALCULATED
2013-06-20T02:30:00Z,2013-06-20T08:27:46Z,,,,,,,,CALCULATED
2013-06-20T02:40:00Z,2013-06-20T08:37:46Z,,,,,,,,CALCULATED
2013-06-20T02:50:00Z,2013-06-20T08:47:46Z,,,,,,,,CALCULATED
2013-06-20T03:00:00Z,2013-06-20T08:57:46Z,,,,,,,,CALCULATED
2013-06-20T03:10:00Z,2013-06-20T09:07:46Z,,,,,,,,CALCULATED
2013-06-20T03:20:00Z,2013-06-20T09:17:46Z,,,,,,,,CALCULATED
2013-06-20T03:30:00Z,2013-06-20T09:27:46Z,,,,,,,,CALCULATED
2013-06-20T03:40:00Z,2013-06-20T09:37:46Z,,,,,,,,CALCULATED
2013-06-20T03:50:00Z,2013-06-20T09:47:46Z,,,,,,,,CALCULATED
2013-06-20T04:00:00Z,2013-06-20T09:57:46Z,,,,,,,,CALCULATED
2013-06-20T04:10:00Z,2013-06-20T10:07:46Z,,,,,,,,CALCULATED
2013-06-20T04:20:00Z,2013-06-20T10:17:46Z,,,,,,,,CALCULATED
2013-06-20T04:30:00Z,2013-06-20T10:27:46Z,,,,,,,,CALCULATED
2013-06-20T04:40:00Z,2013-06-20T10:37:46Z,,,,,,,,CALCULATED
2013-06-20T04:50:00Z,2013-06-20T10:47:46Z,,,,,,,,CALCULATED
2013-06-20T05:00:00Z,2013-06-20T10:57:46Z,,,,,,,,CALCULATED
2013-06-20T05:10:00Z,2013-06-20T11:07:46Z,,,,,,,,CALCULATED
2013-06-20T05:20:00Z,2013-06-20T11:17:46Z,,,,,,,,CALCULATED
2013-06-20T05:30:00Z,2013-06-20T11:27:46Z,,,,,,,,CALCULATED
2013-06-20T05:40:00Z,2013-06-20T11:37:46Z,,,,,,,,CALCULATED
2013-06-20T05:50:00Z,2013-06-20T11:47:46Z,,,,,,,,CALCULATED
2013-06-20T06:00:00Z,2013-06-20T11:57:46Z,,,,,,,,CALCULATED
2013-06-20T06:10:00Z,2013-06-20T12:07:46Z,,,,,,,,CALCULATED
2013-06-20T06:20:00Z,2013-06-20T12:17:46Z,,,,,,,,CALCULATED
2013-06-20T06:30:00Z,2013-06-20T12:27:46Z,,,,,,,,CALCULATED
2013-06-20T06:40:00Z,2013-06-20T12:37:46Z,,,,,,,,CALCULATED
2013-06-20T06:50:00Z,2013-06-20T12:47:46Z,,,,,,,,CALCULATED
2013-06-20T07:00:00Z,2013-06-20T12:57:46Z,,,,,,,,CALCULATED
2013-06-20T07:10:00Z,2013-06-20T13:07:46Z,,,,,,,,CALCULATED
2013-06-20T07:20:00Z,2013-06-20T13:17:46Z,,,,,,,,CALCULATED
2013-06-20T07:30:00Z,2013-06-20T13:27:46Z,,,,,,,,CALCULATED
2013-06-20T07:40:00Z,2013-06-20T13:37:46Z,,,,,,,,CALCULATED
2013-06-20T07:50:00Z,2013-06-20T13:47:46Z,,,,,,,,CALCULATED
2013-06-20T08:00:00Z,2013-06-20T13:57:46Z,,,,,,,,CALCULATED
2013-06-20T08:10:00Z,2013-06-20T14:07:46Z,,,,,,,,CALCULATED
2013-06-20T08:20:00Z,2013-06-20T14:17:46Z,,,,,,,,CALCULATED
2013-06-20T08:30:00Z,2013-06-20T14:27:46Z,,,,,,,,CALCULATED
2013-06-20T08:40:00Z,2013-06-20T14:37:46Z,,,,,,,,CALCULATED
2013-06-20T08:50:00Z,2013-06-20T14:47:46Z,,,,,,,,CALCULATED
2013-06-20T09:00:00Z,2013-06-20T14:57:46Z,,,,,,,,CALCULATED
2013-06-20T09:10:00Z,2013-06-20T15:07:46Z,,,,,,,,CALCULATED
2013-06-20T09:20:00Z,2013-06-20T15:17:46Z,,,,,,,,CALCULATED
2013-06-20T09:30:00Z,2013-06-20T15:27:46Z,,,,,,,,CALCULATED
2013-06-20T09:40:00Z,2013-06-20T15:37:46Z,,,,,,,,CALCULATED
2013-06-20T09:50:00Z,2013-06-20T15:47:46Z,,,,,,,,CALCULATED
2013-06-20T10:00:00Z,2013-06-20T15:57:46Z,,,,,,,,CALCULATED
2013-06-20T10:10:00Z,2013-06-20T16:07:46Z,,,,,,,,CALCULATED
2013-06-20T10:20:00Z,2013-06-20T16:17:46Z,,,,,,,,CALCULATED
2013-06-20T10:30:00Z,2013-06-20T16:27:46Z,,,,,,,,CALCULATED
2013-06-20T10:40:00Z,2013-06-20T16:37:46Z,,,,,,,,CALCULATED
2013-06-20T10:50:00Z,2013-06-20T16:47:46Z,,,,,,,,CALCULATED
2013-06-20T11:00:00Z,2013-06-20T16:57:46Z,,,,,,,,CALCULATED
2013-06-20T11:10:00Z,2013-06-20T17:07:46Z,,,,,,,,CALCULATED
2013-06-20T11:20:00Z,2013-06-20T17:17:46Z,,,,,,,,CALCULATED
2013-06-20T11:30:00Z,2013-06-20T17:27:46Z,,,,,,,,CALCULATED
2013-06-20T11:40:00Z,2013-06-20T17:37:46Z,,,,,,,,CALCULATED
2013-06-20T11:50:00Z,2013-06-20T17:47:46Z,,,,,,,,CALCULATED
2013-06-20T12:00:00Z,2013-06-20T17:57:46Z,,,,,,,,CALCULATED
2013-06-20T12:10:00Z,2013-06-20T18:07:46Z,,,,,,,,CALCULATED
2013-06-20T12:20:00Z,2013-06-20T18:17:46Z,,,,,,,,CALCULATED
2013-06-20T12:30:00Z,2013-06-20T18:27:46Z,,,,,,,,CALCULATED
2013-06-20T12:40:00Z,2013-06-20T18:37:46Z,,,,,,,,CALCULATED
2013-06-20T12:50:00Z,2013-06-20T18:47:46Z,,,,,,,,CALCULATED
2013-06-20T13:00:00Z,2013-06-20T18:57:46Z,,,,,,,,CALCULATED
2013-06-20T13:10:00Z,2013-06-20T19:07:46Z,,,,,,,,CALCULATED
2013-06-20T13:20:00Z,2013-06-20T19:17:46Z,,,,,,,,CALCULATED
2013-06-20T13:30:00Z,2013-06-20T19:27:46Z,,,,,,,,CALCULATED
2013-06-20T13:40:00Z,2013-06-20T19:37:46Z,,,,,,,,CALCULATED
2013-06-20T13:50:00Z,2013-06-20T19:47:46Z,,,,,,,,CALCULATED
2013-06-20T14:00:00Z,2013-06-20T19:57:46Z,,,,,,,,CALCULATED
2013-06-20T14:10:00Z,2013-06-20T20:07:46Z,,,,,,,,CALCULATED
2013-06-20T14:20:00Z,2013-06-20T20:17:46Z,,,,,,,,CALCULATED
2013-06-20T14:30:00Z,2013-06-20T20:27:46Z,,,,,,,,CALCULATED
2013-06-20T14:40:00Z,2013-06-20T20:37:46Z,,,,,,,,CALCULATED
2013-06-20T14:50:00Z,2013-06-20T20:47:46Z,,,,,,,,CALCULATED
2013-06-20T15:00:00Z,2013-06-20T20:57:46Z,,,,,,,,CALCULATED
2013-06-20T15:10:00Z,2013-06-20T21:07:46Z,,,,,,,,CALCULATED
2013-06-20T15:20:00Z,2013-06-20T21:17:46Z,,,,,,,,CALCULATED
2013-06-20T15:30:00Z,2013-06-20T21:27:46Z,,,,,,,,CALCULATED
2013-06-20T15:40:00Z,2013-06-20T21:37:46Z,,,,,,,,CALCULATED
2013-06-20T15:50:00Z,2013-06-20T21:47:46Z,,,,,,,,CALCULATED
2013-06-20T16:00:00Z,2013-06-20T21:57:46Z,,,,,,,,CALCULATED
2013-06-20T16:10:00Z,2013-06-20T22:07:46Z,,,,,,,,CALCULATED
2013-06-20T16:20:00Z,2013-06-20T22:17:46Z,,,,,,,,CALCULATED
2013-06-20T16:30:00Z,2013-06-20T22:27:46Z,,,,,,,,CALCULATED
2013-06-20T16:40:00Z,2013-06-20T22:37:46Z,,,,,,,,CALCULATED
2013-06-20T16:50:00Z,2013-06-20T22:47:46Z,,,,,,,,CALCULATED
2013-06-20T17:00:00Z,2013-06-20T22:57:46Z,,,,,,,,CALCULATED
2013-06-20T17:10:00Z,2013-06-20T23:07:46Z,,,,,,,,CALCULATED
2013-06-20T17:20:00Z,2013-06-20T23:17:46Z,,,,,,,,CALCULATED
2013-06-20T17:30:00Z,2013-06-20T23:27:46Z,,,,,,,,CALCULATED
2013-06-20T17:40:00Z,2013-06-20T23:37:46Z,,,,,,,,CALCULATED
2013-06-20T17:50:00Z,2013-06-20T23:47:46Z,,,,,,,,CALCULATED
2013-06-20T18:00:00Z,2013-06-20T23:57:46Z,,,,,,,,CALCULATED
2013-06-20T18:10:00Z,2013-06-21T00:07:34Z,,,,,,,,CALCULATED
2013-06-20T18:20:00Z,2013-06-21T00:17:34Z,,,,,,,,CALCULATED
2013-06-20T18:30:00Z,2013-06-21T00:27:34Z,,,,,,,,CALCULATED
2013-06-20T18:40:00Z,2013-06-21T00:37:34Z,,,,,,,,CALCULATED
2013-06-20T18:50:00Z,2013-06-21T00:47:34Z,,,,,,,,CALCULATED
2013-06-20T19:00:00Z,2013-06-21T00:57:34Z,,,,,,,,CALCULATED
2013-06-20T19:10:00Z,2013-06-21T01:07:34Z,,,,,,,,CALCULATED
2013-06-20T19:20:00Z,2013-06-21T01:17:34Z,,,,,,,,CALCULATED
2013-06-20T19:30:00Z,2013-06-21T01:27:34Z,,,,,,,,CALCULATED
2013-06-20T19:40:00Z,2013-06-21T01:37:34Z,,,,,,,,CALCULATED
2013-06-20T19:50:00Z,2013-06-21T01:47:34Z,,,,,,,,CALCULATED
2013-06-20T20:00:00Z,2013-06-21T01:57:34Z,,,,,,,,CALCULATED
2013-06-20T20:10:00Z,2013-06-21T02:07:34Z,,,,,,,,CALCULATED
2013-06-20T20:20:00Z,2013-06-21T02:17:34Z,,,,,,,,CALCULATED
2013-06-20T20:30:00Z,2013-06-21T02:27:34Z,,,,,,,,CALCULATED
2013-06-20T20:40:00Z,2013-06-21T02:37:34Z,,,,,,,,CALCULATED
2013-06-20T20:50:00Z,2013-06-21T02:47:34Z,,,,,,,,CALCULATED
2013-06-20T21:00:00Z,2013-06-21T02:57:34Z,,,,,,,,CALCULATED
2013-06-20T21:10:00Z,2013-06-21T03:07:34Z,,,,,,,,CALCULATED
2013-06-20T21:20:00Z,2013-06-21T03:17:34Z,,,,,,,,CALCULATED
2013-06-20T21:30:00Z,2013-06-21T03:27:34Z,,,,,,,,CALCULATED
2013-06-20T21:40:00Z,2013-06-21T03:37:34Z,,,,,,,,CALCULATED
2013-06-20T21:50:00Z,2013-06-21T03:47:34Z,,,,,,,,CALCULATED
2013-06-20T22:00:00Z,2013-06-21T03:57:34Z,,,,,,,,CALCULATED
2013-06-20T22:10:00Z,2013-06-21T04:07:34Z,,,,,,,,CALCULATED
2013-06-20T22:20:00Z,2013-06-21T04:17:34Z,,,,,,,,CALCULATED
2013-06-20T22:30:00Z,2013-06-21T04:27:34Z,,,,,,,,CALCULATED
2013-06-20T22:40:00Z,2013-06-21T04:37:34Z,,,,,,,,CALCULATED
2013-06-20T22:50:00Z,2013-06-21T04:47:34Z,,,,,,,,CALCULATED
2013-06-20T23:00:00Z,2013-06-21T04:57:34Z,,,,,,,,CALCULATED
2013-06-20T23:10:00Z,2013-06-21T05:07:34Z,,,,,,,,CALCULATED
2013-06-20T23:20:00Z,2013-06-21T05:17:34Z,,,,,,,,CALCULATED
2013-06-20T23:30:00Z,2013-06-21T05:27:34Z,,,,,,,,CALCULATED
2013-06-20T23:40:00Z,2013-06-21T05:37:34Z,,,,,,,,CALCULATED
2013-06-20T23:50:00Z,2013-06-21T05:47:34Z,,,,,,,,CALCULATED
2013-06-21T00:00:00Z,2013-06-21T05:57:34Z,,,,,,,,CALCULATED
2013-06-21T00:10:00Z,2013-06-21T06:07:34Z,,,,,,,,CALCULATED
2013-06-21T00:20:00Z,2013-06-21T06:17:34Z,,,,,,,,CALCULATED
2013-06-21T00:30:00Z,2013-06-21T06:27:34Z,,,,,,,,CALCULATED
2013-06-21T00:40:00Z,2013-06-21T06:37:34Z,,,,,,,,CALCULATED
2013-06-21T00:50:00Z,2013-06-21T06:47:34Z,,,,,,,,CALCULATED
2013-06-21T01:00:00Z,2013-06-21T06:57:34Z,,,,,,,,CALCULATED
2013-06-21T01:10:00Z,2013-06-21T07:07:34Z,,,,,,,,CALCULATED
2013-06-21T01:20:00Z,2013-06-21T07:17:34Z,,,,,,,,CALCULATED
2013-06-21T01:30:00Z,2013-06-21T07:27:34Z,,,,,,,,CALCULATED
2013-06-21T01:40:00Z,2013-06-21T07:37:34Z,,,,,,,,CALCULATED
2013-06-21T01:50:00Z,2013-06-21T07:47:34Z,,,,,,,,CALCULATED
2013-06-21T02:00:00Z,2013-06-21T07:57:34Z,,,,,,,,CALCULATED
2013-06-21T02:10:00Z,2013-06-21T08:07:34Z,,,,,,,,CALCULATED
2013-06-21T02:20:00Z,2013-06-21T08:17:34Z,,,,,,,,CALCULATED
2013-06-21T02:30:00Z,2013-06-21T08:27:34Z,,,,,,,,CALCULATED
2013-06-21T02:40:00Z,2013-06-21T08:37:34Z,,,,,,,,CALCULATED
2013-06-21T02:50:00Z,2013-06-21T08:47:34Z,,,,,,,,CALCULATED
2013-06-21T03:00:00Z,2013-06-21T08:57:34Z,,,,,,,,CALCULATED
2013-06-21T03:10:00Z,2013-06-21T09:07:34Z,,,,,,,,CALCULATED
2013-06-21T03:20:00Z,2013-06-21T09:17:34Z,,,,,,,,CALCULATED
2013-06-21T03:30:00Z,2013-06-21T09:27:34Z,,,,,,,,CALCULATED
2013-06-21T03:40:00Z,2013-06-21T09:37:34Z,,,,,,,,CALCULATED
2013-06-21T03:50:00Z,2013-06-21T09:47:34Z,,,,,,,,CALCULATED
2013-06-21T04:00:00Z,2013-06-21T09:57:34Z,,,,,,,,CALCULATED
2013-06-21T04:10:00Z,2013-06-21T10:07:34Z,,,,,,,,CALCULATED
2013-06-21T04:20:00Z,2013-06-21T10:17:34Z,,,,,,,,CALCULATED
2013-06-21T04:30:00Z,2013-06-21T10:27:34Z,,,,,,,,CALCULATED
2013-06-21T04:40:00Z,2013-06-21T10:37:34Z,,,,,,,,CALCULATED
2013-06-21T04:50:00Z,2013-06-21T10:47:34Z,,,,,,,,CALCULATED
2013-06-21T05:00:00Z,2013-06-21T10:57:34Z,,,,,,,,CALCULATED
2013-06-21T05:10:00Z,2013-06-21T11:07:34Z,,,,,,,,CALCULATED
2013-06-21T05:20:00Z,2013-06-21T11:17:34Z,,,,,,,,CALCULATED
2013-06-21T05:30:00Z,2013-06-21T11:27:34Z,,,,,,,,CALCULATED
2013-06-21T05:40:00Z,2013-06-21T11:37:34Z,,,,,,,,CALCULATED
2013-06-21T05:50:00Z,2013-06-21T11:47:34Z,,,,,,,,CALCULATED
2013-06-21T06:00:00Z,2013-06-21T11:57:34Z,,,,,,,,CALCULATED
2013-06-21T06:10:00Z,2013-06-21T12:07:34Z,,,,,,,,CALCULATED
2013-06-21T06:20:00Z,2013-06-21T12:17:34Z,,,,,,,,CALCULATED
2013-06-21T06:30:00Z,2013-06-21T12:27:34Z,,,,,,,,CALCULATED
2013-06-21T06:40:00Z,2013-06-21T12:37:34Z,,,,,,,,CALCULATED
2013-06-21T06:50:00Z,2013-06-21T12:47:34Z,,,,,,,,CALCULATED
2013-06-21T07:00:00Z,2013-06-21T12:57:34Z,,,,,,,,CALCULATED
2013-06-21T07:10:00Z,2013-06-21T13:07:34Z,,,,,,,,CALCULATED
2013-06-21T07:20:00Z,2013-06-21T13:17:34Z,,,,,,,,CALCULATED
2013-06-21T07:30:00Z,2013-06-21T13:27:34Z,,,,,,,,CALCULATED
2013-06-21T07:40:00Z,2013-06-21T13:37:34Z,,,,,,,,CALCULATED
2013-06-21T07:50:00Z,2013-06-21T13:47:34Z,,,,,,,,CALCULATED
2013-06-21T08:00:00Z,2013-06-21T13:57:34Z,,,,,,,,CALCULATED
2013-06-21T08:10:00Z,2013-06-21T14:07:34Z,,,,,,,,CALCULATED
2013-06-21T08:20:00Z,2013-06-21T14:17:34Z,,,,,,,,CALCULATED
2013-06-21T08:30:00Z,2013-06-21T14:27:34Z,,,,,,,,CALCULATED
2013-06-21T08:40:00Z,2013-06-21T14:37:34Z,,,,,,,,CALCULATED
2013-06-21T08:50:00Z,2013-06-21T14:47:34Z,,,,,,,,CALCULATED
2013-06-21T09:00:00Z,2013-06-21T14:57:34Z,,,,,,,,CALCULATED
2013-06-21T09:10:00Z,2013-06-21T15:07:34Z,,,,,,,,CALCULATED
2013-06-21T09:20:00Z,2013-06-21T15:17:34Z,,,,,,,,CALCULATED
2013-06-21T09:30:00Z,2013-06-21T15:27:34Z,,,,,,,,CALCULATED
2013-06-21T09:40:00Z,2013-06-21T15:37:34Z,,,,,,,,CALCULATED
2013-06-21T09:50:00Z,2013-06-21T15:47:34Z,,,,,,,,CALCULATED
2013-06-21T10:00:00Z,2013-06-21T15:57:34Z,,,,,,,,CALCULATED
2013-06-21T10:10:00Z,2013-06-21T16:07:34Z,,,,,,,,CALCULATED
2013-06-21T10:20:00Z,2013-06-21T16:17:34Z,,,,,,,,CALCULATED
2013-06-21T10:30:00Z,2013-06-21T16:27:34Z,,,,,,,,CALCULATED
2013-06-21T10:40:00Z,2013-06-21T16:37:34Z,,,,,,,,CALCULATED
2013-06-21T10:50:00Z,2013-06-21T16:47:34Z,,,,,,,,CALCULATED
2013-06-21T11:00:00Z,2013-06-21T16:57:34Z,,,,,,,,CALCULATED
2013-06-21T11:10:00Z,2013-06-21T17:07:34Z,,,,,,,,CALCULATED
2013-06-21T11:20:00Z,2013-06-21T17:17:34Z,,,,,,,,CALCULATED
2013-06-21T11:30:00Z,2013-06-21T17:27:34Z,,,,,,,,CALCULATED
2013-06-21T11:40:00Z,2013-06-21T17:37:34Z,,,,,,,,CALCULATED
2013-06-21T11:50:00Z,2013-06-21T17:47:34Z,,,,,,,,CALCULATED
2013-06-21T12:00:00Z,2013-06-21T17:57:34Z,,,,,,,,CALCULATED
2013-06-21T12:10:00Z,2013-06-21T18:07:34Z,,,,,,,,CALCULATED
2013-06-21T12:20:00Z,2013-06-21T18:17:34Z,,,,,,,,CALCULATED
2013-06-21T12:30:00Z,2013-06-21T18:27:34Z,,,,,,,,CALCULATED
2013-06-21T12:40:00Z,2013-06-21T18:37:34Z,,,,,,,,CALCULATED
2013-06-21T12:50:00Z,2013-06-21T18:47:34Z,,,,,,,,CALCULATED
2013-06-21T13:00:00Z,2013-06-21T18:57:34Z,,,,,,OUT_WARN,,CALCULATED
2013-06-21T13:10:00Z,2013-06-21T19:07:34Z,,,,,,,,CALCULATED
2013-06-21T13:20:00Z,2013-06-21T19:17:34Z,,,,,,,,CALCULATED
2013-06-21T13:30:00Z,2013-06-21T19:27:34Z,,,,,,,,CALCULATED
2013-06-21T13:40:00Z,2013-06-21T19:37:34Z,,,,,,,,CALCULATED
2013-06-21T13:50:00Z,2013-06-21T19:47:34Z,,,,,,,,CALCULATED
2013-06-21T14:00:00Z,2013-06-21T19:57:34Z,,,,,,,,CALCULATED
2013-06-21T14:10:00Z,2013-06-21T20:07:34Z,,,,,,,,CALCULATED
2013-06-21T14:20:00Z,2013-06-21T20:17:34Z,,,,,,,,CALCULATED
2013-06-21T14:30:00Z,2013-06-21T20:27:34Z,,,,,,,,CALCULATED
2013-06-21T14:40:00Z,2013-06-21T20:37:34Z,,,,,,,,CALCULATED
2013-06-21T14:50:00Z,2013-06-21T20:47:34Z,,,,,,,,CALCULATED
2013-06-21T15:00:00Z,2013-06-21T20:57:34Z,,,,,,,,CALCULATED
2013-06-21T15:10:00Z,2013-06-21T21:07:34Z,,,,,,,,CALCULATED
2013-06-21T15:20:00Z,2013-06-21T21:17:34Z,,,,,,,,CALCULATED
2013-06-21T15:30:00Z,2013-06-21T21:27:34Z,,,,,,,,CALCULATED
2013-06-21T15:40:00Z,2013-06-21T21:37:34Z,,,,,,,,CALCULATED
2013-06-21T15:50:00Z,2013-06-21T21:47:34Z,,,,,,,,CALCULATED
2013-06-21T16:00:00Z,2013-06-21T21:57:34Z,,,,,,,,CALCULATED
2013-06-21T16:10:00Z,2013-06-21T22:07:34Z,,,,,,,,CALCULATED
2013-06-21T16:20:00Z,2013-06-21T22:17:34Z,,,,,,,,CALCULATED
2013-06-21T16:30:00Z,2013-06-21T22:27:34Z,,,,,,,,CALCULATED
2013-06-21T16:40:00Z,2013-06-21T22:37:34Z,,,,,,,,CALCULATED
2013-06-21T16:50:00Z,2013-06-21T22:47:34Z,,,,,,,,CALCULATED
2013-06-21T17:00:00Z,2013-06-21T22:57:34Z,,,,,,,,CALCULATED
2013-06-21T17:10:00Z,2013-06-21T23:07:34Z,,,,,,,,CALCULATED
2013-06-21T17:20:00Z,2013-06-21T23:17:34Z,,,,,,,,CALCULATED
2013-06-21T17:30:00Z,2013-06-21T23:27:34Z,,,,,,,,CALCULATED
2013-06-21T17:40:00Z,2013-06-21T23:37:34Z,,,,,,,,CALCULATED
2013-06-21T17:50:00Z,2013-06-21T23:47:34Z,,,,,,,,CALCULATED
2013-06-21T18:00:00Z,2013-06-21T23:57:34Z,,,,,,,,CALCULATED
2013-06-21T18:10:00Z,2013-06-22T00:07:23Z,,,,,,,,CALCULATED
2013-06-21T18:20:00Z,2013-06-22T00:17:23Z,,,,,,,,CALCULATED
2013-06-21T18:30:00Z,2013-06-22T00:27:23Z,,,,,,,,CALCULATED
2013-06-21T18:40:00Z,2013-06-22T00:37:23Z,,,,,,,,CALCULATED
2013-06-21T18:50:00Z,2013-06-22T00:47:23Z,,,,,,,,CALCULATED
2013-06-21T19:00:00Z,2013-06-22T00:57:23Z,,,,,,,,CALCULATED
2013-06-21T19:10:00Z,2013-06-22T01:07:23Z,,,,,,,,CALCULATED
2013-06-21T19:20:00Z,2013-06-22T01:17:23Z,,,,,,,,CALCULATED
2013-06-21T19:30:00Z,2013-06-22T01:27:23Z,,,,,,,,CALCULATED
2013-06-21T19:40:00Z,2013-06-22T01:37:23Z,,,,,,,,CALCULATED
2013-06-21T19:50:00Z,2013-06-22T01:47:23Z,,,,,,,,CALCULATED
2013-06-21T20:00:00Z,2013-06-22T01:57:23Z,,,,,,,,CALCULATED
2013-06-21T20:10:00Z,2013-06-22T02:07:23Z,,,,,,,,CALCULATED
2013-06-21T20:20:00Z,2013-06-22T02:17:23Z,,,,,,,,CALCULATED
2013-06-21T20:30:00Z,2013-06-22T02:27:23Z,,,,,,,,CALCULATED
2013-06-21T20:40:00Z,2013-06-22T02:37:23Z,,,,,,,,CALCULATED
2013-06-21T20:50:00Z,2013-06-22T02:47:23Z,,,,,,,,CALCULATED
2013-06-21T21:00:00Z,2013-06-22T02:57:23Z,,,,,,,,CALCULATED
2013-06-21T21:10:00Z,2013-06-22T03:07:23Z,,,,,,,,CALCULATED
2013-06-21T21:20:00Z,2013-06-22T03:17:23Z,,,,,,,,CALCULATED
2013-06-21T21:30:00Z,2013-06-22T03:27:23Z,,,,,,,,CALCULATED
2013-06-21T21:40:00Z,2013-06-22T03:37:23Z,,,,,,,,CALCULATED
2013-06-21T21:50:00Z,2013-06-22T03:47:23Z,,,,,,,,CALCULATED
2013-06-21T22:00:00Z,2013-06-22T03:57:23Z,,,,,,,,CALCULATED
2013-06-21T22:10:00Z,2013-06-22T04:07:23Z,,,,,,,,CALCULATED
2013-06-21T22:20:00Z,2013-06-22T04:17:23Z,,,,,,,,CALCULATED
2013-06-21T22:30:00Z,2013-06-22T04:27:23Z,,,,,,,,CALCULATED
2013-06-21T22:40:00Z,2013-06-22T04:37:23Z,,,,,,,,CALCULATED
2013-06-21T22:50:00Z,2013-06-22T04:47:23Z,,,,,,,,CALCULATED
2013-06-21T23:00:00Z,2013-06-22T04:57:23Z,,,,,,,,CALCULATED
2013-06-21T23:10:00Z,2013-06-22T05:07:23Z,,,,,,,,CALCULATED
2013-06-21T23:20:00Z,2013-06-22T05:17:23Z,,,,,,,,CALCULATED
2013-06-21T23:30:00Z,2013-06-22T05:27:23Z,,,,,,,,CALCULATED
2013-06-21T23:40:00Z,2013-06-22T05:37:23Z,,,,,,,,CALCULATED
2013-06-21T23:50:00Z,2013-06-22T05:47:23Z,,,,,,,,CALCULATED
2013-06-22T00:00:00Z,2013-06-22T05:57:23Z,,,,,,,,CALCULATED
2013-06-22T00:10:00Z,2013-06-22T06:07:23Z,,,,,,,,CALCULATED
2013-06-22T00:20:00Z,2013-06-22T06:17:23Z,,,,,,,,CALCULATED
2013-06-22T00:30:00Z,2013-06-22T06:27:23Z,,,,,,,,CALCULATED
2013-06-22T00:40:00Z,2013-06-22T06:37:23Z,,,,,,,,CALCULATED
2013-06-22T00:50:00Z,2013-06-22T06:47:23Z,,,,,,,,CALCULATED
2013-06-22T01:00:00Z,2013-06-22T06:57:23Z,,,,,,,,CALCULATED
2013-06-22T01:10:00Z,2013-06-22T07:07:23Z,,,,,,,,CALCULATED
2013-06-22T01:20:00Z,2013-06-22T07:17:23Z,,,,,,,,CALCULATED
2013-06-22T01:30:00Z,2013-06-22T07:27:23Z,,,,,,,,CALCULATED
2013-06-22T01:40:00Z,2013-06-22T07:37:23Z,,,,,,,,CALCULATED
2013-06-22T01:50:00Z,2013-06-22T07:47:23Z,,,,,,,,CALCULATED
2013-06-22T02:00:00Z,2013-06-22T07:57:23Z,,,,,,,,CALCULATED
2013-06-22T02:10:00Z,2013-06-22T08:07:23Z,,,,,,,,CALCULATED
2013-06-22T02:20:00Z,2013-06-22T08:17:23Z,,,,,,,,CALCULATED
2013-06-22T02:30:00Z,2013-06-22T08:27:23Z,,,,,,,,CALCULATED
2013-06-22T02:40:00Z,2013-06-22T08:37:23Z,,,,,,,,CALCULATED
2013-06-22T02:50:00Z,2013-06-22T08:47:23Z,,,,,,,,CALCULATED
2013-06-22T03:00:00Z,2013-06-22T08:57:23Z,,,,,,,,CALCULATED
2013-06-22T03:10:00Z,2013-06-22T09:07:23Z,,,,,,,,CALCULATED
2013-06-22T03:20:00Z,2013-06-22T09:17:23Z,,,,,,,,CALCULATED
2013-06-22T03:30:00Z,2013-06-22T09:27:23Z,,,,,,,,CALCULATED
2013-06-22T03:40:00Z,2013-06-22T09:37:23Z,,,,,,OUT_WARN,,CALCULATED
2013-06-22T03:50:00Z,2013-06-22T09:47:23Z,,,,,,,,CALCULATED
2013-06-22T04:00:00Z,2013-06-22T09:57:23Z,,,,,,,,CALCULATED
2013-06-22T04:10:00Z,2013-06-22T10:07:23Z,,,,,,,,CALCULATED
2013-06-22T04:20:00Z,2013-06-22T10:17:23Z,,,,,,,,CALCULATED
2013-06-22T04:30:00Z,2013-06-22T10:27:23Z,,,,,,,,CALCULATED
2013-06-22T04:40:00Z,2013-06-22T10:37:23Z,,,,,,,,CALCULATED
2013-06-22T04:50:00Z,2013-06-22T10:47:23Z,,,,,,,,CALCULATED
2013-06-22T05:00:00Z,2013-06-22T10:57:23Z,,,,,,,,CALCULATED
2013-06-22T05:10:00Z,2013-06-22T11:07:23Z,,,,,,,,CALCULATED
2013-06-22T05:20:00Z,2013-06-22T11:17:23Z,,,,,,,,CALCULATED
2013-06-22T05:30:00Z,2013-06-22T11:27:23Z,,,,,,,,CALCULATED
2013-06-22T05:40:00Z,2013-06-22T11:37:23Z,,,,,,,,CALCULATED
2013-06-22T05:50:00Z,2013-06-22T11:47:23Z,,,,,,,,CALCULATED
2013-06-22T06:00:00Z,2013-06-22T11:57:23Z,,,,,,,,CALCULATED
2013-06-22T06:10:00Z,2013-06-22T12:07:23Z,,,,,,,,CALCULATED
2013-06-22T06:20:00Z,2013-06-22T12:17:23Z,,,,,,,,CALCULATED
2013-06-22T06:30:00Z,2013-06-22T12:27:23Z,,,,,,,,CALCULATED
2013-06-22T06:40:00Z,2013-06-22T12:37:23Z,,,,,,,,CALCULATED
2013-06-22T06:50:00Z,2013-06-22T12:47:23Z,,,,,,,,CALCULATED
2013-06-22T07:00:00Z,2013-06-22T12:57:23Z,,,,,,,,CALCULATED
2013-06-22T07:10:00Z,2013-06-22T13:07:23Z,,,,,,,,CALCULATED
2013-06-22T07:20:00Z,2013-06-22T13:17:23Z,,,,,,,,CALCULATED
2013-06-22T07:30:00Z,2013-06-22T13:27:23Z,,,,,,,,CALCULATED
2013-06-22T07:40:00Z,2013-06-22T13:37:23Z,,,,,,,,CALCULATED
2013-06-22T07:50:00Z,2013-06-22T13:47:23Z,,,,,,,,CALCULATED
2013-06-22T08:00:00Z,2013-06-22T13:57:23Z,,,,,,,,CALCULATED
2013-06-22T08:10:00Z,2013-06-22T14:07:23Z,,,,,,,,CALCULATED
2013-06-22T08:20:00Z,2013-06-22T14:17:23Z,,RANGE_WARN,,,,,,CALCULATED
2013-06-22T08:30:00Z,2013-06-22T14:27:23Z,,,,,,,,CALCULATED
2013-06-22T08:40:00Z,2013-06-22T14:37:23Z,,,,,,,,CALCULATED
2013-06-22T08:50:00Z,2013-06-22T14:47:23Z,,,,,,,,CALCULATED
2013-06-22T09:00:00Z,2013-06-22T14:57:23Z,,,,,,,,CALCULATED
2013-06-22T09:10:00Z,2013-06-22T15:07:23Z,,,,,,,,CALCULATED
2013-06-22T09:20:00Z,2013-06-22T15:17:23Z,,,,,,,,CALCULATED
2013-06-22T09:30:00Z,2013-06-22T15:27:23Z,,,,,,,,CALCULATED
2013-06-22T09:40:00Z,2013-06-22T15:37:23Z,,,,,,,,CALCULATED
2013-06-22T09:50:00Z,2013-06-22T15:47:23Z,,,,,,,,CALCULATED
2013-06-22T10:00:00Z,2013-06-22T15:57:23Z,,,,,,,,CALCULATED
2013-06-22T10:10:00Z,2013-06-22T16:07:23Z,,,,,,,,CALCULATED
2013-06-22T10:20:00Z,2013-06-22T16:17:23Z,,,,,,,,CALCULATED
2013-06-22T10:30:00Z,2013-06-22T16:27:23Z,,,,,,,,CALCULATED
2013-06-22T10:40:00Z,2013-06-22T16:37:23Z,,,,,,,,CALCULATED
2013-06-22T10:50:00Z,2013-06-22T16:47:23Z,,,,,,,,CALCULATED
2013-06-22T11:00:00Z,2013-06-22T16:57:23Z,,,,,,,,CALCULATED
2013-06-22T11:10:00Z,2013-06-22T17:07:23Z,,,,,,,,CALCULATED
2013-06-22T11:20:00Z,2013-06-22T17:17:23Z,,,,,,,,CALCULATED
2013-06-22T11:30:00Z,2013-06-22T17:27:23Z,,,,,,,,CALCULATED
2013-06-22T11:40:00Z,2013-06-22T17:37:23Z,,,,,,,,CALCULATED
2013-06-22T11:50:00Z,2013-06-22T17:47:23Z,,,,,,,,CALCULATED
2013-06-22T12:00:00Z,2013-06-22T17:57:23Z,,,,,,,,CALCULATED
2013-06-22T12:10:00Z,2013-06-22T18:07:23Z,,,,,,,,CALCULATED
2013-06-22T12:20:00Z,2013-06-22T18:17:23Z,,,,,,,,CALCULATED
2013-06-22T12:30:00Z,2013-06-22T18:27:23Z,,,,,,,,CALCULATED
2013-06-22T12:40:00Z,2013-06-22T18:37:23Z,,,,,,OUT_WARN,,CALCULATED
2013-06-22T12:50:00Z,2013-06-22T18:47:23Z,,,,,,,,CALCULATED
2013-06-22T13:00:00Z,2013-06-22T18:57:23Z,,,,,,,,CALCULATED
2013-06-22T13:10:00Z,2013-06-22T19:07:23Z,,,,,,,,CALCULATED
2013-06-22T13:20:00Z,2013-06-22T19:17:23Z,,,,,,,,CALCULATED
2013-06-22T13:30:00Z,2013-06-22T19:27:23Z,,,,,,,,CALCULATED
2013-06-22T13:40:00Z,2013-06-22T19:37:23Z,,,,,,,,CALCULATED
2013-06-22T13:50:00Z,2013-06-22T19:47:23Z,,,,,,,,CALCULATED
2013-06-22T14:00:00Z,2013-06-22T19:57:23Z,,,,,,,,CALCULATED
2013-06-22T14:10:00Z,2013-06-22T20:07:23Z,,,,,,,,CALCULATED
2013-06-22T14:20:00Z,2013-06-22T20:17:23Z,,,,,,,,CALCULATED
2013-06-22T14:30:00Z,2013-06-22T20:27:23Z,,,,,,,,CALCULATED
2013-06-22T14:40:00Z,2013-06-22T20:37:23Z,,,,,,,,CALCULATED
2013-06-22T14:50:00Z,2013-06-22T20:47:23Z,,,,,,,,CALCULATED
2013-06-22T15:00:00Z,2013-06-22T20:57:23Z,,,,,,,,CALCULATED
2013-06-22T15:10:00Z,2013-06-22T21:07:23Z,,,,,,,,CALCULATED
2013-06-22T15:20:00Z,2013-06-22T21:17:23Z,,,,,,,,CALCULATED
2013-06-22T15:30:00Z,2013-06-22T21:27:23Z,,,,,,,,CALCULATED
2013-06-22T15:40:00Z,2013-06-22T21:37:23Z,,,,,,,,CALCULATED
2013-06-22T15:50:00Z,2013-06-22T21:47:23Z,,,,,,,,CALCULATED
2013-06-22T16:00:00Z,2013-06-22T21:57:23Z,,,,,,,,CALCULATED
2013-06-22T16:10:00Z,2013-06-22T22:07:23Z,,,,,,,,CALCULATED
2013-06-22T16:20:00Z,2013-06-22T22:17:23Z,,,,,,,,CALCULATED
2013-06-22T16:30:00Z,2013-06-22T22:27:23Z,,,,,,,,CALCULATED
2013-06-22T16:40:00Z,2013-06-22T22:37:23Z,,,,,,,,CALCULATED
2013-06-22T16:50:00Z,2013-06-22T22:47:23Z,,,,,,,,CALCULATED
2013-06-22T17:00:00Z,2013-06-22T22:57:23Z,,,,,,,,CALCULATED
2013-06-22T17:10:00Z,2013-06-22T23:07:23Z,,,,,,,,CALCULATED
2013-06-22T17:20:00Z,2013-06-22T23:17:23Z,,,,,,,,CALCULATED
2013-06-22T17:30:00Z,2013-06-22T23:27:23Z,,,,,,,,CALCULATED
2013-06-22T17:40:00Z,2013-06-22T23:37:23Z,,,,,,,,CALCULATED
2013-06-22T17:50:00Z,2013-06-22T23:47:23Z,,,,,,,,CALCULATED
2013-06-22T18:00:00Z,2013-06-22T23:57:23Z,,,,,,,,CALCULATED
2013-06-22T18:10:00Z,2013-06-23T00:07:11Z,,,,,,,,CALCULATED
2013-06-22T18:20:00Z,2013-06-23T00:17:11Z,,,,,,,,CALCULATED
2013-06-22T18:30:00Z,2013-06-23T00:27:11Z,,,,,,,,CALCULATED
2013-06-22T18:40:00Z,2013-06-23T00:37:11Z,,,,,,,,CALCULATED
2013-06-22T18:50:00Z,2013-06-23T00:47:11Z,,,,,,,,CALCULATED
2013-06-22T19:00:00Z,2013-06-23T00:57:11Z,,,,,,,,CALCULATED
2013-06-22T19:10:00Z,2013-06-23T01:07:11Z,,,,,,,,CALCULATED
2013-06-22T19:20:00Z,2013-06-23T01:17:11Z,,,,,,,,CALCULATED
2013-06-22T19:30:00Z,2013-06-23T01:27:11Z,,,,,,,,CALCULATED
2013-06-22T19:40:00Z,2013-06-23T01:37:11Z,,,,,,,,CALCULATED
2013-06-22T19:50:00Z,2013-06-23T01:47:11Z,,,,,,,,CALCULATED
2013-06-22T20:00:00Z,2013-06-23T01:57:11Z,,,,,,,,CALCULATED
2013-06-22T20:10:00Z,2013-06-23T02:07:11Z,,,,,,,,CALCULATED
2013-06-22T20:20:00Z,2013-06-23T02:17:11Z,,,,,,,,CALCULATED
2013-06-22T20:30:00Z,2013-06-23T02:27:11Z,,,,,,,,CALCULATED
2013-06-22T20:40:00Z,2013-06-23T02:37:11Z,,,,,,,,CALCULATED
2013-06-22T20:50:00Z,2013-06-23T02:47:11Z,,,,,,,,CALCULATED
2013-06-22T21:00:00Z,2013-06-23T02:57:11Z,,,,,,,,CALCULATED
2013-06-22T21:10:00Z,2013-06-23T03:07:11Z,,,,,,OUT_WARN,,CALCULATED
2013-06-22T21:20:00Z,2013-06-23T03:17:11Z,,,,,,,,CALCULATED
2013-06-22T21:30:00Z,2013-06-23T03:27:11Z,,,,,,OUT_WARN,,CALCULATED
2013-06-22T21:40:00Z,2013-06-23T03:37:11Z,,,,,,,,CALCULATED
2013-06-22T21:50:00Z,2013-06-23T03:47:11Z,,,,,,,,CALCULATED
2013-06-22T22:00:00Z,2013-06-23T03:57:11Z,,,,,,,,CALCULATED
2013-06-22T22:10:00Z,2013-06-23T04:07:11Z,,,,,,,,CALCULATED
2013-06-22T22:20:00Z,2013-06-23T04:17:11Z,,,,,,,,CALCULATED
2013-06-22T22:30:00Z,2013-06-23T04:27:11Z,,,,,,,,CALCULATED
2013-06-22T22:40:00Z,2013-06-23T04:37:11Z,,,,,,,,CALCULATED
2013-06-22T22:50:00Z,2013-06-23T04:47:11Z,,,,,,,,CALCULATED
2013-06-22T23:00:00Z,2013-06-23T04:57:11Z,,,,,,,,CALCULATED
2013-06-22T23:10:00Z,2013-06-23T05:07:11Z,,,,,,,,CALCULATED
2013-06-22T23:20:00Z,2013-06-23T05:17:11Z,,,,,,,,CALCULATED
2013-06-22T23:30:00Z,2013-06-23T05:27:11Z,,,,,,,,CALCULATED
2013-06-22T23:40:00Z,2013-06-23T05:37:11Z,,,,,,,,CALCULATED
2013-06-22T23:50:00Z,2013-06-23T05:47:11Z,,,,,,,,CALCULATED
2013-06-23T00:00:00Z,2013-06-23T05:57:11Z,,,,,,,,CALCULATED
2013-06-23T00:10:00Z,2013-06-23T06:07:11Z,,,,,,,,CALCULATED
2013-06-23T00:20:00Z,2013-06-23T06:17:11Z,,,,,,,,CALCULATED
2013-06-23T00:30:00Z,2013-06-23T06:27:11Z,,,,,,,,CALCULATED
2013-06-23T00:40:00Z,2013-06-23T06:37:11Z,,,,,,,,CALCULATED
2013-06-23T00:50:00Z,2013-06-23T06:47:11Z,,,,,,,,CALCULATED
2013-06-23T01:00:00Z,2013-06-23T06:57:11Z,,,,,,,,CALCULATED
2013-06-23T01:10:00Z,2013-06-23T07:07:11Z,,,,,,,,CALCULATED
2013-06-23T01:20:00Z,2013-06-23T07:17:11Z,,,,,,,,CALCULATED
2013-06-23T01:30:00Z,2013-06-23T07:27:11Z,,,,,,,,CALCULATED
2013-06-23T01:40:00Z,2013-06-23T07:37:11Z,,,,,,,,CALCULATED
2013-06-23T01:50:00Z,2013-06-23T07:47:11Z,,,,,,,,CALCULATED
2013-06-23T02:00:00Z,2013-06-23T07:57:11Z,,,,,,,,CALCULATED
2013-06-23T02:10:00Z,2013-06-23T08:07:11Z,,,,,,,,CALCULATED
2013-06-23T02:20:00Z,2013-06-23T08:17:11Z,,,,,,,,CALCULATED
2013-06-23T02:30:00Z,2013-06-23T08:27:11Z,,,,,,,,CALCULATED
2013-06-23T02:40:00Z,2013-06-23T08:37:11Z,,,,,,,,CALCULATED
2013-06-23T02:50:00Z,2013-06-23T08:47:11Z,,,,,,,,CALCULATED
2013-06-23T03:00:00Z,2013-06-23T08:57:11Z,,,,,,,,CALCULATED
2013-06-23T03:10:00Z,2013-06-23T09:07:11Z,,,,,,,,CALCULATED
2013-06-23T03:20:00Z,2013-06-23T09:17:11Z,,,,,,,,CALCULATED
2013-06-23T03:30:00Z,2013-06-23T09:27:11Z,,,,,,,,CALCULATED
2013-06-23T03:40:00Z,2013-06-23T09:37:11Z,,,,,,,,CALCULATED
2013-06-23T03:50:00Z,2013-06-23T09:47:11Z,,,,,,,,CALCULATED
2013-06-23T04:00:00Z,2013-06-23T09:57:11Z,,,,,,,,CALCULATED
2013-06-23T04:10:00Z,2013-06-23T10:07:11Z,,,,,,,,CALCULATED
2013-06-23T04:20:00Z,2013-06-23T10:17:11Z,,,,,,,,CALCULATED
2013-06-23T04:30:00Z,2013-06-23T10:27:11Z,,,,,,,,CALCULATED
2013-06-23T04:40:00Z,2013-06-23T10:37:11Z,,,,,,,,CALCULATED
2013-06-23T04:50:00Z,2013-06-23T10:47:11Z,,,,,,,,CALCULATED
2013-06-23T05:00:00Z,2013-06-23T10:57:11Z,,,,,,,,CALCULATED
2013-06-23T05:10:00Z,2013-06-23T11:07:11Z,,,,,,,,CALCULATED
2013-06-23T05:20:00Z,2013-06-23T11:17:11Z,,,,,,,,CALCULATED
2013-06-23T05:30:00Z,2013-06-23T11:27:11Z,,,,,,,,CALCULATED
2013-06-23T05:40:00Z,2013-06-23T11:37:11Z,,,,,,,,CALCULATED
2013-06-23T05:50:00Z,2013-06-23T11:47:11Z,,,,,,,,CALCULATED
2013-06-23T06:00:00Z,2013-06-23T11:57:11Z,,,,,,,,CALCULATED
2013-06-23T06:10:00Z,2013-06-23T12:07:11Z,,,,,,,,CALCULATED
2013-06-23T06:20:00Z,2013-06-23T12:17:11Z,,,,,,,,CALCULATED
2013-06-23T06:30:00Z,2013-06-23T12:27:11Z,,,,,,,,CALCULATED
2013-06-23T06:40:00Z,2013-06-23T12:37:11Z,,,,,,,,CALCULATED
2013-06-23T06:50:00Z,2013-06-23T12:47:11Z,,,,,,,,CALCULATED
2013-06-23T07:00:00Z,2013-06-23T12:57:11Z,,,,,,,,CALCULATED
2013-06-23T07:10:00Z,2013-06-23T13:07:11Z,,,,,,,,CALCULATED
2013-06-23T07:20:00Z,2013-06-23T13:17:11Z,,,,,,,,CALCULATED
2013-06-23T07:30:00Z,2013-06-23T13:27:11Z,,,,,,,,CALCULATED
2013-06-23T07:40:00Z,2013-06-23T13:37:11Z,,,,,,,,CALCULATED
2013-06-23T07:50:00Z,2013-06-23T13:47:11Z,,,,,,,,CALCULATED
2013-06-23T08:00:00Z,2013-06-23T13:57:11Z,,,,,,,,CALCULATED
2013-06-23T08:10:00Z,2013-06-23T14:07:11Z,,,,,,,,CALCULATED
2013-06-23T08:20:00Z,2013-06-23T14:17:11Z,,,,,,,,CALCULATED
2013-06-23T08:30:00Z,2013-06-23T14:27:11Z,,,,,,,,CALCULATED
2013-06-23T08:40:00Z,2013-06-23T14:37:11Z,,,,,,,,CALCULATED
2013-06-23T08:50:00Z,2013-06-23T14:47:11Z,,,,,,,,CALCULATED
2013-06-23T09:00:00Z,2013-06-23T14:57:11Z,,,,,,,,CALCULATED
2013-06-23T09:10:00Z,2013-06-23T15:07:11Z,,,,,,,,CALCULATED
2013-06-23T09:20:00Z,2013-06-23T15:17:11Z,,,,,,,,CALCULATED
2013-06-23T09:30:00Z,2013-06-23T15:27:11Z,,,,,,,,CALCULATED
2013-06-23T09:40:00Z,2013-06-23T15:37:11Z,,,,,,,,CALCULATED
2013-06-23T09:50:00Z,2013-06-23T15:47:11Z,,,,,,,,CALCULATED
2013-06-23T10:00:00Z,2013-06-23T15:57:11Z,,,,,,,,CALCULATED
2013-06-23T10:10:00Z,2013-06-23T16:07:11Z,,,,,,,,CALCULATED
2013-06-23T10:20:00Z,2013-06-23T16:17:11Z,,,,,,,,CALCULATED
2013-06-23T10:30:00Z,2013-06-23T16:27:11Z,,,,,,,,CALCULATED
2013-06-23T10:40:00Z,2013-06-23T16:37:11Z,,,,,,,,CALCULATED
2013-06-23T10:50:00Z,2013-06-23T16:47:11Z,,,,,,,,CALCULATED
2013-06-23T11:00:00Z,2013-06-23T16:57:11Z,,,,,,,,CALCULATED
2013-06-23T11:10:00Z,2013-06-23T17:07:11Z,,,,,,,,CALCULATED
2013-06-23T11:20:00Z,2013-06-23T17:17:11Z,,,,,,,,CALCULATED
2013-06-23T11:30:00Z,2013-06-23T17:27:11Z,,,,,,,,CALCULATED
2013-06-23T11:40:00Z,2013-06-23T17:37:11Z,,,,,,,,CALCULATED
2013-06-23T11:50:00Z,2013-06-23T17:47:11Z,,,,,,,,CALCULATED
2013-06-23T12:00:00Z,2013-06-23T17:57:11Z,,,,,,,,CALCULATED
2013-06-23T12:10:00Z,2013-06-23T18:07:11Z,,,,,,,,CALCULATED
2013-06-23T12:20:00Z,2013-06-23T18:17:11Z,,,,,,,,CALCULATED
2013-06-23T12:30:00Z,2013-06-23T18:27:11Z,,,,,,,,CALCULATED
2013-06-23T12:40:00Z,2013-06-23T18:37:11Z,,,,,,,,CALCULATED
2013-06-23T12:50:00Z,2013-06-23T18:47:11Z,,,,,,,,CALCULATED
2013-06-23T13:00:00Z,2013-06-23T18:57:11Z,,,,,,,,CALCULATED
2013-06-23T13:10:00Z,2013-06-23T19:07:11Z,,,,,,,,CALCULATED
2013-06-23T13:20:00Z,2013-06-23T19:17:11Z,,,,,,,,CALCULATED
2013-06-23T13:30:00Z,2013-06-23T19:27:11Z,,,,,,,,CALCULATED
2013-06-23T13:40:00Z,2013-06-23T19:37:11Z,,,,,,,,CALCULATED
2013-06-23T13:50:00Z,2013-06-23T19:47:11Z,,,,,,,,CALCULATED
2013-06-23T14:00:00Z,2013-06-23T19:57:11Z,,,,,,,,CALCULATED
2013-06-23T14:10:00Z,2013-06-23T20:07:11Z,,,,,,,,CALCULATED
2013-06-23T14:20:00Z,2013-06-23T20:17:11Z,,,,,,,,CALCULATED
2013-06-23T14:30:00Z,2013-06-23T20:27:11Z,,,,,,,,CALCULATED
2013-06-23T14:40:00Z,2013-06-23T20:37:11Z,,,,,,,,CALCULATED
2013-06-23T14:50:00Z,2013-06-23T20:47:11Z,,,,,,,,CALCULATED
2013-06-23T15:00:00Z,2013-06-23T20:57:11Z,,,,,,,,CALCULATED
2013-06-23T15:10:00Z,2013-06-23T21:07:11Z,,,,,,,,CALCULATED
2013-06-23T15:20:00Z,2013-06-23T21:17:11Z,,,,,,,,CALCULATED
2013-06-23T15:30:00Z,2013-06-23T21:27:11Z,,,,,,,,CALCULATED
2013-06-23T15:40:00Z,2013-06-23T21:37:11Z,,,,,,,,CALCULATED
2013-06-23T15:50:00Z,2013-06-23T21:47:11Z,,,,,,,,CALCULATED
2013-06-23T16:00:00Z,2013-06-23T21:57:11Z,,,,,,,,CALCULATED
2013-06-23T16:10:00Z,2013-06-23T22:07:11Z,,,,,,,,CALCULATED
2013-06-23T16:20:00Z,2013-06-23T22:17:11Z,,,,,,,,CALCULATED
2013-06-23T16:30:00Z,2013-06-23T22:27:11Z,,,,,,,,CALCULATED
2013-06-23T16:40:00Z,2013-06-23T22:37:11Z,,,,,,,,CALCULATED
2013-06-23T16:50:00Z,2013-06-23T22:47:11Z,,,,,,,,CALCULATED
2013-06-23T17:00:00Z,2013-06-23T22:57:11Z,,,,,,,,CALCULATED
2013-06-23T17:10:00Z,2013-06-23T23:07:11Z,,,,,,,,CALCULATED
2013-06-23T17:20:00Z,2013-06-23T23:17:11Z,,,,,,,,CALCULATED
2013-06-23T17:30:00Z,2013-06-23T23:27:11Z,,,,,,,,CALCULATED
2013-06-23T17:40:00Z,2013-06-23T23:37:11Z,,,,,,,,CALCULATED
2013-06-23T17:50:00Z,2013-06-23T23:47:11Z,,,,,,,,CALCULATED
2013-06-23T18:00:00Z,2013-06-23T23:57:11Z,,,,,,,,CALCULATED
2013-06-23T18:10:00Z,2013-06-24T00:06:59Z,,,,,,,,CALCULATED
2013-06-23T18:20:00Z,2013-06-24T00:16:59Z,,,,,,,,CALCULATED
2013-06-23T18:30:00Z,2013-06-24T00:26:59Z,,,,,,,,CALCULATED
2013-06-23T18:40:00Z,2013-06-24T00:36:59Z,,,,,,,,CALCULATED
2013-06-23T18:50:00Z,2013-06-24T00:46:59Z,,,,,,,,CALCULATED
2013-06-23T19:00:00Z,2013-06-24T00:56:59Z,,,,,,,,CALCULATED
2013-06-23T19:10:00Z,2013-06-24T01:06:59Z,,,,,,,,CALCULATED
2013-06-23T19:20:00Z,2013-06-24T01:16:59Z,,,,,,,,CALCULATED
2013-06-23T19:30:00Z,2013-06-24T01:26:59Z,,,,,,,,CALCULATED
2013-06-23T19:40:00Z,2013-06-24T01:36:59Z,,,,,,,,CALCULATED
2013-06-23T19:50:00Z,2013-06-24T01:46:59Z,,,,,,OUT_WARN,,CALCULATED
2013-06-23T20:00:00Z,2013-06-24T01:56:59Z,,,,,,OUT_WARN,,CALCULATED
2013-06-23T20:10:00Z,2013-06-24T02:06:59Z,,,,,,OUT_WARN,,CALCULATED
2013-06-23T20:20:00Z,2013-06-24T02:16:59Z,,,,,,OUT_WARN,,CALCULATED
2013-06-23T20:30:00Z,2013-06-24T02:26:59Z,,,,,,,,CALCULATED
2013-06-23T20:40:00Z,2013-06-24T02:36:59Z,,,,,,,,CALCULATED
2013-06-23T20:50:00Z,2013-06-24T02:46:59Z,,,,,,,,CALCULATED
2013-06-23T21:00:00Z,2013-06-24T02:56:59Z,,,,,,,,CALCULATED
2013-06-23T21:10:00Z,2013-06-24T03:06:59Z,,,,,,,,CALCULATED
2013-06-23T21:20:00Z,2013-06-24T03:16:59Z,,,,,,,,CALCULATED
2013-06-23T21:30:00Z,2013-06-24T03:26:59Z,,,,,,,,CALCULATED
2013-06-23T21:40:00Z,2013-06-24T03:36:59Z,,,,,,,,CALCULATED
2013-06-23T21:50:00Z,2013-06-24T03:46:59Z,,,,,,,,CALCULATED
2013-06-23T22:00:00Z,2013-06-24T03:56:59Z,,,,,,,,CALCULATED
2013-06-23T22:10:00Z,2013-06-24T04:06:59Z,,,,,,,,CALCULATED
2013-06-23T22:20:00Z,2013-06-24T04:16:59Z,,,,,,,,CALCULATED
2013-06-23T22:30:00Z,2013-06-24T04:26:59Z,,,,,,,,CALCULATED
2013-06-23T22:40:00Z,2013-06-24T04:36:59Z,,,,,,,,CALCULATED
2013-06-23T22:50:00Z,2013-06-24T04:46:59Z,,,,,,,,CALCULATED
2013-06-23T23:00:00Z,2013-06-24T04:56:59Z,,,,,,,,CALCULATED
2013-06-23T23:10:00Z,2013-06-24T05:06:59Z,,,,,,,,CALCULATED
2013-06-23T23:20:00Z,2013-06-24T05:16:59Z,,,,,,,,CALCULATED
2013-06-23T23:30:00Z,2013-06-24T05:26:59Z,,,,,,,,CALCULATED
2013-06-23T23:40:00Z,2013-06-24T05:36:59Z,,,,,,,,CALCULATED
2013-06-23T23:50:00Z,2013-06-24T05:46:59Z,,,,,,,,CALCULATED
2013-06-24T00:00:00Z,2013-06-24T05:56:59Z,,,,,,,,CALCULATED
2013-06-24T00:10:00Z,2013-06-24T06:06:59Z,,,,,,,,CALCULATED
2013-06-24T00:20:00Z,2013-06-24T06:16:59Z,,,,,,,,CALCULATED
2013-06-24T00:30:00Z,2013-06-24T06:26:59Z,,,,,,,,CALCULATED
2013-06-24T00:40:00Z,2013-06-24T06:36:59Z,,,,,,,,CALCULATED
2013-06-24T00:50:00Z,2013-06-24T06:46:59Z,,,,,,,,CALCULATED
2013-06-24T01:00:00Z,2013-06-24T06:56:59Z,,,,,,,,CALCULATED
2013-06-24T01:10:00Z,2013-06-24T07:06:59Z,,,,,,,,CALCULATED
2013-06-24T01:20:00Z,2013-06-24T07:16:59Z,,,,,,,,CALCULATED
2013-06-24T01:30:00Z,2013-06-24T07:26:59Z,,,,,,,,CALCULATED
2013-06-24T01:40:00Z,2013-06-24T07:36:59Z,,,,,,,,CALCULATED
2013-06-24T01:50:00Z,2013-06-24T07:46:59Z,,,,,,,,CALCULATED
2013-06-24T02:00:00Z,2013-06-24T07:56:59Z,,,,,,,,CALCULATED
2013-06-24T02:10:00Z,2013-06-24T08:06:59Z,,,,,,,,CALCULATED
2013-06-24T02:20:00Z,2013-06-24T08:16:59Z,,,,,,,,CALCULATED
2013-06-24T02:30:00Z,2013-06-24T08:26:59Z,,,,,,,,CALCULATED
2013-06-24T02:40:00Z,2013-06-24T08:36:59Z,,,,,,,,CALCULATED
2013-06-24T02:50:00Z,2013-06-24T08:46:59Z,,,,,,,,CALCULATED
2013-06-24T03:00:00Z,2013-06-24T08:56:59Z,,,,,,,,CALCULATED
2013-06-24T03:10:00Z,2013-06-24T09:06:59Z,,,,,,,,CALCULATED
2013-06-24T03:20:00Z,2013-06-24T09:16:59Z,,,,,,,,CALCULATED
2013-06-24T03:30:00Z,2013-06-24T09:26:59Z,,,,,,,,CALCULATED
2013-06-24T03:40:00Z,2013-06-24T09:36:59Z,,,,,,,,CALCULATED
2013-06-24T03:50:00Z,2013-06-24T09:46:59Z,,,,,,,,CALCULATED
2013-06-24T04:00:00Z,2013-06-24T09:56:59Z,,,,,,,,CALCULATED
2013-06-24T04:10:00Z,2013-06-24T10:06:59Z,,,,,,,,CALCULATED
2013-06-24T04:20:00Z,2013-06-24T10:16:59Z,,,,,,,,CALCULATED
2013-06-24T04:30:00Z,2013-06-24T10:26:59Z,,,,,,,,CALCULATED
2013-06-24T04:40:00Z,2013-06-24T10:36:59Z,,,,,,,,CALCULATED
2013-06-24T04:50:00Z,2013-06-24T10:46:59Z,,,,,,,,CALCULATED
2013-06-24T05:00:00Z,2013-06-24T10:56:59Z,,,,,,,,CALCULATED
2013-06-24T05:10:00Z,2013-06-24T11:06:59Z,,,,,,,,CALCULATED
2013-06-24T05:20:00Z,2013-06-24T11:16:59Z,,,,,,,,CALCULATED
2013-06-24T05:30:00Z,2013-06-24T11:26:59Z,,,,,,,,CALCULATED
2013-06-24T05:40:00Z,2013-06-24T11:36:59Z,,,,,,,,CALCULATED
2013-06-24T05:50:00Z,2013-06-24T11:46:59Z,,,,,,,,CALCULATED
2013-06-24T06:00:00Z,2013-06-24T11:56:59Z,,,,,,,,CALCULATED
2013-06-24T06:10:00Z,2013-06-24T12:06:59Z,,,,,,,,CALCULATED
2013-06-24T06:20:00Z,2013-06-24T12:16:59Z,,,,,,,,CALCULATED
2013-06-24T06:30:00Z,2013-06-24T12:26:59Z,,,,,,,,CALCULATED
2013-06-24T06:40:00Z,2013-06-24T12:36:59Z,,,,,,,,CALCULATED
2013-06-24T06:50:00Z,2013-06-24T12:46:59Z,,,,,,,,CALCULATED
2013-06-24T07:00:00Z,2013-06-24T12:56:59Z,,,,,,,,CALCULATED
2013-06-24T07:10:00Z,2013-06-24T13:06:59Z,,,,,,,,CALCULATED
2013-06-24T07:20:00Z,2013-06-24T13:16:59Z,,,,,,,,CALCULATED
2013-06-24T07:30:00Z,2013-06-24T13:26:59Z,,,,,,,,CALCULATED
2013-06-24T07:40:00Z,2013-06-24T13:36:59Z,,,,,,,,CALCULATED
2013-06-24T07:50:00Z,2013-06-24T13:46:59Z,,,,,,,,CALCULATED
2013-06-24T08:00:00Z,2013-06-24T13:56:59Z,,,,,,,,CALCULATED
2013-06-24T08:10:00Z,2013-06-24T14:06:59Z,,,,,,,,CALCULATED
2013-06-24T08:20:00Z,2013-06-24T14:16:59Z,,,,,,,,CALCULATED
2013-06-24T08:30:00Z,2013-06-24T14:26:59Z,,,,,,,,CALCULATED
2013-06-24T08:40:00Z,2013-06-24T14:36:59Z,,,,,,,,CALCULATED
2013-06-24T08:50:00Z,2013-06-24T14:46:59Z,,,,,,,,CALCULATED
2013-06-24T09:00:00Z,2013-06-24T14:56:59Z,,,,,,,,CALCULATED
2013-06-24T09:10:00Z,2013-06-24T15:06:59Z,,,,,,,,CALCULATED
2013-06-24T09:20:00Z,2013-06-24T15:16:59Z,,,,,,,,CALCULATED
2013-06-24T09:30:00Z,2013-06-24T15:26:59Z,,,,,,,,CALCULATED
2013-06-24T09:40:00Z,2013-06-24T15:36:59Z,,,,,,,,CALCULATED
2013-06-24T09:50:00Z,2013-06-24T15:46:59Z,,,,,,,,CALCULATED
2013-06-24T10:00:00Z,2013-06-24T15:56:59Z,,,,,,,,CALCULATED
2013-06-24T10:10:00Z,2013-06-24T16:06:59Z,,,,,,,,CALCULATED
2013-06-24T10:20:00Z,2013-06-24T16:16:59Z,,,,,,,,CALCULATED
2013-06-24T10:30:00Z,2013-06-24T16:26:59Z,,,,,,,,CALCULATED
2013-06-24T10:40:00Z,2013-06-24T16:36:59Z,,,,,,,,CALCULATED
2013-06-24T10:50:00Z,2013-06-24T16:46:59Z,,,,,,,,CALCULATED
2013-06-24T11:00:00Z,2013-06-24T16:56:59Z,,,,,,,,CALCULATED
2013-06-24T11:10:00Z,2013-06-24T17:06:59Z,,,,,,,,CALCULATED
2013-06-24T11:20:00Z,2013-06-24T17:16:59Z,,,,,,,,CALCULATED
2013-06-24T11:30:00Z,2013-06-24T17:26:59Z,,,,,,,,CALCULATED
2013-06-24T11:40:00Z,2013-06-24T17:36:59Z,,,,,,,,CALCULATED
2013-06-24T11:50:00Z,2013-06-24T17:46:59Z,,,,,,,,CALCULATED
2013-06-24T12:00:00Z,2013-06-24T17:56:59Z,,,,,,,,CALCULATED
2013-06-24T12:10:00Z,2013-06-24T18:06:59Z,,,,,,,,CALCULATED
2013-06-24T12:20:00Z,2013-06-24T18:16:59Z,,,,,,,,CALCULATED
2013-06-24T12:30:00Z,2013-06-24T18:26:59Z,,,,,,,,CALCULATED
2013-06-24T12:40:00Z,2013-06-24T18:36:59Z,,,,,,,,CALCULATED
2013-06-24T12:50:00Z,2013-06-24T18:46:59Z,,,,,,,,CALCULATED
2013-06-24T13:00:00Z,2013-06-24T18:56:59Z,,,,,,,,CALCULATED
2013-06-24T13:10:00Z,2013-06-24T19:06:59Z,,,,,,,,CALCULATED
2013-06-24T13:20:00Z,2013-06-24T19:16:59Z,,,,,,,,CALCULATED
2013-06-24T13:30:00Z,2013-06-24T19:26:59Z,,,,,,,,CALCULATED
2013-06-24T13:40:00Z,2013-06-24T19:36:59Z,,,,,,,,CALCULATED
2013-06-24T13:50:00Z,2013-06-24T19:46:59Z,,,,,,,,CALCULATED
2013-06-24T14:00:00Z,2013-06-24T19:56:59Z,,,,,,,,CALCULATED
2013-06-24T14:10:00Z,2013-06-24T20:06:59Z,,,,,,,,CALCULATED
2013-06-24T14:20:00Z,2013-06-24T20:16:59Z,,,,,,,,CALCULATED
2013-06-24T14:30:00Z,2013-06-24T20:26:59Z,,,,,,,,CALCULATED
2013-06-24T14:40:00Z,2013-06-24T20:36:59Z,,,,,,,,CALCULATED
2013-06-24T14:50:00Z,2013-06-24T20:46:59Z,,,,,,,,CALCULATED
2013-06-24T15:00:00Z,2013-06-24T20:56:59Z,,,,,,,,CALCULATED
2013-06-24T15:10:00Z,2013-06-24T21:06:59Z,,,,,,,,CALCULATED
2013-06-24T15:20:00Z,2013-06-24T21:16:59Z,,,,,,,,CALCULATED
2013-06-24T15:30:00Z,2013-06-24T21:26:59Z,,,,,,,,CALCULATED
2013-06-24T15:40:00Z,2013-06-24T21:36:59Z,,,,,,,,CALCULATED
2013-06-24T15:50:00Z,2013-06-24T21:46:59Z,,,,,,,,CALCULATED
2013-06-24T16:00:00Z,2013-06-24T21:56:59Z,,,,,,,,CALCULATED
2013-06-24T16:10:00Z,2013-06-24T22:06:59Z,,,,,,,,CALCULATED
2013-06-24T16:20:00Z,2013-06-24T22:16:59Z,,,,,,,,CALCULATED
2013-06-24T16:30:00Z,2013-06-24T22:26:59Z,,,,,,,,CALCULATED
2013-06-24T16:40:00Z,2013-06-24T22:36:59Z,,,,,,,,CALCULATED
2013-06-24T16:50:00Z,2013-06-24T22:46:59Z,,,,,,,,CALCULATED
2013-06-24T17:00:00Z,2013-06-24T22:56:59Z,,,,,,,,CALCULATED
2013-06-24T17:10:00Z,2013-06-24T23:06:59Z,,,,,,,,CALCULATED
2013-06-24T17:20:00Z,2013-06-24T23:16:59Z,,,,,,,,CALCULATED
2013-06-24T17:30:00Z,2013-06-24T23:26:59Z,,,,,,,,CALCULATED
2013-06-24T17:40:00Z,2013-06-24T23:36:59Z,,,,,,OUT_WARN,,CALCULATED
2013-06-24T17:50:00Z,2013-06-24T23:46:59Z,,,,,,OUT_WARN,,CALCULATED
2013-06-24T18:00:00Z,2013-06-24T23:56:59Z,,,,,,OUT_WARN,,CALCULATED
2013-06-24T18:10:00Z,2013-06-25T00:06:47Z,,,,,,OUT_WARN,,CALCULATED
2013-06-24T18:20:00Z,2013-06-25T00:16:47Z,,,,,,OUT_WARN,,CALCULATED
2013-06-24T18:30:00Z,2013-06-25T00:26:47Z,,,,,,OUT_WARN,,CALCULATED
2013-06-24T18:40:00Z,2013-06-25T00:36:47Z,,,,,,OUT_WARN,,CALCULATED
2013-06-24T18:50:00Z,2013-06-25T00:46:47Z,,,,,,,,CALCULATED
2013-06-24T19:00:00Z,2013-06-25T00:56:47Z,,,,,,,,CALCULATED
2013-06-24T19:10:00Z,2013-06-25T01:06:47Z,,,,,,,,CALCULATED
2013-06-24T19:20:00Z,2013-06-25T01:16:47Z,,,,,,,,CALCULATED
2013-06-24T19:30:00Z,2013-06-25T01:26:47Z,,,,,,,,CALCULATED
2013-06-24T19:40:00Z,2013-06-25T01:36:47Z,,,,,,,,CALCULATED
2013-06-24T19:50:00Z,2013-06-25T01:46:47Z,,,,,,,,CALCULATED
2013-06-24T20:00:00Z,2013-06-25T01:56:47Z,,,,,,,,CALCULATED
2013-06-24T20:10:00Z,2013-06-25T02:06:47Z,,,,,,,,CALCULATED
2013-06-24T20:20:00Z,2013-06-25T02:16:47Z,,,,,,,,CALCULATED
2013-06-24T20:30:00Z,2013-06-25T02:26:47Z,,,,,,,,CALCULATED
2013-06-24T20:40:00Z,2013-06-25T02:36:47Z,,,,,,,,CALCULATED
2013-06-24T20:50:00Z,2013-06-25T02:46:47Z,,,,,,,,CALCULATED
2013-06-24T21:00:00Z,2013-06-25T02:56:47Z,,,,,,,,CALCULATED
2013-06-24T21:10:00Z,2013-06-25T03:06:47Z,,,,,,,,CALCULATED
2013-06-24T21:20:00Z,2013-06-25T03:16:47Z,,,,,,,,CALCULATED
2013-06-24T21:30:00Z,2013-06-25T03:26:47Z,,,,,,,,CALCULATED
2013-06-24T21:40:00Z,2013-06-25T03:36:47Z,,,,,,,,CALCULATED
2013-06-24T21:50:00Z,2013-06-25T03:46:47Z,,,,,,,,CALCULATED
2013-06-24T22:00:00Z,2013-06-25T03:56:47Z,,,,,,,,CALCULATED
2013-06-24T22:10:00Z,2013-06-25T04:06:47Z,,,,,,,,CALCULATED
2013-06-24T22:20:00Z,2013-06-25T04:16:47Z,,,,,,,,CALCULATED
2013-06-24T22:30:00Z,2013-06-25T04:26:47Z,,,,,,,,CALCULATED
2013-06-24T22:40:00Z,2013-06-25T04:36:47Z,,,,,,,,CALCULATED
2013-06-24T22:50:00Z,2013-06-25T04:46:47Z,,,,,,,,CALCULATED
2013-06-24T23:00:00Z,2013-06-25T04:56:47Z,,,,,,,,CALCULATED
2013-06-24T23:10:00Z,2013-06-25T05:06:47Z,,,,,,,,CALCULATED
2013-06-24T23:20:00Z,2013-06-25T05:16:47Z,,,,,,,,CALCULATED
2013-06-24T23:30:00Z,2013-06-25T05:26:47Z,,,,,,,,CALCULATED
2013-06-24T23:40:00Z,2013-06-25T05:36:47Z,,,,,,,,CALCULATED
2013-06-24T23:50:00Z,2013-06-25T05:46:47Z,,,,,,,,CALCULATED
2013-06-25T00:00:00Z,2013-06-25T05:56:47Z,,,,,,,,CALCULATED
2013-06-25T00:10:00Z,2013-06-25T06:06:47Z,,,,,,,,CALCULATED
2013-06-25T00:20:00Z,2013-06-25T06:16:47Z,,,,,,,,CALCULATED
2013-06-25T00:30:00Z,2013-06-25T06:26:47Z,,,,,,,,CALCULATED
2013-06-25T00:40:00Z,2013-06-25T06:36:47Z,,,,,,,,CALCULATED
2013-06-25T00:50:00Z,2013-06-25T06:46:47Z,,,,,,,,CALCULATED
2013-06-25T01:00:00Z,2013-06-25T06:56:47Z,,,,,,,,CALCULATED
2013-06-25T01:10:00Z,2013-06-25T07:06:47Z,,,,,,,,CALCULATED
2013-06-25T01:20:00Z,2013-06-25T07:16:47Z,,,,,,,,CALCULATED
2013-06-25T01:30:00Z,2013-06-25T07:26:47Z,,,,,,,,CALCULATED
2013-06-25T01:40:00Z,2013-06-25T07:36:47Z,,,,,,,,CALCULATED
2013-06-25T01:50:00Z,2013-06-25T07:46:47Z,,,,,,,,CALCULATED
2013-06-25T02:00:00Z,2013-06-25T07:56:47Z,,,,,,,,CALCULATED
2013-06-25T02:10:00Z,2013-06-25T08:06:47Z,,,,,,,,CALCULATED
2013-06-25T02:20:00Z,2013-06-25T08:16:47Z,,,,,,,,CALCULATED
2013-06-25T02:30:00Z,2013-06-25T08:26:47Z,,,,,,,,CALCULATED
2013-06-25T02:40:00Z,2013-06-25T08:36:47Z,,,,,,,,CALCULATED
2013-06-25T02:50:00Z,2013-06-25T08:46:47Z,,,,,,,,CALCULATED
2013-06-25T03:00:00Z,2013-06-25T08:56:47Z,,,,,,,,CALCULATED
2013-06-25T03:10:00Z,2013-06-25T09:06:47Z,,,,,,,,CALCULATED
2013-06-25T03:20:00Z,2013-06-25T09:16:47Z,,,,,,,,CALCULATED
2013-06-25T03:30:00Z,2013-06-25T09:26:47Z,,,,,,,,CALCULATED
2013-06-25T03:40:00Z,2013-06-25T09:36:47Z,,,,,,,,CALCULATED
2013-06-25T03:50:00Z,2013-06-25T09:46:47Z,,,,,,,,CALCULATED
2013-06-25T04:00:00Z,2013-06-25T09:56:47Z,,,,,,,,CALCULATED
2013-06-25T04:10:00Z,2013-06-25T10:06:47Z,,,,,,,,CALCULATED
2013-06-25T04:20:00Z,2013-06-25T10:16:47Z,,,,,,,,CALCULATED
2013-06-25T04:30:00Z,2013-06-25T10:26:47Z,,,,,,,,CALCULATED
2013-06-25T04:40:00Z,2013-06-25T10:36:47Z,,,,,,,,CALCULATED
2013-06-25T04:50:00Z,2013-06-25T10:46:47Z,,,,,,,,CALCULATED
2013-06-25T05:00:00Z,2013-06-25T10:56:47Z,,,,,,,,CALCULATED
2013-06-25T05:10:00Z,2013-06-25T11:06:47Z,,,,,,,,CALCULATED
2013-06-25T05:20:00Z,2013-06-25T11:16:47Z,,,,,,,,CALCULATED
2013-06-25T05:30:00Z,2013-06-25T11:26:47Z,,,,,,,,CALCULATED
2013-06-25T05:40:00Z,2013-06-25T11:36:47Z,,,,,,,,CALCULATED
2013-06-25T05:50:00Z,2013-06-25T11:46:47Z,,,,,,,,CALCULATED
2013-06-25T06:00:00Z,2013-06-25T11:56:47Z,,,,,,,,CALCULATED
2013-06-25T06:10:00Z,2013-06-25T12:06:47Z,,,,,,,,CALCULATED
2013-06-25T06:20:00Z,2013-06-25T12:16:47Z,,,,,,,,CALCULATED
2013-06-25T06:30:00Z,2013-06-25T12:26:47Z,,,,,,,,CALCULATED
2013-06-25T06:40:00Z,2013-06-25T12:36:47Z,,,,,,,,CALCULATED
2013-06-25T06:50:00Z,2013-06-25T12:46:47Z,,,,,,,,CALCULATED
2013-06-25T07:00:00Z,2013-06-25T12:56:47Z,,,,,,,,CALCULATED
2013-06-25T07:10:00Z,2013-06-25T13:06:47Z,,,,,,,,CALCULATED
2013-06-25T07:20:00Z,2013-06-25T13:16:47Z,,,,,,,,CALCULATED
2013-06-25T07:30:00Z,2013-06-25T13:26:47Z,,,,,,,,CALCULATED
2013-06-25T07:40:00Z,2013-06-25T13:36:47Z,,,,,,,,CALCULATED
2013-06-25T07:50:00Z,2013-06-25T13:46:47Z,,,,,,,,CALCULATED
2013-06-25T08:00:00Z,2013-06-25T13:56:47Z,,,,,,,,CALCULATED
2013-06-25T08:10:00Z,2013-06-25T14:06:47Z,,,,,,,,CALCULATED
2013-06-25T08:20:00Z,2013-06-25T14:16:47Z,,,,,,,,CALCULATED
2013-06-25T08:30:00Z,2013-06-25T14:26:47Z,,,,,,,,CALCULATED
2013-06-25T08:40:00Z,2013-06-25T14:36:47Z,,,,,,,,CALCULATED
2013-06-25T08:50:00Z,2013-06-25T14:46:47Z,,,,,,,,CALCULATED
2013-06-25T09:00:00Z,2013-06-25T14:56:47Z,,,,,,,,CALCULATED
2013-06-25T09:10:00Z,2013-06-25T15:06:47Z,,,,,,,,CALCULATED
2013-06-25T09:20:00Z,2013-06-25T15:16:47Z,,,,,,,,CALCULATED
2013-06-25T09:30:00Z,2013-06-25T15:26:47Z,,,,,,,,CALCULATED
2013-06-25T09:40:00Z,2013-06-25T15:36:47Z,,,,,,,,CALCULATED
2013-06-25T09:50:00Z,2013-06-25T15:46:47Z,,,,,,,,CALCULATED
2013-06-25T10:00:00Z,2013-06-25T15:56:47Z,,,,,,,,CALCULATED
2013-06-25T10:10:00Z,2013-06-25T16:06:47Z,,,,,,,,CALCULATED
2013-06-25T10:20:00Z,2013-06-25T16:16:47Z,,,,,,,,CALCULATED
2013-06-25T10:30:00Z,2013-06-25T16:26:47Z,,,,,,,,CALCULATED
2013-06-25T10:40:00Z,2013-06-25T16:36:47Z,,,,,,,,CALCULATED
2013-06-25T10:50:00Z,2013-06-25T16:46:47Z,,,,,,,,CALCULATED
2013-06-25T11:00:00Z,2013-06-25T16:56:47Z,,,,,,,,CALCULATED
2013-06-25T11:10:00Z,2013-06-25T17:06:47Z,,,,,,,,CALCULATED
2013-06-25T11:20:00Z,2013-06-25T17:16:47Z,,,,,,,,CALCULATED
2013-06-25T11:30:00Z,2013-06-25T17:26:47Z,,,,,,,,CALCULATED
2013-06-25T11:40:00Z,2013-06-25T17:36:47Z,,,,,,,,CALCULATED
2013-06-25T11:50:00Z,2013-06-25T17:46:47Z,,,,,,,,CALCULATED
2013-06-25T12:00:00Z,2013-06-25T17:56:47Z,,,,,,,,CALCULATED
2013-06-25T12:10:00Z,2013-06-25T18:06:47Z,,,,,,,,CALCULATED
2013-06-25T12:20:00Z,2013-06-25T18:16:47Z,,,,,,,,CALCULATED
2013-06-25T12:30:00Z,2013-06-25T18:26:47Z,,,,,,,,CALCULATED
2013-06-25T12:40:00Z,2013-06-25T18:36:47Z,,,,,,,,CALCULATED
2013-06-25T12:50:00Z,2013-06-25T18:46:47Z,,,,,,,,CALCULATED
2013-06-25T13:00:00Z,2013-06-25T18:56:47Z,,,,,,,,CALCULATED
2013-06-25T13:10:00Z,2013-06-25T19:06:47Z,,,,,,,,CALCULATED
2013-06-25T13:20:00Z,2013-06-25T19:16:47Z,,,,,,,,CALCULATED
2013-06-25T13:30:00Z,2013-06-25T19:26:47Z,,,,,,,,CALCULATED
2013-06-25T13:40:00Z,2013-06-25T19:36:47Z,,,,,,OUT_WARN,,CALCULATED
2013-06-25T13:50:00Z,2013-06-25T19:46:47Z,,,,,,,,CALCULATED
2013-06-25T14:00:00Z,2013-06-25T19:56:47Z,,,,,,,,CALCULATED
2013-06-25T14:10:00Z,2013-06-25T20:06:47Z,,,,,,,,CALCULATED
2013-06-25T14:20:00Z,2013-06-25T20:16:47Z,,,,,,,,CALCULATED
2013-06-25T14:30:00Z,2013-06-25T20:26:47Z,,,,,,,,CALCULATED
2013-06-25T14:40:00Z,2013-06-25T20:36:47Z,,,,,,,,CALCULATED
2013-06-25T14:50:00Z,2013-06-25T20:46:47Z,,,,,,,,CALCULATED
2013-06-25T15:00:00Z,2013-06-25T20:56:47Z,,,,,,,,CALCULATED
2013-06-25T15:10:00Z,2013-06-25T21:06:47Z,,,,,,,,CALCULATED
2013-06-25T15:20:00Z,2013-06-25T21:16:47Z,,,,,,,,CALCULATED
2013-06-25T15:30:00Z,2013-06-25T21:26:47Z,,,,,,,,CALCULATED
2013-06-25T15:40:00Z,2013-06-25T21:36:47Z,,,,,,,,CALCULATED
2013-06-25T15:50:00Z,2013-06-25T21:46:47Z,,,,,,,,CALCULATED
2013-06-25T16:00:00Z,2013-06-25T21:56:47Z,,,,,,,,CALCULATED
2013-06-25T16:10:00Z,2013-06-25T22:06:47Z,,,,,,,,CALCULATED
2013-06-25T16:20:00Z,2013-06-25T22:16:47Z,,,,,,,,CALCULATED
2013-06-25T16:30:00Z,2013-06-25T22:26:47Z,,,,,,,,CALCULATED
2013-06-25T16:40:00Z,2013-06-25T22:36:47Z,,,,,,,,CALCULATED
2013-06-25T16:50:00Z,2013-06-25T22:46:47Z,,,,,,,,CALCULATED
2013-06-25T17:00:00Z,2013-06-25T22:56:47Z,,,,,,,,CALCULATED
2013-06-25T17:10:00Z,2013-06-25T23:06:47Z,,,,,,,,CALCULATED
2013-06-25T17:20:00Z,2013-06-25T23:16:47Z,,,,,,,,CALCULATED
2013-06-25T17:30:00Z,2013-06-25T23:26:47Z,,,,,,,,CALCULATED
2013-06-25T17:40:00Z,2013-06-25T23:36:47Z,,,,,,,,CALCULATED
2013-06-25T17:50:00Z,2013-06-25T23:46:47Z,,,,,,,,CALCULATED
2013-06-25T18:00:00Z,2013-06-25T23:56:47Z,,,,,,,,CALCULATED
2013-06-25T18:10:00Z,2013-06-26T00:06:36Z,,,,,,,,CALCULATED
2013-06-25T18:20:00Z,2013-06-26T00:16:36Z,,,,,,,,CALCULATED
2013-06-25T18:30:00Z,2013-06-26T00:26:36Z,,,,,,,,CALCULATED
2013-06-25T18:40:00Z,2013-06-26T00:36:36Z,,,,,,,,CALCULATED
2013-06-25T18:50:00Z,2013-06-26T00:46:36Z,,,,,,,,CALCULATED
2013-06-25T19:00:00Z,2013-06-26T00:56:36Z,,,,,,,,CALCULATED
2013-06-25T19:10:00Z,2013-06-26T01:06:36Z,,,,,,,,CALCULATED
2013-06-25T19:20:00Z,2013-06-26T01:16:36Z,,,,,,,,CALCULATED
2013-06-25T19:30:00Z,2013-06-26T01:26:36Z,,,,,,,,CALCULATED
2013-06-25T19:40:00Z,2013-06-26T01:36:36Z,,,,,,,,CALCULATED
2013-06-25T19:50:00Z,2013-06-26T01:46:36Z,,,,,,,,CALCULATED
2013-06-25T20:00:00Z,2013-06-26T01:56:36Z,,,,,,,,CALCULATED
2013-06-25T20:10:00Z,2013-06-26T02:06:36Z,,,,,,OUT_WARN,,CALCULATED
2013-06-25T20:20:00Z,2013-06-26T02:16:36Z,,,,,,,,CALCULATED
2013-06-25T20:30:00Z,2013-06-26T02:26:36Z,,,,,,,,CALCULATED
2013-06-25T20:40:00Z,2013-06-26T02:36:36Z,,,,,,,,CALCULATED
2013-06-25T20:50:00Z,2013-06-26T02:46:36Z,,,,,,,,CALCULATED
2013-06-25T21:00:00Z,2013-06-26T02:56:36Z,,,,,,,,CALCULATED
2013-06-25T21:10:00Z,2013-06-26T03:06:36Z,,,,,,,,CALCULATED
2013-06-25T21:20:00Z,2013-06-26T03:16:36Z,,,,,,,,CALCULATED
2013-06-25T21:30:00Z,2013-06-26T03:26:36Z,,,,,,,,CALCULATED
2013-06-25T21:40:00Z,2013-06-26T03:36:36Z,,,,,,,,CALCULATED
2013-06-25T21:50:00Z,2013-06-26T03:46:36Z,,,,,,,,CALCULATED
2013-06-25T22:00:00Z,2013-06-26T03:56:36Z,,,,,,,,CALCULATED
2013-06-25T22:10:00Z,2013-06-26T04:06:36Z,,,,,,,,CALCULATED
2013-06-25T22:20:00Z,2013-06-26T04:16:36Z,,,,,,,,CALCULATED
2013-06-25T22:30:00Z,2013-06-26T04:26:36Z,,,,,,,,CALCULATED
2013-06-25T22:40:00Z,2013-06-26T04:36:36Z,,,,,,,,CALCULATED
2013-06-25T22:50:00Z,2013-06-26T04:46:36Z,,,,,,,,CALCULATED
2013-06-25T23:00:00Z,2013-06-26T04:56:36Z,,,,,,,,CALCULATED
2013-06-25T23:10:00Z,2013-06-26T05:06:36Z,,,,,,,,CALCULATED
2013-06-25T23:20:00Z,2013-06-26T05:16:36Z,,,,,,,,CALCULATED
2013-06-25T23:30:00Z,2013-06-26T05:26:36Z,,,,,,,,CALCULATED
2013-06-25T23:40:00Z,2013-06-26T05:36:36Z,,,,,,,,CALCULATED
2013-06-25T23:50:00Z,2013-06-26T05:46:36Z,,,,,,,,CALCULATED
2013-06-26T00:00:00Z,2013-06-26T05:56:36Z,,,,,,,,CALCULATED
2013-06-26T00:10:00Z,2013-06-26T06:06:36Z,,,,,,,,CALCULATED
2013-06-26T00:20:00Z,2013-06-26T06:16:36Z,,,,,,,,CALCULATED
2013-06-26T00:30:00Z,2013-06-26T06:26:36Z,,,,,,,,CALCULATED
2013-06-26T00:40:00Z,2013-06-26T06:36:36Z,,,,,,,,CALCULATED
2013-06-26T00:50:00Z,2013-06-26T06:46:36Z,,,,,,,,CALCULATED
2013-06-26T01:00:00Z,2013-06-26T06:56:36Z,,,,,,,,CALCULATED
2013-06-26T01:10:00Z,2013-06-26T07:06:36Z,,,,,,,,CALCULATED
2013-06-26T01:20:00Z,2013-06-26T07:16:36Z,,,,,,,,CALCULATED
2013-06-26T01:30:00Z,2013-06-26T07:26:36Z,,,,,,,,CALCULATED
2013-06-26T01:40:00Z,2013-06-26T07:36:36Z,,,,,,,,CALCULATED
2013-06-26T01:50:00Z,2013-06-26T07:46:36Z,,,,,,,,CALCULATED
2013-06-26T02:00:00Z,2013-06-26T07:56:36Z,,,,,,,,CALCULATED
2013-06-26T02:10:00Z,2013-06-26T08:06:36Z,,,,,,,,CALCULATED
2013-06-26T02:20:00Z,2013-06-26T08:16:36Z,,,,,,,,CALCULATED
2013-06-26T02:30:00Z,2013-06-26T08:26:36Z,,,,,,,,CALCULATED
2013-06-26T02:40:00Z,2013-06-26T08:36:36Z,,,,,,,,CALCULATED
2013-06-26T02:50:00Z,2013-06-26T08:46:36Z,,,,,,,,CALCULATED
2013-06-26T03:00:00Z,2013-06-26T08:56:36Z,,,,,,,,CALCULATED
2013-06-26T03:10:00Z,2013-06-26T09:06:36Z,,,,,,,,CALCULATED
2013-06-26T03:20:00Z,2013-06-26T09:16:36Z,,,,,,,,CALCULATED
2013-06-26T03:30:00Z,2013-06-26T09:26:36Z,,,,,,,,CALCULATED
2013-06-26T03:40:00Z,2013-06-26T09:36:36Z,,,,,,,,CALCULATED
2013-06-26T03:50:00Z,2013-06-26T09:46:36Z,,,,,,,,CALCULATED
2013-06-26T04:00:00Z,2013-06-26T09:56:36Z,,,,,,,,CALCULATED
2013-06-26T04:10:00Z,2013-06-26T10:06:36Z,,,,,,,,CALCULATED
2013-06-26T04:20:00Z,2013-06-26T10:16:36Z,,,,,,,,CALCULATED
2013-06-26T04:30:00Z,2013-06-26T10:26:36Z,,,,,,,,CALCULATED
2013-06-26T04:40:00Z,2013-06-26T10:36:36Z,,,,,,,,CALCULATED
2013-06-26T04:50:00Z,2013-06-26T10:46:36Z,,,,,,,,CALCULATED
2013-06-26T05:00:00Z,2013-06-26T10:56:36Z,,,,,,,,CALCULATED
2013-06-26T05:10:00Z,2013-06-26T11:06:36Z,,,,,,,,CALCULATED
2013-06-26T05:20:00Z,2013-06-26T11:16:36Z,,,,,,,,CALCULATED
2013-06-26T05:30:00Z,2013-06-26T11:26:36Z,,,,,,,,CALCULATED
2013-06-26T05:40:00Z,2013-06-26T11:36:36Z,,,,,,,,CALCULATED
2013-06-26T05:50:00Z,2013-06-26T11:46:36Z,,,,,,,,CALCULATED
2013-06-26T06:00:00Z,2013-06-26T11:56:36Z,,,,,,,,CALCULATED
2013-06-26T06:10:00Z,2013-06-26T12:06:36Z,,,,,,,,CALCULATED
2013-06-26T06:20:00Z,2013-06-26T12:16:36Z,,,,,,,,CALCULATED
2013-06-26T06:30:00Z,2013-06-26T12:26:36Z,,,,,,,,CALCULATED
2013-06-26T06:40:00Z,2013-06-26T12:36:36Z,,,,,,,,CALCULATED
2013-06-26T06:50:00Z,2013-06-26T12:46:36Z,,,,,,,,CALCULATED
2013-06-26T07:00:00Z,2013-06-26T12:56:36Z,,RANGE_WARN,,,,,,CALCULATED
2013-06-26T07:10:00Z,2013-06-26T13:06:36Z,,,,,,,,CALCULATED
2013-06-26T07:20:00Z,2013-06-26T13:16:36Z,,RANGE_WARN,,,,,,CALCULATED
2013-06-26T07:30:00Z,2013-06-26T13:26:36Z,,RANGE_WARN,,,,,,CALCULATED
2013-06-26T07:40:00Z,2013-06-26T13:36:36Z,,RANGE_WARN,,,,,,CALCULATED
2013-06-26T07:50:00Z,2013-06-26T13:46:36Z,,RANGE_WARN,,,,,,CALCULATED
2013-06-26T08:00:00Z,2013-06-26T13:56:36Z,,RANGE_WARN,,,,,,CALCULATED
2013-06-26T08:10:00Z,2013-06-26T14:06:36Z,,RANGE_WARN,,,,,,CALCULATED
2013-06-26T08:20:00Z,2013-06-26T14:16:36Z,,RANGE_WARN,,,,,,CALCULATED
2013-06-26T08:30:00Z,2013-06-26T14:26:36Z,,RANGE_WARN,,,,,,CALCULATED
2013-06-26T08:40:00Z,2013-06-26T14:36:36Z,,RANGE_WARN,,,,,,CALCULATED
2013-06-26T08:50:00Z,2013-06-26T14:46:36Z,,RANGE_WARN,,,,,,CALCULATED
2013-06-26T09:00:00Z,2013-06-26T14:56:36Z,,RANGE_WARN,,,,,,CALCULATED
2013-06-26T09:10:00Z,2013-06-26T15:06:36Z,,RANGE_WARN,,,,,,CALCULATED
2013-06-26T09:20:00Z,2013-06-26T15:16:36Z,,RANGE_WARN,,,,,,CALCULATED
2013-06-26T09:30:00Z,2013-06-26T15:26:36Z,,RANGE_WARN,,,,,,CALCULATED
2013-06-26T09:40:00Z,2013-06-26T15:36:36Z,,RANGE_WARN,,,,,,CALCULATED
2013-06-26T09:50:00Z,2013-06-26T15:46:36Z,,RANGE_WARN,,,,,,CALCULATED
2013-06-26T10:00:00Z,2013-06-26T15:56:36Z,,RANGE_WARN,,,,,,CALCULATED
2013-06-26T10:10:00Z,2013-06-26T16:06:36Z,,RANGE_WARN,,,,,,CALCULATED
2013-06-26T10:20:00Z,2013-06-26T16:16:36Z,,RANGE_WARN,,,,,,CALCULATED
2013-06-26T10:30:00Z,2013-06-26T16:26:36Z,,RANGE_WARN,,,,,,CALCULATED
2013-06-26T10:40:00Z,2013-06-26T16:36:36Z,,RANGE_WARN,,,,,,CALCULATED
2013-06-26T10:50:00Z,2013-06-26T16:46:36Z,,RANGE_WARN,,,,,,CALCULATED
2013-06-26T11:00:00Z,2013-06-26T16:56:36Z,,RANGE_WARN,,,,,,CALCULATED
2013-06-26T11:10:00Z,2013-06-26T17:06:36Z,,RANGE_WARN,,,,,,CALCULATED
2013-06-26T11:20:00Z,2013-06-26T17:16:36Z,,RANGE_WARN,,,,,,CALCULATED
2013-06-26T11:30:00Z,2013-06-26T17:26:36Z,,RANGE_WARN,,,,,,CALCULATED
2013-06-26T11:40:00Z,2013-06-26T17:36:36Z,,RANGE_WARN,,,,,,CALCULATED
2013-06-26T11:50:00Z,2013-06-26T17:46:36Z,,RANGE_WARN,,,,,,CALCULATED
2013-06-26T12:00:00Z,2013-06-26T17:56:36Z,,RANGE_WARN,,,,,,CALCULATED
2013-06-26T12:10:00Z,2013-06-26T18:06:36Z,,RANGE_WARN,,,,,,CALCULATED
2013-06-26T12:20:00Z,2013-06-26T18:16:36Z,,RANGE_WARN,,,,,,CALCULATED
2013-06-26T12:30:00Z,2013-06-26T18:26:36Z,,,,,,,,CALCULATED
2013-06-26T12:40:00Z,2013-06-26T18:36:36Z,,,,,,,,CALCULATED
2013-06-26T12:50:00Z,2013-06-26T18:46:36Z,,,,,,OUT_WARN,,CALCULATED
2013-06-26T13:00:00Z,2013-06-26T18:56:36Z,,,,,,OUT_WARN,,CALCULATED
2013-06-26T13:10:00Z,2013-06-26T19:06:36Z,,,,,,,,CALCULATED
2013-06-26T13:20:00Z,2013-06-26T19:16:36Z,,,,,,,,CALCULATED
2013-06-26T13:30:00Z,2013-06-26T19:26:36Z,,,,,,,,CALCULATED
2013-06-26T13:40:00Z,2013-06-26T19:36:36Z,,,,,,,,CALCULATED
2013-06-26T13:50:00Z,2013-06-26T19:46:36Z,,,,,,,,CALCULATED
2013-06-26T14:00:00Z,2013-06-26T19:56:36Z,,,,,,,,CALCULATED
2013-06-26T14:10:00Z,2013-06-26T20:06:36Z,,,,,,,,CALCULATED
2013-06-26T14:20:00Z,2013-06-26T20:16:36Z,,,,,,,,CALCULATED
2013-06-26T14:30:00Z,2013-06-26T20:26:36Z,,,,,,,,CALCULATED
2013-06-26T14:40:00Z,2013-06-26T20:36:36Z,,,,,,,,CALCULATED
2013-06-26T14:50:00Z,2013-06-26T20:46:36Z,,,,,,,,CALCULATED
2013-06-26T15:00:00Z,2013-06-26T20:56:36Z,,,,,,,,CALCULATED
2013-06-26T15:10:00Z,2013-06-26T21:06:36Z,,,,,,,,CALCULATED
2013-06-26T15:20:00Z,2013-06-26T21:16:36Z,,,,,,,,CALCULATED
2013-06-26T15:30:00Z,2013-06-26T21:26:36Z,,,,,,,,CALCULATED
2013-06-26T15:40:00Z,2013-06-26T21:36:36Z,,,,,,,,CALCULATED
2013-06-26T15:50:00Z,2013-06-26T21:46:36Z,,,,,,,,CALCULATED
2013-06-26T16:00:00Z,2013-06-26T21:56:36Z,,,,,,,,CALCULATED
2013-06-26T16:10:00Z,2013-06-26T22:06:36Z,,,,,,,,CALCULATED
2013-06-26T16:20:00Z,2013-06-26T22:16:36Z,,,,,,,,CALCULATED
2013-06-26T16:30:00Z,2013-06-26T22:26:36Z,,,,,,,,CALCULATED
2013-06-26T16:40:00Z,2013-06-26T22:36:36Z,,,,,,,,CALCULATED
2013-06-26T16:50:00Z,2013-06-26T22:46:36Z,,,,,,,,CALCULATED
2013-06-26T17:00:00Z,2013-06-26T22:56:36Z,,,,,,,,CALCULATED
2013-06-26T17:10:00Z,2013-06-26T23:06:36Z,,,,,,,,CALCULATED
2013-06-26T17:20:00Z,2013-06-26T23:16:36Z,,,,,,,,CALCULATED
2013-06-26T17:30:00Z,2013-06-26T23:26:36Z,,,,,,,,CALCULATED
2013-06-26T17:40:00Z,2013-06-26T23:36:36Z,,,,,,,,CALCULATED
2013-06-26T17:50:00Z,2013-06-26T23:46:36Z,,,,,,,,CALCULATED
2013-06-26T18:00:00Z,2013-06-26T23:56:36Z,,,,,,,,CALCULATED
2013-06-26T18:10:00Z,2013-06-27T00:06:25Z,,,,,,,,CALCULATED
2013-06-26T18:20:00Z,2013-06-27T00:16:25Z,,,,,,,,CALCULATED
2013-06-26T18:30:00Z,2013-06-27T00:26:25Z,,,,,,,,CALCULATED
2013-06-26T18:40:00Z,2013-06-27T00:36:25Z,,,,,,,,CALCULATED
2013-06-26T18:50:00Z,2013-06-27T00:46:25Z,,,,,,,,CALCULATED
2013-06-26T19:00:00Z,2013-06-27T00:56:25Z,,,,,,,,CALCULATED
2013-06-26T19:10:00Z,2013-06-27T01:06:25Z,,,,,,,,CALCULATED
2013-06-26T19:20:00Z,2013-06-27T01:16:25Z,,,,,,,,CALCULATED
2013-06-26T19:30:00Z,2013-06-27T01:26:25Z,,,,,,,,CALCULATED
2013-06-26T19:40:00Z,2013-06-27T01:36:25Z,,,,,,,,CALCULATED
2013-06-26T19:50:00Z,2013-06-27T01:46:25Z,,,,,,,,CALCULATED
2013-06-26T20:00:00Z,2013-06-27T01:56:25Z,,,,,,,,CALCULATED
2013-06-26T20:10:00Z,2013-06-27T02:06:25Z,,,,,,,,CALCULATED
2013-06-26T20:20:00Z,2013-06-27T02:16:25Z,,,,,,,,CALCULATED
2013-06-26T20:30:00Z,2013-06-27T02:26:25Z,,,,,,,,CALCULATED
2013-06-26T20:40:00Z,2013-06-27T02:36:25Z,,,,,,,,CALCULATED
2013-06-26T20:50:00Z,2013-06-27T02:46:25Z,,,,,,,,CALCULATED
2013-06-26T21:00:00Z,2013-06-27T02:56:25Z,,,,,,,,CALCULATED
2013-06-26T21:10:00Z,2013-06-27T03:06:25Z,,,,,,,,CALCULATED
2013-06-26T21:20:00Z,2013-06-27T03:16:25Z,,,,,,,,CALCULATED
2013-06-26T21:30:00Z,2013-06-27T03:26:25Z,,,,,,,,CALCULATED
2013-06-26T21:40:00Z,2013-06-27T03:36:25Z,,,,,,,,CALCULATED
2013-06-26T21:50:00Z,2013-06-27T03:46:25Z,,,,,,,,CALCULATED
2013-06-26T22:00:00Z,2013-06-27T03:56:25Z,,,,,,,,CALCULATED
2013-06-26T22:10:00Z,2013-06-27T04:06:25Z,,,,,,,,CALCULATED
2013-06-26T22:20:00Z,2013-06-27T04:16:25Z,,,,,,,,CALCULATED
2013-06-26T22:30:00Z,2013-06-27T04:26:25Z,,,,,,,,CALCULATED
2013-06-26T22:40:00Z,2013-06-27T04:36:25Z,,,,,,OUT_WARN,,CALCULATED
2013-06-26T22:50:00Z,2013-06-27T04:46:25Z,,,,,,,,CALCULATED
2013-06-26T23:00:00Z,2013-06-27T04:56:25Z,,,,,,,,CALCULATED
2013-06-26T23:10:00Z,2013-06-27T05:06:25Z,,,,,,,,CALCULATED
2013-06-26T23:20:00Z,2013-06-27T05:16:25Z,,,,,,,,CALCULATED
2013-06-26T23:30:00Z,2013-06-27T05:26:25Z,,,,,,,,CALCULATED
2013-06-26T23:40:00Z,2013-06-27T05:36:25Z,,,,,,,,CALCULATED
2013-06-26T23:50:00Z,2013-06-27T05:46:25Z,,,,,,,,CALCULATED
2013-06-27T00:00:00Z,2013-06-27T05:56:25Z,,,,,,,,CALCULATED
2013-06-27T00:10:00Z,2013-06-27T06:06:25Z,,,,,,,,CALCULATED
2013-06-27T00:20:00Z,2013-06-27T06:16:25Z,,,,,,,,CALCULATED
2013-06-27T00:30:00Z,2013-06-27T06:26:25Z,,,,,,,,CALCULATED
2013-06-27T00:40:00Z,2013-06-27T06:36:25Z,,,,,,,,CALCULATED
2013-06-27T00:50:00Z,2013-06-27T06:46:25Z,,,,,,,,CALCULATED
2013-06-27T01:00:00Z,2013-06-27T06:56:25Z,,,,,,,,CALCULATED
2013-06-27T01:10:00Z,2013-06-27T07:06:25Z,,,,,,,,CALCULATED
2013-06-27T01:20:00Z,2013-06-27T07:16:25Z,,,,,,,,CALCULATED
2013-06-27T01:30:00Z,2013-06-27T07:26:25Z,,,,,,,,CALCULATED
2013-06-27T01:40:00Z,2013-06-27T07:36:25Z,,,,,,,,CALCULATED
2013-06-27T01:50:00Z,2013-06-27T07:46:25Z,,,,,,,,CALCULATED
2013-06-27T02:00:00Z,2013-06-27T07:56:25Z,,,,,,,,CALCULATED
2013-06-27T02:10:00Z,2013-06-27T08:06:25Z,,,,,,,,CALCULATED
2013-06-27T02:20:00Z,2013-06-27T08:16:25Z,,,,,,,,CALCULATED
2013-06-27T02:30:00Z,2013-06-27T08:26:25Z,,,,,,,,CALCULATED
2013-06-27T02:40:00Z,2013-06-27T08:36:25Z,,,,,,,,CALCULATED
2013-06-27T02:50:00Z,2013-06-27T08:46:25Z,,,,,,,,CALCULATED
2013-06-27T03:00:00Z,2013-06-27T08:56:25Z,,,,,,,,CALCULATED
2013-06-27T03:10:00Z,2013-06-27T09:06:25Z,,,,,,,,CALCULATED
2013-06-27T03:20:00Z,2013-06-27T09:16:25Z,,,,,,,,CALCULATED
2013-06-27T03:30:00Z,2013-06-27T09:26:25Z,,,,,,,,CALCULATED
2013-06-27T03:40:00Z,2013-06-27T09:36:25Z,,,,,,,,CALCULATED
2013-06-27T03:50:00Z,2013-06-27T09:46:25Z,,,,,,,,CALCULATED
2013-06-27T04:00:00Z,2013-06-27T09:56:25Z,,,,,,,,CALCULATED
2013-06-27T04:10:00Z,2013-06-27T10:06:25Z,,,,,,,,CALCULATED
2013-06-27T04:20:00Z,2013-06-27T10:16:25Z,,,,,,,,CALCULATED
2013-06-27T04:30:00Z,2013-06-27T10:26:25Z,,RANGE_WARN,,,,,,CALCULATED
2013-06-27T04:40:00Z,2013-06-27T10:36:25Z,,,,,,,,CALCULATED
2013-06-27T04:50:00Z,2013-06-27T10:46:25Z,,RANGE_WARN,,,,,,CALCULATED
2013-06-27T05:00:00Z,2013-06-27T10:56:25Z,,RANGE_WARN,,,,,,CALCULATED
2013-06-27T05:10:00Z,2013-06-27T11:06:25Z,,RANGE_WARN,,,,,,CALCULATED
2013-06-27T05:20:00Z,2013-06-27T11:16:25Z,,,,,,,,CALCULATED
2013-06-27T05:30:00Z,2013-06-27T11:26:25Z,,RANGE_WARN,,,,,,CALCULATED
2013-06-27T05:40:00Z,2013-06-27T11:36:25Z,,RANGE_WARN,,,,,,CALCULATED
2013-06-27T05:50:00Z,2013-06-27T11:46:25Z,,RANGE_WARN,,,,,,CALCULATED
2013-06-27T06:00:00Z,2013-06-27T11:56:25Z,,RANGE_WARN,,,,,,CALCULATED
2013-06-27T06:10:00Z,2013-06-27T12:06:25Z,,RANGE_WARN,,,,,,CALCULATED
2013-06-27T06:20:00Z,2013-06-27T12:16:25Z,,RANGE_WARN,,,,,,CALCULATED
2013-06-27T06:30:00Z,2013-06-27T12:26:25Z,,RANGE_WARN,,,,,,CALCULATED
2013-06-27T06:40:00Z,2013-06-27T12:36:25Z,,RANGE_WARN,,,,,,CALCULATED
2013-06-27T06:50:00Z,2013-06-27T12:46:25Z,,RANGE_WARN,,,,,,CALCULATED
2013-06-27T07:00:00Z,2013-06-27T12:56:25Z,,RANGE_WARN,,,,,,CALCULATED
2013-06-27T07:10:00Z,2013-06-27T13:06:25Z,,RANGE_WARN,,,,,,CALCULATED
2013-06-27T07:20:00Z,2013-06-27T13:16:25Z,,RANGE_WARN,,,,,,CALCULATED
2013-06-27T07:30:00Z,2013-06-27T13:26:25Z,,RANGE_WARN,,,,,,CALCULATED
2013-06-27T07:40:00Z,2013-06-27T13:36:25Z,,RANGE_WARN,,,,,,CALCULATED
2013-06-27T07:50:00Z,2013-06-27T13:46:25Z,,RANGE_WARN,,,,,,CALCULATED
2013-06-27T08:00:00Z,2013-06-27T13:56:25Z,,RANGE_WARN,,,,,,CALCULATED
2013-06-27T08:10:00Z,2013-06-27T14:06:25Z,,RANGE_WARN,,,,,,CALCULATED
2013-06-27T08:20:00Z,2013-06-27T14:16:25Z,,RANGE_WARN,,,,,,CALCULATED
2013-06-27T08:30:00Z,2013-06-27T14:26:25Z,,RANGE_WARN,,,,,,CALCULATED
2013-06-27T08:40:00Z,2013-06-27T14:36:25Z,,RANGE_WARN,,,,,,CALCULATED
2013-06-27T08:50:00Z,2013-06-27T14:46:25Z,,RANGE_WARN,,,,,,CALCULATED
2013-06-27T09:00:00Z,2013-06-27T14:56:25Z,,RANGE_WARN,,,,,,CALCULATED
2013-06-27T09:10:00Z,2013-06-27T15:06:25Z,,RANGE_WARN,,,,,,CALCULATED
2013-06-27T09:20:00Z,2013-06-27T15:16:25Z,,RANGE_WARN,,,,,,CALCULATED
2013-06-27T09:30:00Z,2013-06-27T15:26:25Z,,RANGE_WARN,,,,,,CALCULATED
2013-06-27T09:40:00Z,2013-06-27T15:36:25Z,,RANGE_WARN,,,,,,CALCULATED
2013-06-27T09:50:00Z,2013-06-27T15:46:25Z,,RANGE_WARN,,,,,,CALCULATED
2013-06-27T10:00:00Z,2013-06-27T15:56:25Z,,RANGE_WARN,,,,,,CALCULATED
2013-06-27T10:10:00Z,2013-06-27T16:06:25Z,,RANGE_WARN,,,,,,CALCULATED
2013-06-27T10:20:00Z,2013-06-27T16:16:25Z,,RANGE_WARN,,,,,,CALCULATED
2013-06-27T10:30:00Z,2013-06-27T16:26:25Z,,RANGE_WARN,,,,,,CALCULATED
2013-06-27T10:40:00Z,2013-06-27T16:36:25Z,,RANGE_WARN,,,,,,CALCULATED
2013-06-27T10:50:00Z,2013-06-27T16:46:25Z,,RANGE_WARN,,,,,,CALCULATED
2013-06-27T11:00:00Z,2013-06-27T16:56:25Z,,RANGE_WARN,,,,,,CALCULATED
2013-06-27T11:10:00Z,2013-06-27T17:06:25Z,,RANGE_WARN,,,,,,CALCULATED
2013-06-27T11:20:00Z,2013-06-27T17:16:25Z,,RANGE_WARN,,,,,,CALCULATED
2013-06-27T11:30:00Z,2013-06-27T17:26:25Z,,RANGE_WARN,,,,,,CALCULATED
2013-06-27T11:40:00Z,2013-06-27T17:36:25Z,,RANGE_WARN,,,,,,CALCULATED
2013-06-27T11:50:00Z,2013-06-27T17:46:25Z,,RANGE_WARN,,,,,,CALCULATED
2013-06-27T12:00:00Z,2013-06-27T17:56:25Z,,RANGE_WARN,,,,,,CALCULATED
2013-06-27T12:10:00Z,2013-06-27T18:06:25Z,,,,,,,,CALCULATED
2013-06-27T12:20:00Z,2013-06-27T18:16:25Z,,,,,,,,CALCULATED
2013-06-27T12:30:00Z,2013-06-27T18:26:25Z,,,,,,,,CALCULATED
2013-06-27T12:40:00Z,2013-06-27T18:36:25Z,,,,,,,,CALCULATED
2013-06-27T12:50:00Z,2013-06-27T18:46:25Z,,,,,,,,CALCULATED
2013-06-27T13:00:00Z,2013-06-27T18:56:25Z,,,,,,,,CALCULATED
2013-06-27T13:10:00Z,2013-06-27T19:06:25Z,,,,,,,,CALCULATED
2013-06-27T13:20:00Z,2013-06-27T19:16:25Z,,,,,,,,CALCULATED
2013-06-27T13:30:00Z,2013-06-27T19:26:25Z,,,,,,,,CALCULATED
2013-06-27T13:40:00Z,2013-06-27T19:36:25Z,,,,,,,,CALCULATED
2013-06-27T13:50:00Z,2013-06-27T19:46:25Z,,,,,,,,CALCULATED
2013-06-27T14:00:00Z,2013-06-27T19:56:25Z,,,,,,,,CALCULATED
2013-06-27T14:10:00Z,2013-06-27T20:06:25Z,,,,,,,,CALCULATED
2013-06-27T14:20:00Z,2013-06-27T20:16:25Z,,,,,,,,CALCULATED
2013-06-27T14:30:00Z,2013-06-27T20:26:25Z,,,,,,,,CALCULATED
2013-06-27T14:40:00Z,2013-06-27T20:36:25Z,,,,,,,,CALCULATED
2013-06-27T14:50:00Z,2013-06-27T20:46:25Z,,,,,,,,CALCULATED
2013-06-27T15:00:00Z,2013-06-27T20:56:25Z,,,,,,,,CALCULATED
2013-06-27T15:10:00Z,2013-06-27T21:06:25Z,,,,,,,,CALCULATED
2013-06-27T15:20:00Z,2013-06-27T21:16:25Z,,,,,,,,CALCULATED
2013-06-27T15:30:00Z,2013-06-27T21:26:25Z,,,,,,,,CALCULATED
2013-06-27T15:40:00Z,2013-06-27T21:36:25Z,,,,,,,,CALCULATED
2013-06-27T15:50:00Z,2013-06-27T21:46:25Z,,,,,,,,CALCULATED
2013-06-27T16:00:00Z,2013-06-27T21:56:25Z,,,,,,,,CALCULATED
2013-06-27T16:10:00Z,2013-06-27T22:06:25Z,,,,,,,,CALCULATED
2013-06-27T16:20:00Z,2013-06-27T22:16:25Z,,,,,,,,CALCULATED
2013-06-27T16:30:00Z,2013-06-27T22:26:25Z,,,,,,,,CALCULATED
2013-06-27T16:40:00Z,2013-06-27T22:36:25Z,,,,,,,,CALCULATED
2013-06-27T16:50:00Z,2013-06-27T22:46:25Z,,,,,,,,CALCULATED
2013-06-27T17:00:00Z,2013-06-27T22:56:25Z,,,,,,,,CALCULATED
2013-06-27T17:10:00Z,2013-06-27T23:06:25Z,,,,,,,,CALCULATED
2013-06-27T17:20:00Z,2013-06-27T23:16:25Z,,,,,,,,CALCULATED
2013-06-27T17:30:00Z,2013-06-27T23:26:25Z,,,,,,,,CALCULATED
2013-06-27T17:40:00Z,2013-06-27T23:36:25Z,,,,,,,,CALCULATED
2013-06-27T17:50:00Z,2013-06-27T23:46:25Z,,,,,,,,CALCULATED
2013-06-27T18:00:00Z,2013-06-27T23:56:25Z,,,,,,,,CALCULATED
2013-06-27T18:10:00Z,2013-06-28T00:06:14Z,,,,,,,,CALCULATED
2013-06-27T18:20:00Z,2013-06-28T00:16:14Z,,,,,,,,CALCULATED
2013-06-27T18:30:00Z,2013-06-28T00:26:14Z,,,,,,,,CALCULATED
2013-06-27T18:40:00Z,2013-06-28T00:36:14Z,,,,,,,,CALCULATED
2013-06-27T18:50:00Z,2013-06-28T00:46:14Z,,,,,,,,CALCULATED
2013-06-27T19:00:00Z,2013-06-28T00:56:14Z,,,,,,,,CALCULATED
2013-06-27T19:10:00Z,2013-06-28T01:06:14Z,,,,,,,,CALCULATED
2013-06-27T19:20:00Z,2013-06-28T01:16:14Z,,,,,,,,CALCULATED
2013-06-27T19:30:00Z,2013-06-28T01:26:14Z,,,,,,,,CALCULATED
2013-06-27T19:40:00Z,2013-06-28T01:36:14Z,,,,,,,,CALCULATED
2013-06-27T19:50:00Z,2013-06-28T01:46:14Z,,,,,,,,CALCULATED
2013-06-27T20:00:00Z,2013-06-28T01:56:14Z,,,,,,,,CALCULATED
2013-06-27T20:10:00Z,2013-06-28T02:06:14Z,,,,,,,,CALCULATED
2013-06-27T20:20:00Z,2013-06-28T02:16:14Z,,,,,,,,CALCULATED
2013-06-27T20:30:00Z,2013-06-28T02:26:14Z,,,,,,,,CALCULATED
2013-06-27T20:40:00Z,2013-06-28T02:36:14Z,,,,,,,,CALCULATED
2013-06-27T20:50:00Z,2013-06-28T02:46:14Z,,,,,,,,CALCULATED
2013-06-27T21:00:00Z,2013-06-28T02:56:14Z,,,,,,,,CALCULATED
2013-06-27T21:10:00Z,2013-06-28T03:06:14Z,,,,,,,,CALCULATED
2013-06-27T21:20:00Z,2013-06-28T03:16:14Z,,,,,,,,CALCULATED
2013-06-27T21:30:00Z,2013-06-28T03:26:14Z,,,,,,,,CALCULATED
2013-06-27T21:40:00Z,2013-06-28T03:36:14Z,,,,,,,,CALCULATED
2013-06-27T21:50:00Z,2013-06-28T03:46:14Z,,,,,,,,CALCULATED
2013-06-27T22:00:00Z,2013-06-28T03:56:14Z,,,,,,,,CALCULATED
2013-06-27T22:10:00Z,2013-06-28T04:06:14Z,,,,,,,,CALCULATED
2013-06-27T22:20:00Z,2013-06-28T04:16:14Z,,,,,,,,CALCULATED
2013-06-27T22:30:00Z,2013-06-28T04:26:14Z,,,,,,,,CALCULATED
2013-06-27T22:40:00Z,2013-06-28T04:36:14Z,,,,,,,,CALCULATED
2013-06-27T22:50:00Z,2013-06-28T04:46:14Z,,,,,,,,CALCULATED
2013-06-27T23:00:00Z,2013-06-28T04:56:14Z,,,,,,,,CALCULATED
2013-06-27T23:10:00Z,2013-06-28T05:06:14Z,,,,,,,,CALCULATED
2013-06-27T23:20:00Z,2013-06-28T05:16:14Z,,,,,,,,CALCULATED
2013-06-27T23:30:00Z,2013-06-28T05:26:14Z,,,,,,,,CALCULATED
2013-06-27T23:40:00Z,2013-06-28T05:36:14Z,,,,,,,,CALCULATED
2013-06-27T23:50:00Z,2013-06-28T05:46:14Z,,,,,,,,CALCULATED
2013-06-28T00:00:00Z,2013-06-28T05:56:14Z,,,,,,,,CALCULATED
2013-06-28T00:10:00Z,2013-06-28T06:06:14Z,,,,,,,,CALCULATED
2013-06-28T00:20:00Z,2013-06-28T06:16:14Z,,,,,,,,CALCULATED
2013-06-28T00:30:00Z,2013-06-28T06:26:14Z,,,,,,,,CALCULATED
2013-06-28T00:40:00Z,2013-06-28T06:36:14Z,,,,,,,,CALCULATED
2013-06-28T00:50:00Z,2013-06-28T06:46:14Z,,,,,,,,CALCULATED
2013-06-28T01:00:00Z,2013-06-28T06:56:14Z,,,,,,,,CALCULATED
2013-06-28T01:10:00Z,2013-06-28T07:06:14Z,,,,,,,,CALCULATED
2013-06-28T01:20:00Z,2013-06-28T07:16:14Z,,,,,,,,CALCULATED
2013-06-28T01:30:00Z,2013-06-28T07:26:14Z,,,,,,,,CALCULATED
2013-06-28T01:40:00Z,2013-06-28T07:36:14Z,,,,,,,,CALCULATED
2013-06-28T01:50:00Z,2013-06-28T07:46:14Z,,,,,,,,CALCULATED
2013-06-28T02:00:00Z,2013-06-28T07:56:14Z,,,,,,,,CALCULATED
2013-06-28T02:10:00Z,2013-06-28T08:06:14Z,,,,,,,,CALCULATED
2013-06-28T02:20:00Z,2013-06-28T08:16:14Z,,,,,,,,CALCULATED
2013-06-28T02:30:00Z,2013-06-28T08:26:14Z,,,,,,,,CALCULATED
2013-06-28T02:40:00Z,2013-06-28T08:36:14Z,,,,,,,,CALCULATED
2013-06-28T02:50:00Z,2013-06-28T08:46:14Z,,,,,,,,CALCULATED
2013-06-28T03:00:00Z,2013-06-28T08:56:14Z,,,,,,,,CALCULATED
2013-06-28T03:10:00Z,2013-06-28T09:06:14Z,,,,,,,,CALCULATED
2013-06-28T03:20:00Z,2013-06-28T09:16:14Z,,,,,,,,CALCULATED
2013-06-28T03:30:00Z,2013-06-28T09:26:14Z,,,,,,,,CALCULATED
2013-06-28T03:40:00Z,2013-06-28T09:36:14Z,,,,,,,,CALCULATED
2013-06-28T03:50:00Z,2013-06-28T09:46:14Z,,,,,,,,CALCULATED
2013-06-28T04:00:00Z,2013-06-28T09:56:14Z,,,,,,,,CALCULATED
2013-06-28T04:10:00Z,2013-06-28T10:06:14Z,,,,,,,,CALCULATED
2013-06-28T04:20:00Z,2013-06-28T10:16:14Z,,,,,,,,CALCULATED
2013-06-28T04:30:00Z,2013-06-28T10:26:14Z,,,,,,,,CALCULATED
2013-06-28T04:40:00Z,2013-06-28T10:36:14Z,,,,,,,,CALCULATED
2013-06-28T04:50:00Z,2013-06-28T10:46:14Z,,,,,,,,CALCULATED
2013-06-28T05:00:00Z,2013-06-28T10:56:14Z,,,,,,,,CALCULATED
2013-06-28T05:10:00Z,2013-06-28T11:06:14Z,,,,,,,,CALCULATED
2013-06-28T05:20:00Z,2013-06-28T11:16:14Z,,,,,,,,CALCULATED
2013-06-28T05:30:00Z,2013-06-28T11:26:14Z,,,,,,,,CALCULATED
2013-06-28T05:40:00Z,2013-06-28T11:36:14Z,,,,,,,,CALCULATED
2013-06-28T05:50:00Z,2013-06-28T11:46:14Z,,,,,,,,CALCULATED
2013-06-28T06:00:00Z,2013-06-28T11:56:14Z,,,,,,,,CALCULATED
2013-06-28T06:10:00Z,2013-06-28T12:06:14Z,,,,,,,,CALCULATED
2013-06-28T06:20:00Z,2013-06-28T12:16:14Z,,,,,,,,CALCULATED
2013-06-28T06:30:00Z,2013-06-28T12:26:14Z,,,,,,,,CALCULATED
2013-06-28T06:40:00Z,2013-06-28T12:36:14Z,,,,,,,,CALCULATED
2013-06-28T06:50:00Z,2013-06-28T12:46:14Z,,,,,,,,CALCULATED
2013-06-28T07:00:00Z,2013-06-28T12:56:14Z,,,,,,,,CALCULATED
2013-06-28T07:10:00Z,2013-06-28T13:06:14Z,,,,,,,,CALCULATED
2013-06-28T07:20:00Z,2013-06-28T13:16:14Z,,,,,,,,CALCULATED
2013-06-28T07:30:00Z,2013-06-28T13:26:14Z,,,,,,,,CALCULATED
2013-06-28T07:40:00Z,2013-06-28T13:36:14Z,,,,,,,,CALCULATED
2013-06-28T07:50:00Z,2013-06-28T13:46:14Z,,,,,,,,CALCULATED
2013-06-28T08:00:00Z,2013-06-28T13:56:14Z,,,,,,,,CALCULATED
2013-06-28T08:10:00Z,2013-06-28T14:06:14Z,,,,,,,,CALCULATED
2013-06-28T08:20:00Z,2013-06-28T14:16:14Z,,,,,,,,CALCULATED
2013-06-28T08:30:00Z,2013-06-28T14:26:14Z,,,,,,,,CALCULATED
2013-06-28T08:40:00Z,2013-06-28T14:36:14Z,,,,,,,,CALCULATED
2013-06-28T08:50:00Z,2013-06-28T14:46:14Z,,,,,,,,CALCULATED
2013-06-28T09:00:00Z,2013-06-28T14:56:14Z,,,,,,,,CALCULATED
2013-06-28T09:10:00Z,2013-06-28T15:06:14Z,,,,,,,,CALCULATED
2013-06-28T09:20:00Z,2013-06-28T15:16:14Z,,,,,,,,CALCULATED
2013-06-28T09:30:00Z,2013-06-28T15:26:14Z,,,,,,,,CALCULATED
2013-06-28T09:40:00Z,2013-06-28T15:36:14Z,,,,,,,,CALCULATED
2013-06-28T09:50:00Z,2013-06-28T15:46:14Z,,,,,,,,CALCULATED
2013-06-28T10:00:00Z,2013-06-28T15:56:14Z,,,,,,,,CALCULATED
2013-06-28T10:10:00Z,2013-06-28T16:06:14Z,,,,,,,,CALCULATED
2013-06-28T10:20:00Z,2013-06-28T16:16:14Z,,,,,,,,CALCULATED
2013-06-28T10:30:00Z,2013-06-28T16:26:14Z,,,,,,,,CALCULATED
2013-06-28T10:40:00Z,2013-06-28T16:36:14Z,,,,,,,,CALCULATED
2013-06-28T10:50:00Z,2013-06-28T16:46:14Z,,,,,,,,CALCULATED
2013-06-28T11:00:00Z,2013-06-28T16:56:14Z,,,,,,,,CALCULATED
2013-06-28T11:10:00Z,2013-06-28T17:06:14Z,,,,,,,,CALCULATED
2013-06-28T11:20:00Z,2013-06-28T17:16:14Z,,,,,,,,CALCULATED
2013-06-28T11:30:00Z,2013-06-28T17:26:14Z,,,,,,,,CALCULATED
2013-06-28T11:40:00Z,2013-06-28T17:36:14Z,,,,,,,,CALCULATED
2013-06-28T11:50:00Z,2013-06-28T17:46:14Z,,,,,,,,CALCULATED
2013-06-28T12:00:00Z,2013-06-28T17:56:14Z,,,,,,,,CALCULATED
2013-06-28T12:10:00Z,2013-06-28T18:06:14Z,,,,,,,,CALCULATED
2013-06-28T12:20:00Z,2013-06-28T18:16:14Z,,,,,,,,CALCULATED
2013-06-28T12:30:00Z,2013-06-28T18:26:14Z,,,,,,,,CALCULATED
2013-06-28T12:40:00Z,2013-06-28T18:36:14Z,,,,,,,,CALCULATED
2013-06-28T12:50:00Z,2013-06-28T18:46:14Z,,,,,,,,CALCULATED
2013-06-28T13:00:00Z,2013-06-28T18:56:14Z,,,,,,,,CALCULATED
2013-06-28T13:10:00Z,2013-06-28T19:06:14Z,,,,,,,,CALCULATED
2013-06-28T13:20:00Z,2013-06-28T19:16:14Z,,,,,,,,CALCULATED
2013-06-28T13:30:00Z,2013-06-28T19:26:14Z,,,,,,,,CALCULATED
2013-06-28T13:40:00Z,2013-06-28T19:36:14Z,,,,,,,,CALCULATED
2013-06-28T13:50:00Z,2013-06-28T19:46:14Z,,,,,,,,CALCULATED
2013-06-28T14:00:00Z,2013-06-28T19:56:14Z,,,,,,,,CALCULATED
2013-06-28T14:10:00Z,2013-06-28T20:06:14Z,,,,,,,,CALCULATED
2013-06-28T14:20:00Z,2013-06-28T20:16:14Z,,,,,,,,CALCULATED
2013-06-28T14:30:00Z,2013-06-28T20:26:14Z,,,,,,,,CALCULATED
2013-06-28T14:40:00Z,2013-06-28T20:36:14Z,,,,,,,,CALCULATED
2013-06-28T14:50:00Z,2013-06-28T20:46:14Z,,,,,,,,CALCULATED
2013-06-28T15:00:00Z,2013-06-28T20:56:14Z,,,,,,,,CALCULATED
2013-06-28T15:10:00Z,2013-06-28T21:06:14Z,,,,,,,,CALCULATED
2013-06-28T15:20:00Z,2013-06-28T21:16:14Z,,,,,,,,CALCULATED
2013-06-28T15:30:00Z,2013-06-28T21:26:14Z,,,,,,,,CALCULATED
2013-06-28T15:40:00Z,2013-06-28T21:36:14Z,,,,,,,,CALCULATED
2013-06-28T15:50:00Z,2013-06-28T21:46:14Z,,,,,,,,CALCULATED
2013-06-28T16:00:00Z,2013-06-28T21:56:14Z,,,,,,,,CALCULATED
2013-06-28T16:10:00Z,2013-06-28T22:06:14Z,,,,,,,,CALCULATED
2013-06-28T16:20:00Z,2013-06-28T22:16:14Z,,,,,,,,CALCULATED
2013-06-28T16:30:00Z,2013-06-28T22:26:14Z,,,,,,,,CALCULATED
2013-06-28T16:40:00Z,2013-06-28T22:36:14Z,,,,,,,,CALCULATED
2013-06-28T16:50:00Z,2013-06-28T22:46:14Z,,,,,,,,CALCULATED
2013-06-28T17:00:00Z,2013-06-28T22:56:14Z,,,,,,,,CALCULATED
2013-06-28T17:10:00Z,2013-06-28T23:06:14Z,,,,,,,,CALCULATED
2013-06-28T17:20:00Z,2013-06-28T23:16:14Z,,,,,,,,CALCULATED
2013-06-28T17:30:00Z,2013-06-28T23:26:14Z,,,,,,,,CALCULATED
2013-06-28T17:40:00Z,2013-06-28T23:36:14Z,,,,,,,,CALCULATED
2013-06-28T17:50:00Z,2013-06-28T23:46:14Z,,,,,,,,CALCULATED
2013-06-28T18:00:00Z,2013-06-28T23:56:14Z,,,,,,,,CALCULATED
2013-06-28T18:10:00Z,2013-06-29T00:06:03Z,,,,,,,,CALCULATED
2013-06-28T18:20:00Z,2013-06-29T00:16:03Z,,,,,,,,CALCULATED
2013-06-28T18:30:00Z,2013-06-29T00:26:03Z,,,,,,,,CALCULATED
2013-06-28T18:40:00Z,2013-06-29T00:36:03Z,,,,,,,,CALCULATED
2013-06-28T18:50:00Z,2013-06-29T00:46:03Z,,,,,,,,CALCULATED
2013-06-28T19:00:00Z,2013-06-29T00:56:03Z,,,,,,,,CALCULATED
2013-06-28T19:10:00Z,2013-06-29T01:06:03Z,,,,,,,,CALCULATED
2013-06-28T19:20:00Z,2013-06-29T01:16:03Z,,,,,,,,CALCULATED
2013-06-28T19:30:00Z,2013-06-29T01:26:03Z,,,,,,,,CALCULATED
2013-06-28T19:40:00Z,2013-06-29T01:36:03Z,,,,,,,,CALCULATED
2013-06-28T19:50:00Z,2013-06-29T01:46:03Z,,,,,,,,CALCULATED
2013-06-28T20:00:00Z,2013-06-29T01:56:03Z,,,,,,,,CALCULATED
2013-06-28T20:10:00Z,2013-06-29T02:06:03Z,,,,,,,,CALCULATED
2013-06-28T20:20:00Z,2013-06-29T02:16:03Z,,,,,,,,CALCULATED
2013-06-28T20:30:00Z,2013-06-29T02:26:03Z,,,,,,,,CALCULATED
2013-06-28T20:40:00Z,2013-06-29T02:36:03Z,,,,,,,,CALCULATED
2013-06-28T20:50:00Z,2013-06-29T02:46:03Z,,,,,,,,CALCULATED
2013-06-28T21:00:00Z,2013-06-29T02:56:03Z,,,,,,,,CALCULATED
2013-06-28T21:10:00Z,2013-06-29T03:06:03Z,,,,,,,,CALCULATED
2013-06-28T21:20:00Z,2013-06-29T03:16:03Z,,,,,,,,CALCULATED
2013-06-28T21:30:00Z,2013-06-29T03:26:03Z,,,,,,,,CALCULATED
2013-06-28T21:40:00Z,2013-06-29T03:36:03Z,,,,,,,,CALCULATED
2013-06-28T21:50:00Z,2013-06-29T03:46:03Z,,,,,,,,CALCULATED
2013-06-28T22:00:00Z,2013-06-29T03:56:03Z,,,,,,,,CALCULATED
2013-06-28T22:10:00Z,2013-06-29T04:06:03Z,,,,,,,,CALCULATED
2013-06-28T22:20:00Z,2013-06-29T04:16:03Z,,,,,,,,CALCULATED
2013-06-28T22:30:00Z,2013-06-29T04:26:03Z,,,,,,,,CALCULATED
2013-06-28T22:40:00Z,2013-06-29T04:36:03Z,,,,,,,,CALCULATED
2013-06-28T22:50:00Z,2013-06-29T04:46:03Z,,,,,,,,CALCULATED
2013-06-28T23:00:00Z,2013-06-29T04:56:03Z,,,,,,,,CALCULATED
2013-06-28T23:10:00Z,2013-06-29T05:06:03Z,,,,,,,,CALCULATED
2013-06-28T23:20:00Z,2013-06-29T05:16:03Z,,,,,,,,CALCULATED
2013-06-28T23:30:00Z,2013-06-29T05:26:03Z,,,,,,,,CALCULATED
2013-06-28T23:40:00Z,2013-06-29T05:36:03Z,,,,,,,,CALCULATED
2013-06-28T23:50:00Z,2013-06-29T05:46:03Z,,,,,,,,CALCULATED
2013-06-29T00:00:00Z,2013-06-29T05:56:03Z,,,,,,,,CALCULATED
2013-06-29T00:10:00Z,2013-06-29T06:06:03Z,,,,,,,,CALCULATED
2013-06-29T00:20:00Z,2013-06-29T06:16:03Z,,,,,,,,CALCULATED
2013-06-29T00:30:00Z,2013-06-29T06:26:03Z,,,,,,,,CALCULATED
2013-06-29T00:40:00Z,2013-06-29T06:36:03Z,,,,,,,,CALCULATED
2013-06-29T00:50:00Z,2013-06-29T06:46:03Z,,,,,,,,CALCULATED
2013-06-29T01:00:00Z,2013-06-29T06:56:03Z,,,,,,,,CALCULATED
2013-06-29T01:10:00Z,2013-06-29T07:06:03Z,,,,,,,,CALCULATED
2013-06-29T01:20:00Z,2013-06-29T07:16:03Z,,,,,,,,CALCULATED
2013-06-29T01:30:00Z,2013-06-29T07:26:03Z,,,,,,,,CALCULATED
2013-06-29T01:40:00Z,2013-06-29T07:36:03Z,,,,,,,,CALCULATED
2013-06-29T01:50:00Z,2013-06-29T07:46:03Z,,,,,,,,CALCULATED
2013-06-29T02:00:00Z,2013-06-29T07:56:03Z,,,,,,,,CALCULATED
2013-06-29T02:10:00Z,2013-06-29T08:06:03Z,,,,,,,,CALCULATED
2013-06-29T02:20:00Z,2013-06-29T08:16:03Z,,,,,,,,CALCULATED
2013-06-29T02:30:00Z,2013-06-29T08:26:03Z,,,,,,,,CALCULATED
2013-06-29T02:40:00Z,2013-06-29T08:36:03Z,,,,,,,,CALCULATED
2013-06-29T02:50:00Z,2013-06-29T08:46:03Z,,,,,,,,CALCULATED
2013-06-29T03:00:00Z,2013-06-29T08:56:03Z,,,,,,,,CALCULATED
2013-06-29T03:10:00Z,2013-06-29T09:06:03Z,,,,,,,,CALCULATED
2013-06-29T03:20:00Z,2013-06-29T09:16:03Z,,,,,,,,CALCULATED
2013-06-29T03:30:00Z,2013-06-29T09:26:03Z,,,,,,,,CALCULATED
2013-06-29T03:40:00Z,2013-06-29T09:36:03Z,,,,,,,,CALCULATED
2013-06-29T03:50:00Z,2013-06-29T09:46:03Z,,,,,,,,CALCULATED
2013-06-29T04:00:00Z,2013-06-29T09:56:03Z,,,,,,,,CALCULATED
2013-06-29T04:10:00Z,2013-06-29T10:06:03Z,,,,,,,,CALCULATED
2013-06-29T04:20:00Z,2013-06-29T10:16:03Z,,,,,,,,CALCULATED
2013-06-29T04:30:00Z,2013-06-29T10:26:03Z,,,,,,,,CALCULATED
2013-06-29T04:40:00Z,2013-06-29T10:36:03Z,,,,,,,,CALCULATED
2013-06-29T04:50:00Z,2013-06-29T10:46:03Z,,,,,,,,CALCULATED
2013-06-29T05:00:00Z,2013-06-29T10:56:03Z,,,,,,,,CALCULATED
2013-06-29T05:10:00Z,2013-06-29T11:06:03Z,,,,,,,,CALCULATED
2013-06-29T05:20:00Z,2013-06-29T11:16:03Z,,,,,,,,CALCULATED
2013-06-29T05:30:00Z,2013-06-29T11:26:03Z,,,,,,,,CALCULATED
2013-06-29T05:40:00Z,2013-06-29T11:36:03Z,,,,,,,,CALCULATED
2013-06-29T05:50:00Z,2013-06-29T11:46:03Z,,,,,,,,CALCULATED
2013-06-29T06:00:00Z,2013-06-29T11:56:03Z,,,,,,,,CALCULATED
2013-06-29T06:10:00Z,2013-06-29T12:06:03Z,,,,,,,,CALCULATED
2013-06-29T06:20:00Z,2013-06-29T12:16:03Z,,,,,,,,CALCULATED
2013-06-29T06:30:00Z,2013-06-29T12:26:03Z,,,,,,,,CALCULATED
2013-06-29T06:40:00Z,2013-06-29T12:36:03Z,,,,,,,,CALCULATED
2013-06-29T06:50:00Z,2013-06-29T12:46:03Z,,,,,,,,CALCULATED
2013-06-29T07:00:00Z,2013-06-29T12:56:03Z,,,,,,,,CALCULATED
2013-06-29T07:10:00Z,2013-06-29T13:06:03Z,,,,,,,,CALCULATED
2013-06-29T07:20:00Z,2013-06-29T13:16:03Z,,,,,,,,CALCULATED
2013-06-29T07:30:00Z,2013-06-29T13:26:03Z,,,,,,,,CALCULATED
2013-06-29T07:40:00Z,2013-06-29T13:36:03Z,,,,,,,,CALCULATED
2013-06-29T07:50:00Z,2013-06-29T13:46:03Z,,,,,,,,CALCULATED
2013-06-29T08:00:00Z,2013-06-29T13:56:03Z,,,,,,,,CALCULATED
2013-06-29T08:10:00Z,2013-06-29T14:06:03Z,,,,,,,,CALCULATED
2013-06-29T08:20:00Z,2013-06-29T14:16:03Z,,,,,,,,CALCULATED
2013-06-29T08:30:00Z,2013-06-29T14:26:03Z,,,,,,,,CALCULATED
2013-06-29T08:40:00Z,2013-06-29T14:36:03Z,,,,,,,,CALCULATED
2013-06-29T08:50:00Z,2013-06-29T14:46:03Z,,,,,,,,CALCULATED
2013-06-29T09:00:00Z,2013-06-29T14:56:03Z,,,,,,,,CALCULATED
2013-06-29T09:10:00Z,2013-06-29T15:06:03Z,,,,,,,,CALCULATED
2013-06-29T09:20:00Z,2013-06-29T15:16:03Z,,,,,,,,CALCULATED
2013-06-29T09:30:00Z,2013-06-29T15:26:03Z,,,,,,,,CALCULATED
2013-06-29T09:40:00Z,2013-06-29T15:36:03Z,,,,,,,,CALCULATED
2013-06-29T09:50:00Z,2013-06-29T15:46:03Z,,,,,,,,CALCULATED
2013-06-29T10:00:00Z,2013-06-29T15:56:03Z,,,,,,,,CALCULATED
2013-06-29T10:10:00Z,2013-06-29T16:06:03Z,,,,,,,,CALCULATED
2013-06-29T10:20:00Z,2013-06-29T16:16:03Z,,,,,,,,CALCULATED
2013-06-29T10:30:00Z,2013-06-29T16:26:03Z,,,,,,,,CALCULATED
2013-06-29T10:40:00Z,2013-06-29T16:36:03Z,,,,,,,,CALCULATED
2013-06-29T10:50:00Z,2013-06-29T16:46:03Z,,,,,,,,CALCULATED
2013-06-29T11:00:00Z,2013-06-29T16:56:03Z,,,,,,,,CALCULATED
2013-06-29T11:10:00Z,2013-06-29T17:06:03Z,,,,,,,,CALCULATED
2013-06-29T11:20:00Z,2013-06-29T17:16:03Z,,,,,,,,CALCULATED
2013-06-29T11:30:00Z,2013-06-29T17:26:03Z,,,,,,,,CALCULATED
2013-06-29T11:40:00Z,2013-06-29T17:36:03Z,,,,,,,,CALCULATED
2013-06-29T11:50:00Z,2013-06-29T17:46:03Z,,,,,,,,CALCULATED
2013-06-29T12:00:00Z,2013-06-29T17:56:03Z,,,,,,,,CALCULATED
2013-06-29T12:10:00Z,2013-06-29T18:06:03Z,,,,,,,,CALCULATED
2013-06-29T12:20:00Z,2013-06-29T18:16:03Z,,,,,,,,CALCULATED
2013-06-29T12:30:00Z,2013-06-29T18:26:03Z,,,,,,,,CALCULATED
2013-06-29T12:40:00Z,2013-06-29T18:36:03Z,,,,,,,,CALCULATED
2013-06-29T12:50:00Z,2013-06-29T18:46:03Z,,,,,,,,CALCULATED
2013-06-29T13:00:00Z,2013-06-29T18:56:03Z,,,,,,,,CALCULATED
2013-06-29T13:10:00Z,2013-06-29T19:06:03Z,,,,,,,,CALCULATED
2013-06-29T13:20:00Z,2013-06-29T19:16:03Z,,,,,,,,CALCULATED
2013-06-29T13:30:00Z,2013-06-29T19:26:03Z,,,,,,,,CALCULATED
2013-06-29T13:40:00Z,2013-06-29T19:36:03Z,,,,,,,,CALCULATED
2013-06-29T13:50:00Z,2013-06-29T19:46:03Z,,,,,,,,CALCULATED
2013-06-29T14:00:00Z,2013-06-29T19:56:03Z,,,,,,,,CALCULATED
2013-06-29T14:10:00Z,2013-06-29T20:06:03Z,,,,,,,,CALCULATED
2013-06-29T14:20:00Z,2013-06-29T20:16:03Z,,,,,,,,CALCULATED
2013-06-29T14:30:00Z,2013-06-29T20:26:03Z,,,,,,,,CALCULATED
2013-06-29T14:40:00Z,2013-06-29T20:36:03Z,,,,,,,,CALCULATED
2013-06-29T14:50:00Z,2013-06-29T20:46:03Z,,,,,,,,CALCULATED
2013-06-29T15:00:00Z,2013-06-29T20:56:03Z,,,,,,,,CALCULATED
2013-06-29T15:10:00Z,2013-06-29T21:06:03Z,,,,,,,,CALCULATED
2013-06-29T15:20:00Z,2013-06-29T21:16:03Z,,,,,,,,CALCULATED
2013-06-29T15:30:00Z,2013-06-29T21:26:03Z,,,,,,,,CALCULATED
2013-06-29T15:40:00Z,2013-06-29T21:36:03Z,,,,,,,,CALCULATED
2013-06-29T15:50:00Z,2013-06-29T21:46:03Z,,,,,,,,CALCULATED
2013-06-29T16:00:00Z,2013-06-29T21:56:03Z,,,,,,,,CALCULATED
2013-06-29T16:10:00Z,2013-06-29T22:06:03Z,,,,,,,,CALCULATED
2013-06-29T16:20:00Z,2013-06-29T22:16:03Z,,,,,,,,CALCULATED
2013-06-29T16:30:00Z,2013-06-29T22:26:03Z,,,,,,,,CALCULATED
2013-06-29T16:40:00Z,2013-06-29T22:36:03Z,,,,,,,,CALCULATED
2013-06-29T16:50:00Z,2013-06-29T22:46:03Z,,,,,,,,CALCULATED
2013-06-29T17:00:00Z,2013-06-29T22:56:03Z,,,,,,,,CALCULATED
2013-06-29T17:10:00Z,2013-06-29T23:06:03Z,,,,,,,,CALCULATED
2013-06-29T17:20:00Z,2013-06-29T23:16:03Z,,,,,,,,CALCULATED
2013-06-29T17:30:00Z,2013-06-29T23:26:03Z,,,,,,,,CALCULATED
2013-06-29T17:40:00Z,2013-06-29T23:36:03Z,,,,,,,,CALCULATED
2013-06-29T17:50:00Z,2013-06-29T23:46:03Z,,,,,,,,CALCULATED
2013-06-29T18:00:00Z,2013-06-29T23:56:03Z,,,,,,,,CALCULATED
2013-06-29T18:10:00Z,2013-06-30T00:05:53Z,,,,,,,,CALCULATED
2013-06-29T18:20:00Z,2013-06-30T00:15:53Z,,,,,,,,CALCULATED
2013-06-29T18:30:00Z,2013-06-30T00:25:53Z,,,,,,,,CALCULATED
2013-06-29T18:40:00Z,2013-06-30T00:35:53Z,,,,,,,,CALCULATED
2013-06-29T18:50:00Z,2013-06-30T00:45:53Z,,,,,,,,CALCULATED
2013-06-29T19:00:00Z,2013-06-30T00:55:53Z,,,,,,,,CALCULATED
2013-06-29T19:10:00Z,2013-06-30T01:05:53Z,,,,,,,,CALCULATED
2013-06-29T19:20:00Z,2013-06-30T01:15:53Z,,,,,,,,CALCULATED
2013-06-29T19:30:00Z,2013-06-30T01:25:53Z,,,,,,,,CALCULATED
2013-06-29T19:40:00Z,2013-06-30T01:35:53Z,,,,,,,,CALCULATED
2013-06-29T19:50:00Z,2013-06-30T01:45:53Z,,,,,,,,CALCULATED
2013-06-29T20:00:00Z,2013-06-30T01:55:53Z,,,,,,,,CALCULATED
2013-06-29T20:10:00Z,2013-06-30T02:05:53Z,,,,,,,,CALCULATED
2013-06-29T20:20:00Z,2013-06-30T02:15:53Z,,,,,,,,CALCULATED
2013-06-29T20:30:00Z,2013-06-30T02:25:53Z,,,,,,,,CALCULATED
2013-06-29T20:40:00Z,2013-06-30T02:35:53Z,,,,,,,,CALCULATED
2013-06-29T20:50:00Z,2013-06-30T02:45:53Z,,,,,,,,CALCULATED
2013-06-29T21:00:00Z,2013-06-30T02:55:53Z,,,,,,,,CALCULATED
2013-06-29T21:10:00Z,2013-06-30T03:05:53Z,,,,,,,,CALCULATED
2013-06-29T21:20:00Z,2013-06-30T03:15:53Z,,,,,,,,CALCULATED
2013-06-29T21:30:00Z,2013-06-30T03:25:53Z,,,,,,,,CALCULATED
2013-06-29T21:40:00Z,2013-06-30T03:35:53Z,,,,,,,,CALCULATED
2013-06-29T21:50:00Z,2013-06-30T03:45:53Z,,,,,,,,CALCULATED
2013-06-29T22:00:00Z,2013-06-30T03:55:53Z,,,,,,,,CALCULATED
2013-06-29T22:10:00Z,2013-06-30T04:05:53Z,,,,,,,,CALCULATED
2013-06-29T22:20:00Z,2013-06-30T04:15:53Z,,,,,,,,CALCULATED
2013-06-29T22:30:00Z,2013-06-30T04:25:53Z,,,,,,,,CALCULATED
2013-06-29T22:40:00Z,2013-06-30T04:35:53Z,,,,,,,,CALCULATED
2013-06-29T22:50:00Z,2013-06-30T04:45:53Z,,,,,,,,CALCULATED
2013-06-29T23:00:00Z,2013-06-30T04:55:53Z,,,,,,,,CALCULATED
2013-06-29T23:10:00Z,2013-06-30T05:05:53Z,,,,,,,,CALCULATED
2013-06-29T23:20:00Z,2013-06-30T05:15:53Z,,,,,,,,CALCULATED
2013-06-29T23:30:00Z,2013-06-30T05:25:53Z,,,,,,,,CALCULATED
2013-06-29T23:40:00Z,2013-06-30T05:35:53Z,,,,,,,,CALCULATED
2013-06-29T23:50:00Z,2013-06-30T05:45:53Z,,,,,,,,CALCULATED
2013-06-30T00:00:00Z,2013-06-30T05:55:53Z,,,,,,,,CALCULATED
2013-06-30T00:10:00Z,2013-06-30T06:05:53Z,,,,,,,,CALCULATED
2013-06-30T00:20:00Z,2013-06-30T06:15:53Z,,,,,,,,CALCULATED
2013-06-30T00:30:00Z,2013-06-30T06:25:53Z,,,,,,,,CALCULATED
2013-06-30T00:40:00Z,2013-06-30T06:35:53Z,,,,,,,,CALCULATED
2013-06-30T00:50:00Z,2013-06-30T06:45:53Z,,,,,,,,CALCULATED
2013-06-30T01:00:00Z,2013-06-30T06:55:53Z,,,,,,,,CALCULATED
2013-06-30T01:10:00Z,2013-06-30T07:05:53Z,,,,,,,,CALCULATED
2013-06-30T01:20:00Z,2013-06-30T07:15:53Z,,,,,,,,CALCULATED
2013-06-30T01:30:00Z,2013-06-30T07:25:53Z,,,,,,,,CALCULATED
2013-06-30T01:40:00Z,2013-06-30T07:35:53Z,,,,,,,,CALCULATED
2013-06-30T01:50:00Z,2013-06-30T07:45:53Z,,,,,,,,CALCULATED
2013-06-30T02:00:00Z,2013-06-30T07:55:53Z,,,,,,,,CALCULATED
2013-06-30T02:10:00Z,2013-06-30T08:05:53Z,,,,,,,,CALCULATED
2013-06-30T02:20:00Z,2013-06-30T08:15:53Z,,,,,,,,CALCULATED
2013-06-30T02:30:00Z,2013-06-30T08:25:53Z,,,,,,,,CALCULATED
2013-06-30T02:40:00Z,2013-06-30T08:35:53Z,,,,,,,,CALCULATED
2013-06-30T02:50:00Z,2013-06-30T08:45:53Z,,,,,,,,CALCULATED
2013-06-30T03:00:00Z,2013-06-30T08:55:53Z,,,,,,,,CALCULATED
2013-06-30T03:10:00Z,2013-06-30T09:05:53Z,,,,,,,,CALCULATED
2013-06-30T03:20:00Z,2013-06-30T09:15:53Z,,,,,,,,CALCULATED
2013-06-30T03:30:00Z,2013-06-30T09:25:53Z,,,,,,,,CALCULATED
2013-06-30T03:40:00Z,2013-06-30T09:35:53Z,,,,,,,,CALCULATED
2013-06-30T03:50:00Z,2013-06-30T09:45:53Z,,,,,,,,CALCULATED
2013-06-30T04:00:00Z,2013-06-30T09:55:53Z,,,,,,,,CALCULATED
2013-06-30T04:10:00Z,2013-06-30T10:05:53Z,,,,,,,,CALCULATED
2013-06-30T04:20:00Z,2013-06-30T10:15:53Z,,,,,,,,CALCULATED
2013-06-30T04:30:00Z,2013-06-30T10:25:53Z,,,,,,,,CALCULATED
2013-06-30T04:40:00Z,2013-06-30T10:35:53Z,,,,,,,,CALCULATED
2013-06-30T04:50:00Z,2013-06-30T10:45:53Z,,,,,,,,CALCULATED
2013-06-30T05:00:00Z,2013-06-30T10:55:53Z,,,,,,,,CALCULATED
2013-06-30T05:10:00Z,2013-06-30T11:05:53Z,,,,,,,,CALCULATED
2013-06-30T05:20:00Z,2013-06-30T11:15:53Z,,,,,,,,CALCULATED
2013-06-30T05:30:00Z,2013-06-30T11:25:53Z,,,,,,,,CALCULATED
2013-06-30T05:40:00Z,2013-06-30T11:35:53Z,,,,,,,,CALCULATED
2013-06-30T05:50:00Z,2013-06-30T11:45:53Z,,,,,,,,CALCULATED
2013-06-30T06:00:00Z,2013-06-30T11:55:53Z,,,,,,,,CALCULATED
2013-06-30T06:10:00Z,2013-06-30T12:05:53Z,,,,,,,,CALCULATED
2013-06-30T06:20:00Z,2013-06-30T12:15:53Z,,,,,,,,CALCULATED
2013-06-30T06:30:00Z,2013-06-30T12:25:53Z,,,,,,,,CALCULATED
2013-06-30T06:40:00Z,2013-06-30T12:35:53Z,,,,,,,,CALCULATED
2013-06-30T06:50:00Z,2013-06-30T12:45:53Z,,,,,,,,CALCULATED
2013-06-30T07:00:00Z,2013-06-30T12:55:53Z,,,,,,,,CALCULATED
2013-06-30T07:10:00Z,2013-06-30T13:05:53Z,,,,,,,,CALCULATED
2013-06-30T07:20:00Z,2013-06-30T13:15:53Z,,,,,,,,CALCULATED
2013-06-30T07:30:00Z,2013-06-30T13:25:53Z,,,,,,,,CALCULATED
2013-06-30T07:40:00Z,2013-06-30T13:35:53Z,,,,,,,,CALCULATED
2013-06-30T07:50:00Z,2013-06-30T13:45:53Z,,,,,,,,CALCULATED
2013-06-30T08:00:00Z,2013-06-30T13:55:53Z,,,,,,,,CALCULATED
2013-06-30T08:10:00Z,2013-06-30T14:05:53Z,,,,,,,,CALCULATED
2013-06-30T08:20:00Z,2013-06-30T14:15:53Z,,,,,,,,CALCULATED
2013-06-30T08:30:00Z,2013-06-30T14:25:53Z,,,,,,,,CALCULATED
2013-06-30T08:40:00Z,2013-06-30T14:35:53Z,,,,,,,,CALCULATED
2013-06-30T08:50:00Z,2013-06-30T14:45:53Z,,,,,,,,CALCULATED
2013-06-30T09:00:00Z,2013-06-30T14:55:53Z,,,,,,,,CALCULATED
2013-06-30T09:10:00Z,2013-06-30T15:05:53Z,,,,,,,,CALCULATED
2013-06-30T09:20:00Z,2013-06-30T15:15:53Z,,,,,,,,CALCULATED
2013-06-30T09:30:00Z,2013-06-30T15:25:53Z,,,,,,,,CALCULATED
2013-06-30T09:40:00Z,2013-06-30T15:35:53Z,,,,,,,,CALCULATED
2013-06-30T09:50:00Z,2013-06-30T15:45:53Z,,,,,,,,CALCULATED
2013-06-30T10:00:00Z,2013-06-30T15:55:53Z,,,,,,,,CALCULATED
2013-06-30T10:10:00Z,2013-06-30T16:05:53Z,,,,,,,,CALCULATED
2013-06-30T10:20:00Z,2013-06-30T16:15:53Z,,,,,,,,CALCULATED
2013-06-30T10:30:00Z,2013-06-30T16:25:53Z,,,,,,,,CALCULATED
2013-06-30T10:40:00Z,2013-06-30T16:35:53Z,,,,,,,,CALCULATED
2013-06-30T10:50:00Z,2013-06-30T16:45:53Z,,,,,,,,CALCULATED
2013-06-30T11:00:00Z,2013-06-30T16:55:53Z,,,,,,,,CALCULATED
2013-06-30T11:10:00Z,2013-06-30T17:05:53Z,,,,,,,,CALCULATED
2013-06-30T11:20:00Z,2013-06-30T17:15:53Z,,,,,,,,CALCULATED
2013-06-30T11:30:00Z,2013-06-30T17:25:53Z,,,,,,,,CALCULATED
2013-06-30T11:40:00Z,2013-06-30T17:35:53Z,,,,,,,,CALCULATED
2013-06-30T11:50:00Z,2013-06-30T17:45:53Z,,,,,,,,CALCULATED
2013-06-30T12:00:00Z,2013-06-30T17:55:53Z,,,,,,,,CALCULATED
2013-06-30T12:10:00Z,2013-06-30T18:05:53Z,,,,,,,,CALCULATED
2013-06-30T12:20:00Z,2013-06-30T18:15:53Z,,,,,,,,CALCULATED
2013-06-30T12:30:00Z,2013-06-30T18:25:53Z,,,,,,,,CALCULATED
2013-06-30T12:40:00Z,2013-06-30T18:35:53Z,,,,,,,,CALCULATED
2013-06-30T12:50:00Z,2013-06-30T18:45:53Z,,,,,,,,CALCULATED
2013-06-30T13:00:00Z,2013-06-30T18:55:53Z,,,,,,,,CALCULATED
2013-06-30T13:10:00Z,2013-06-30T19:05:53Z,,,,,,,,CALCULATED
2013-06-30T13:20:00Z,2013-06-30T19:15:53Z,,,,,,,,CALCULATED
2013-06-30T13:30:00Z,2013-06-30T19:25:53Z,,,,,,,,CALCULATED
2013-06-30T13:40:00Z,2013-06-30T19:35:53Z,,,,,,,,CALCULATED
2013-06-30T13:50:00Z,2013-06-30T19:45:53Z,,,,,,,,CALCULATED
2013-06-30T14:00:00Z,2013-06-30T19:55:53Z,,,,,,,,CALCULATED
2013-06-30T14:10:00Z,2013-06-30T20:05:53Z,,,,,,,,CALCULATED
2013-06-30T14:20:00Z,2013-06-30T20:15:53Z,,,,,,,,CALCULATED
2013-06-30T14:30:00Z,2013-06-30T20:25:53Z,,,,,,,,CALCULATED
2013-06-30T14:40:00Z,2013-06-30T20:35:53Z,,,,,,,,CALCULATED
2013-06-30T14:50:00Z,2013-06-30T20:45:53Z,,,,,,,,CALCULATED
2013-06-30T15:00:00Z,2013-06-30T20:55:53Z,,,,,,,,CALCULATED
2013-06-30T15:10:00Z,2013-06-30T21:05:53Z,,,,,,,,CALCULATED
2013-06-30T15:20:00Z,2013-06-30T21:15:53Z,,,,,,,,CALCULATED
2013-06-30T15:30:00Z,2013-06-30T21:25:53Z,,,,,,,,CALCULATED
2013-06-30T15:40:00Z,2013-06-30T21:35:53Z,,,,,,,,CALCULATED
2013-06-30T15:50:00Z,2013-06-30T21:45:53Z,,,,,,OUT_WARN,,CALCULATED
2013-06-30T16:00:00Z,2013-06-30T21:55:53Z,,,,,,OUT_WARN,,CALCULATED
2013-06-30T16:10:00Z,2013-06-30T22:05:53Z,,,,,,OUT_WARN,,CALCULATED
2013-06-30T16:20:00Z,2013-06-30T22:15:53Z,,,,,,OUT_WARN,,CALCULATED
2013-06-30T16:30:00Z,2013-06-30T22:25:53Z,,,,,,OUT_WARN,,CALCULATED
2013-06-30T16:40:00Z,2013-06-30T22:35:53Z,,,,,,OUT_WARN,,CALCULATED
2013-06-30T16:50:00Z,2013-06-30T22:45:53Z,,,,,,,,CALCULATED
2013-06-30T17:00:00Z,2013-06-30T22:55:53Z,,,,,,OUT_WARN,,CALCULATED
2013-06-30T17:10:00Z,2013-06-30T23:05:53Z,,,,,,,,CALCULATED
2013-06-30T17:20:00Z,2013-06-30T23:15:53Z,,,,,,,,CALCULATED
2013-06-30T17:30:00Z,2013-06-30T23:25:53Z,,,,,,,,CALCULATED
2013-06-30T17:40:00Z,2013-06-30T23:35:53Z,,,,,,,,CALCULATED
2013-06-30T17:50:00Z,2013-06-30T23:45:53Z,,,,,,,,CALCULATED
2013-06-30T18:00:00Z,2013-06-30T23:55:53Z,,,,,,,,CALCULATED
2013-06-30T18:10:00Z,2013-07-01T00:05:42Z,,,,,,,,CALCULATED
2013-06-30T18:20:00Z,2013-07-01T00:15:42Z,,,,,,,,CALCULATED
2013-06-30T18:30:00Z,2013-07-01T00:25:42Z,,,,,,,,CALCULATED
2013-06-30T18:40:00Z,2013-07-01T00:35:42Z,,,,,,,,CALCULATED
2013-06-30T18:50:00Z,2013-07-01T00:45:42Z,,,,,,,,CALCULATED
2013-06-30T19:00:00Z,2013-07-01T00:55:42Z,,,,,,,,CALCULATED
2013-06-30T19:10:00Z,2013-07-01T01:05:42Z,,,,,,,,CALCULATED
2013-06-30T19:20:00Z,2013-07-01T01:15:42Z,,,,,,,,CALCULATED
2013-06-30T19:30:00Z,2013-07-01T01:25:42Z,,,,,,,,CALCULATED
2013-06-30T19:40:00Z,2013-07-01T01:35:42Z,,,,,,,,CALCULATED
2013-06-30T19:50:00Z,2013-07-01T01:45:42Z,,,,,,,,CALCULATED
2013-06-30T20:00:00Z,2013-07-01T01:55:42Z,,,,,,,,CALCULATED
2013-06-30T20:10:00Z,2013-07-01T02:05:42Z,,,,,,,,CALCULATED
2013-06-30T20:20:00Z,2013-07-01T02:15:42Z,,,,,,,,CALCULATED
2013-06-30T20:30:00Z,2013-07-01T02:25:42Z,,,,,,,,CALCULATED
2013-06-30T20:40:00Z,2013-07-01T02:35:42Z,,,,,,,,CALCULATED
2013-06-30T20:50:00Z,2013-07-01T02:45:42Z,,,,,,,,CALCULATED
2013-06-30T21:00:00Z,2013-07-01T02:55:42Z,,,,,,,,CALCULATED
2013-06-30T21:10:00Z,2013-07-01T03:05:42Z,,,,,,,,CALCULATED
2013-06-30T21:20:00Z,2013-07-01T03:15:42Z,,,,,,,,CALCULATED
2013-06-30T21:30:00Z,2013-07-01T03:25:42Z,,,,,,,,CALCULATED
2013-06-30T21:40:00Z,2013-07-01T03:35:42Z,,,,,,,,CALCULATED
2013-06-30T21:50:00Z,2013-07-01T03:45:42Z,,,,,,,,CALCULATED
2013-06-30T22:00:00Z,2013-07-01T03:55:42Z,,,,,,,,CALCULATED
2013-06-30T22:10:00Z,2013-07-01T04:05:42Z,,,,,,,,CALCULATED
2013-06-30T22:20:00Z,2013-07-01T04:15:42Z,,,,,,,,CALCULATED
2013-06-30T22:30:00Z,2013-07-01T04:25:42Z,,,,,,,,CALCULATED
2013-06-30T22:40:00Z,2013-07-01T04:35:42Z,,,,,,,,CALCULATED
2013-06-30T22:50:00Z,2013-07-01T04:45:42Z,,,,,,,,CALCULATED
2013-06-30T23:00:00Z,2013-07-01T04:55:42Z,,,,,,,,CALCULATED
2013-06-30T23:10:00Z,2013-07-01T05:05:42Z,,,,,,,,CALCULATED
2013-06-30T23:20:00Z,2013-07-01T05:15:42Z,,,,,,,,CALCULATED
2013-06-30T23:30:00Z,2013-07-01T05:25:42Z,,,,,,,,CALCULATED
2013-06-30T23:40:00Z,2013-07-01T05:35:42Z,,,,,,,,CALCULATED
2013-06-30T23:50:00Z,2013-07-01T05:45:42Z,,,,,,,,CALCULATED
2013-07-01T00:00:00Z,2013-07-01T05:55:42Z,,,,,,,,CALCULATED
2013-07-01T00:10:00Z,2013-07-01T06:05:42Z,,,,,,,,CALCULATED
2013-07-01T00:20:00Z,2013-07-01T06:15:42Z,,,,,,,,CALCULATED
2013-07-01T00:30:00Z,2013-07-01T06:25:42Z,,,,,,,,CALCULATED
2013-07-01T00:40:00Z,2013-07-01T06:35:42Z,,,,,,,,CALCULATED
2013-07-01T00:50:00Z,2013-07-01T06:45:42Z,,,,,,,,CALCULATED
2013-07-01T01:00:00Z,2013-07-01T06:55:42Z,,,,,,,,CALCULATED
2013-07-01T01:10:00Z,2013-07-01T07:05:42Z,,,,,,,,CALCULATED
2013-07-01T01:20:00Z,2013-07-01T07:15:42Z,,,,,,,,CALCULATED
2013-07-01T01:30:00Z,2013-07-01T07:25:42Z,,,,,,,,CALCULATED
2013-07-01T01:40:00Z,2013-07-01T07:35:42Z,,,,,,,,CALCULATED
2013-07-01T01:50:00Z,2013-07-01T07:45:42Z,,,,,,,,CALCULATED
2013-07-01T02:00:00Z,2013-07-01T07:55:42Z,,,,,,,,CALCULATED
2013-07-01T02:10:00Z,2013-07-01T08:05:42Z,,,,,,,,CALCULATED
2013-07-01T02:20:00Z,2013-07-01T08:15:42Z,,,,,,,,CALCULATED
2013-07-01T02:30:00Z,2013-07-01T08:25:42Z,,,,,,,,CALCULATED
2013-07-01T02:40:00Z,2013-07-01T08:35:42Z,,,,,,,,CALCULATED
2013-07-01T02:50:00Z,2013-07-01T08:45:42Z,,,,,,,,CALCULATED
2013-07-01T03:00:00Z,2013-07-01T08:55:42Z,,,,,,,,CALCULATED
2013-07-01T03:10:00Z,2013-07-01T09:05:42Z,,,,,,,,CALCULATED
2013-07-01T03:20:00Z,2013-07-01T09:15:42Z,,,,,,,,CALCULATED
2013-07-01T03:30:00Z,2013-07-01T09:25:42Z,,,,,,,,CALCULATED
2013-07-01T03:40:00Z,2013-07-01T09:35:42Z,,,,,,,,CALCULATED
2013-07-01T03:50:00Z,2013-07-01T09:45:42Z,,,,,,,,CALCULATED
2013-07-01T04:00:00Z,2013-07-01T09:55:42Z,,,,,,,,CALCULATED
2013-07-01T04:10:00Z,2013-07-01T10:05:42Z,,,,,,,,CALCULATED
2013-07-01T04:20:00Z,2013-07-01T10:15:42Z,,,,,,,,CALCULATED
2013-07-01T04:30:00Z,2013-07-01T10:25:42Z,,,,,,,,CALCULATED
2013-07-01T04:40:00Z,2013-07-01T10:35:42Z,,,,,,,,CALCULATED
2013-07-01T04:50:00Z,2013-07-01T10:45:42Z,,,,,,,,CALCULATED
2013-07-01T05:00:00Z,2013-07-01T10:55:42Z,,,,,,,,CALCULATED
2013-07-01T05:10:00Z,2013-07-01T11:05:42Z,,,,,,,,CALCULATED
2013-07-01T05:20:00Z,2013-07-01T11:15:42Z,,,,,,,,CALCULATED
2013-07-01T05:30:00Z,2013-07-01T11:25:42Z,,,,,,,,CALCULATED
2013-07-01T05:40:00Z,2013-07-01T11:35:42Z,,,,,,,,CALCULATED
2013-07-01T05:50:00Z,2013-07-01T11:45:42Z,,,,,,,,CALCULATED
2013-07-01T06:00:00Z,2013-07-01T11:55:42Z,,,,,,,,CALCULATED
2013-07-01T06:10:00Z,2013-07-01T12:05:42Z,,,,,,,,CALCULATED
2013-07-01T06:20:00Z,2013-07-01T12:15:42Z,,,,,,,,CALCULATED
2013-07-01T06:30:00Z,2013-07-01T12:25:42Z,,,,,,,,CALCULATED
2013-07-01T06:40:00Z,2013-07-01T12:35:42Z,,,,,,,,CALCULATED
2013-07-01T06:50:00Z,2013-07-01T12:45:42Z,,,,,,,,CALCULATED
2013-07-01T07:00:00Z,2013-07-01T12:55:42Z,,,,,,,,CALCULATED
2013-07-01T07:10:00Z,2013-07-01T13:05:42Z,,,,,,,,CALCULATED
2013-07-01T07:20:00Z,2013-07-01T13:15:42Z,,,,,,,,CALCULATED
2013-07-01T07:30:00Z,2013-07-01T13:25:42Z,,,,,,,,CALCULATED
2013-07-01T07:40:00Z,2013-07-01T13:35:42Z,,,,,,,,CALCULATED
2013-07-01T07:50:00Z,2013-07-01T13:45:42Z,,,,,,,,CALCULATED
2013-07-01T08:00:00Z,2013-07-01T13:55:42Z,,,,,,,,CALCULATED
2013-07-01T08:10:00Z,2013-07-01T14:05:42Z,,,,,,,,CALCULATED
2013-07-01T08:20:00Z,2013-07-01T14:15:42Z,,,,,,,,CALCULATED
2013-07-01T08:30:00Z,2013-07-01T14:25:42Z,,,,,,,,CALCULATED
2013-07-01T08:40:00Z,2013-07-01T14:35:42Z,,,,,,,,CALCULATED
2013-07-01T08:50:00Z,2013-07-01T14:45:42Z,,,,,,,,CALCULATED
2013-07-01T09:00:00Z,2013-07-01T14:55:42Z,,,,,,,,CALCULATED
2013-07-01T09:10:00Z,2013-07-01T15:05:42Z,,,,,,,,CALCULATED
2013-07-01T09:20:00Z,2013-07-01T15:15:42Z,,,,,,,,CALCULATED
2013-07-01T09:30:00Z,2013-07-01T15:25:42Z,,,,,,,,CALCULATED
2013-07-01T09:40:00Z,2013-07-01T15:35:42Z,,,,,,,,CALCULATED
2013-07-01T09:50:00Z,2013-07-01T15:45:42Z,,,,,,,,CALCULATED
2013-07-01T10:00:00Z,2013-07-01T15:55:42Z,,,,,,,,CALCULATED
2013-07-01T10:10:00Z,2013-07-01T16:05:42Z,,,,,,,,CALCULATED
2013-07-01T10:20:00Z,2013-07-01T16:15:42Z,,,,,,,,CALCULATED
2013-07-01T10:30:00Z,2013-07-01T16:25:42Z,,,,,,,,CALCULATED
2013-07-01T10:40:00Z,2013-07-01T16:35:42Z,,,,,,,,CALCULATED
2013-07-01T10:50:00Z,2013-07-01T16:45:42Z,,,,,,,,CALCULATED
2013-07-01T11:00:00Z,2013-07-01T16:55:42Z,,,,,,,,CALCULATED
2013-07-01T11:10:00Z,2013-07-01T17:05:42Z,,,,,,,,CALCULATED
2013-07-01T11:20:00Z,2013-07-01T17:15:42Z,,,,,,,,CALCULATED
2013-07-01T11:30:00Z,2013-07-01T17:25:42Z,,,,,,,,CALCULATED
2013-07-01T11:40:00Z,2013-07-01T17:35:42Z,,,,,,,,CALCULATED
2013-07-01T11:50:00Z,2013-07-01T17:45:42Z,,,,,,,,CALCULATED
2013-07-01T12:00:00Z,2013-07-01T17:55:42Z,,,,,,,,CALCULATED
2013-07-01T12:10:00Z,2013-07-01T18:05:42Z,,,,,,,,CALCULATED
2013-07-01T12:20:00Z,2013-07-01T18:15:42Z,,,,,,,,CALCULATED
2013-07-01T12:30:00Z,2013-07-01T18:25:42Z,,,,,,,,CALCULATED
2013-07-01T12:40:00Z,2013-07-01T18:35:42Z,,,,,,,,CALCULATED
2013-07-01T12:50:00Z,2013-07-01T18:45:42Z,,,,,,,,CALCULATED
2013-07-01T13:00:00Z,2013-07-01T18:55:42Z,,,,,,,,CALCULATED
2013-07-01T13:10:00Z,2013-07-01T19:05:42Z,,,,,,,,CALCULATED
2013-07-01T13:20:00Z,2013-07-01T19:15:42Z,,,,,,,,CALCULATED
2013-07-01T13:30:00Z,2013-07-01T19:25:42Z,,,,,,,,CALCULATED
2013-07-01T13:40:00Z,2013-07-01T19:35:42Z,,,,,,,,CALCULATED
2013-07-01T13:50:00Z,2013-07-01T19:45:42Z,,,,,,,,CALCULATED
2013-07-01T14:00:00Z,2013-07-01T19:55:42Z,,,,,,,,CALCULATED
2013-07-01T14:10:00Z,2013-07-01T20:05:42Z,,,,,,,,CALCULATED
2013-07-01T14:20:00Z,2013-07-01T20:15:42Z,,,,,,,,CALCULATED
2013-07-01T14:30:00Z,2013-07-01T20:25:42Z,,,,,,,,CALCULATED
2013-07-01T14:40:00Z,2013-07-01T20:35:42Z,,,,,,,,CALCULATED
2013-07-01T14:50:00Z,2013-07-01T20:45:42Z,,,,,,,,CALCULATED
2013-07-01T15:00:00Z,2013-07-01T20:55:42Z,,,,,,,,CALCULATED
2013-07-01T15:10:00Z,2013-07-01T21:05:42Z,,,,,,,,CALCULATED
2013-07-01T15:20:00Z,2013-07-01T21:15:42Z,,,,,,,,CALCULATED
2013-07-01T15:30:00Z,2013-07-01T21:25:42Z,,,,,,,,CALCULATED
2013-07-01T15:40:00Z,2013-07-01T21:35:42Z,,,,,,,,CALCULATED
2013-07-01T15:50:00Z,2013-07-01T21:45:42Z,,,,,,,,CALCULATED
2013-07-01T16:00:00Z,2013-07-01T21:55:42Z,,,,,,,,CALCULATED
2013-07-01T16:10:00Z,2013-07-01T22:05:42Z,,,,,,,,CALCULATED
2013-07-01T16:20:00Z,2013-07-01T22:15:42Z,,,,,,,,CALCULATED
2013-07-01T16:30:00Z,2013-07-01T22:25:42Z,,,,,,,,CALCULATED
2013-07-01T16:40:00Z,2013-07-01T22:35:42Z,,,,,,,,CALCULATED
2013-07-01T16:50:00Z,2013-07-01T22:45:42Z,,,,,,,,CALCULATED
2013-07-01T17:00:00Z,2013-07-01T22:55:42Z,,,,,,,,CALCULATED
2013-07-01T17:10:00Z,2013-07-01T23:05:42Z,,,,,,,,CALCULATED
2013-07-01T17:20:00Z,2013-07-01T23:15:42Z,,,,,,,,CALCULATED
2013-07-01T17:30:00Z,2013-07-01T23:25:42Z,,,,,,OUT_WARN,,CALCULATED
2013-07-01T17:40:00Z,2013-07-01T23:35:42Z,,,,,,OUT_WARN,,CALCULATED
2013-07-01T17:50:00Z,2013-07-01T23:45:42Z,,,,,,OUT_WARN,,CALCULATED
2013-07-01T18:00:00Z,2013-07-01T23:55:42Z,,,,,,OUT_WARN,,CALCULATED
2013-07-01T18:10:00Z,2013-07-02T00:05:32Z,,,,,,OUT_WARN,,CALCULATED
2013-07-01T18:20:00Z,2013-07-02T00:15:32Z,,,,,,OUT_WARN,,CALCULATED
2013-07-01T18:30:00Z,2013-07-02T00:25:32Z,,,,,,,,CALCULATED
2013-07-01T18:40:00Z,2013-07-02T00:35:32Z,,,,,,,,CALCULATED
2013-07-01T18:50:00Z,2013-07-02T00:45:32Z,,,,,,OUT_WARN,,CALCULATED
2013-07-01T19:00:00Z,2013-07-02T00:55:32Z,,,,,,OUT_WARN,,CALCULATED
2013-07-01T19:10:00Z,2013-07-02T01:05:32Z,,,,,,OUT_WARN,,CALCULATED
2013-07-01T19:20:00Z,2013-07-02T01:15:32Z,,,,,,OUT_WARN,,CALCULATED
2013-07-01T19:30:00Z,2013-07-02T01:25:32Z,,,,,,OUT_WARN,,CALCULATED
2013-07-01T19:40:00Z,2013-07-02T01:35:32Z,,,,,,,,CALCULATED
2013-07-01T19:50:00Z,2013-07-02T01:45:32Z,,,,,,,,CALCULATED
2013-07-01T20:00:00Z,2013-07-02T01:55:32Z,,,,,,,,CALCULATED
2013-07-01T20:10:00Z,2013-07-02T02:05:32Z,,,,,,,,CALCULATED
2013-07-01T20:20:00Z,2013-07-02T02:15:32Z,,,,,,,,CALCULATED
2013-07-01T20:30:00Z,2013-07-02T02:25:32Z,,,,,,,,CALCULATED
2013-07-01T20:40:00Z,2013-07-02T02:35:32Z,,,,,,,,CALCULATED
2013-07-01T20:50:00Z,2013-07-02T02:45:32Z,,,,,,,,CALCULATED
2013-07-01T21:00:00Z,2013-07-02T02:55:32Z,,,,,,,,CALCULATED
2013-07-01T21:10:00Z,2013-07-02T03:05:32Z,,,,,,,,CALCULATED
2013-07-01T21:20:00Z,2013-07-02T03:15:32Z,,,,,,,,CALCULATED
2013-07-01T21:30:00Z,2013-07-02T03:25:32Z,,,,,,,,CALCULATED
2013-07-01T21:40:00Z,2013-07-02T03:35:32Z,,,,,,,,CALCULATED
2013-07-01T21:50:00Z,2013-07-02T03:45:32Z,,,,,,,,CALCULATED
2013-07-01T22:00:00Z,2013-07-02T03:55:32Z,,,,,,,,CALCULATED
2013-07-01T22:10:00Z,2013-07-02T04:05:32Z,,,,,,,,CALCULATED
2013-07-01T22:20:00Z,2013-07-02T04:15:32Z,,,,,,,,CALCULATED
2013-07-01T22:30:00Z,2013-07-02T04:25:32Z,,,,,,,,CALCULATED
2013-07-01T22:40:00Z,2013-07-02T04:35:32Z,,,,,,,,CALCULATED
2013-07-01T22:50:00Z,2013-07-02T04:45:32Z,,,,,,,,CALCULATED
2013-07-01T23:00:00Z,2013-07-02T04:55:32Z,,,,,,,,CALCULATED
2013-07-01T23:10:00Z,2013-07-02T05:05:32Z,,,,,,,,CALCULATED
2013-07-01T23:20:00Z,2013-07-02T05:15:32Z,,,,,,,,CALCULATED
2013-07-01T23:30:00Z,2013-07-02T05:25:32Z,,,,,,,,CALCULATED
2013-07-01T23:40:00Z,2013-07-02T05:35:32Z,,,,,,,,CALCULATED
2013-07-01T23:50:00Z,2013-07-02T05:45:32Z,,,,,,,,CALCULATED
2013-07-02T00:00:00Z,2013-07-02T05:55:32Z,,,,,,,,CALCULATED
2013-07-02T00:10:00Z,2013-07-02T06:05:32Z,,,,,,,,CALCULATED
2013-07-02T00:20:00Z,2013-07-02T06:15:32Z,,,,,,,,CALCULATED
2013-07-02T00:30:00Z,2013-07-02T06:25:32Z,,,,,,,,CALCULATED
2013-07-02T00:40:00Z,2013-07-02T06:35:32Z,,,,,,,,CALCULATED
2013-07-02T00:50:00Z,2013-07-02T06:45:32Z,,,,,,,,CALCULATED
2013-07-02T01:00:00Z,2013-07-02T06:55:32Z,,,,,,,,CALCULATED
2013-07-02T01:10:00Z,2013-07-02T07:05:32Z,,,,,,,,CALCULATED
2013-07-02T01:20:00Z,2013-07-02T07:15:32Z,,,,,,,,CALCULATED
2013-07-02T01:30:00Z,2013-07-02T07:25:32Z,,,,,,,,CALCULATED
2013-07-02T01:40:00Z,2013-07-02T07:35:32Z,,,,,,,,CALCULATED
2013-07-02T01:50:00Z,2013-07-02T07:45:32Z,,,,,,,,CALCULATED
2013-07-02T02:00:00Z,2013-07-02T07:55:32Z,,,,,,,,CALCULATED
2013-07-02T02:10:00Z,2013-07-02T08:05:32Z,,,,,,,,CALCULATED
2013-07-02T02:20:00Z,2013-07-02T08:15:32Z,,,,,,,,CALCULATED
2013-07-02T02:30:00Z,2013-07-02T08:25:32Z,,,,,,,,CALCULATED
2013-07-02T02:40:00Z,2013-07-02T08:35:32Z,,,,,,,,CALCULATED
2013-07-02T02:50:00Z,2013-07-02T08:45:32Z,,,,,,,,CALCULATED
2013-07-02T03:00:00Z,2013-07-02T08:55:32Z,,,,,,,,CALCULATED
2013-07-02T03:10:00Z,2013-07-02T09:05:32Z,,,,,,,,CALCULATED
2013-07-02T03:20:00Z,2013-07-02T09:15:32Z,,,,,,,,CALCULATED
2013-07-02T03:30:00Z,2013-07-02T09:25:32Z,,,,,,,,CALCULATED
2013-07-02T03:40:00Z,2013-07-02T09:35:32Z,,,,,,,,CALCULATED
2013-07-02T03:50:00Z,2013-07-02T09:45:32Z,,,,,,,,CALCULATED
2013-07-02T04:00:00Z,2013-07-02T09:55:32Z,,,,,,,,CALCULATED
2013-07-02T04:10:00Z,2013-07-02T10:05:32Z,,,,,,,,CALCULATED
2013-07-02T04:20:00Z,2013-07-02T10:15:32Z,,,,,,,,CALCULATED
2013-07-02T04:30:00Z,2013-07-02T10:25:32Z,,,,,,,,CALCULATED
2013-07-02T04:40:00Z,2013-07-02T10:35:32Z,,,,,,,,CALCULATED
2013-07-02T04:50:00Z,2013-07-02T10:45:32Z,,,,,,,,CALCULATED
2013-07-02T05:00:00Z,2013-07-02T10:55:32Z,,,,,,,,CALCULATED
2013-07-02T05:10:00Z,2013-07-02T11:05:32Z,,,,,,,,CALCULATED
2013-07-02T05:20:00Z,2013-07-02T11:15:32Z,,,,,,,,CALCULATED
2013-07-02T05:30:00Z,2013-07-02T11:25:32Z,,,,,,,,CALCULATED
2013-07-02T05:40:00Z,2013-07-02T11:35:32Z,,,,,,,,CALCULATED
2013-07-02T05:50:00Z,2013-07-02T11:45:32Z,,,,,,,,CALCULATED
2013-07-02T06:00:00Z,2013-07-02T11:55:32Z,,,,,,,,CALCULATED
2013-07-02T06:10:00Z,2013-07-02T12:05:32Z,,,,,,,,CALCULATED
2013-07-02T06:20:00Z,2013-07-02T12:15:32Z,,,,,,,,CALCULATED
2013-07-02T06:30:00Z,2013-07-02T12:25:32Z,,,,,,,,CALCULATED
2013-07-02T06:40:00Z,2013-07-02T12:35:32Z,,,,,,,,CALCULATED
2013-07-02T06:50:00Z,2013-07-02T12:45:32Z,,,,,,,,CALCULATED
2013-07-02T07:00:00Z,2013-07-02T12:55:32Z,,,,,,,,CALCULATED
2013-07-02T07:10:00Z,2013-07-02T13:05:32Z,,,,,,,,CALCULATED
2013-07-02T07:20:00Z,2013-07-02T13:15:32Z,,,,,,,,CALCULATED
2013-07-02T07:30:00Z,2013-07-02T13:25:32Z,,,,,,,,CALCULATED
2013-07-02T07:40:00Z,2013-07-02T13:35:32Z,,,,,,,,CALCULATED
2013-07-02T07:50:00Z,2013-07-02T13:45:32Z,,,,,,,,CALCULATED
2013-07-02T08:00:00Z,2013-07-02T13:55:32Z,,,,,,,,CALCULATED
2013-07-02T08:10:00Z,2013-07-02T14:05:32Z,,,,,,,,CALCULATED
2013-07-02T08:20:00Z,2013-07-02T14:15:32Z,,,,,,,,CALCULATED
2013-07-02T08:30:00Z,2013-07-02T14:25:32Z,,,,,,,,CALCULATED
2013-07-02T08:40:00Z,2013-07-02T14:35:32Z,,,,,,,,CALCULATED
2013-07-02T08:50:00Z,2013-07-02T14:45:32Z,,,,,,,,CALCULATED
2013-07-02T09:00:00Z,2013-07-02T14:55:32Z,,,,,,,,CALCULATED
2013-07-02T09:10:00Z,2013-07-02T15:05:32Z,,,,,,,,CALCULATED
2013-07-02T09:20:00Z,2013-07-02T15:15:32Z,,,,,,,,CALCULATED
2013-07-02T09:30:00Z,2013-07-02T15:25:32Z,,,,,,,,CALCULATED
2013-07-02T09:40:00Z,2013-07-02T15:35:32Z,,,,,,,,CALCULATED
2013-07-02T09:50:00Z,2013-07-02T15:45:32Z,,,,,,,,CALCULATED
2013-07-02T10:00:00Z,2013-07-02T15:55:32Z,,,,,,,,CALCULATED
2013-07-02T10:10:00Z,2013-07-02T16:05:32Z,,,,,,,,CALCULATED
2013-07-02T10:20:00Z,2013-07-02T16:15:32Z,,,,,,,,CALCULATED
2013-07-02T10:30:00Z,2013-07-02T16:25:32Z,,,,,,,,CALCULATED
2013-07-02T10:40:00Z,2013-07-02T16:35:32Z,,,,,,,,CALCULATED
2013-07-02T10:50:00Z,2013-07-02T16:45:32Z,,,,,,,,CALCULATED
2013-07-02T11:00:00Z,2013-07-02T16:55:32Z,,,,,,,,CALCULATED
2013-07-02T11:10:00Z,2013-07-02T17:05:32Z,,,,,,,,CALCULATED
2013-07-02T11:20:00Z,2013-07-02T17:15:32Z,,,,,,,,CALCULATED
2013-07-02T11:30:00Z,2013-07-02T17:25:32Z,,,,,,,,CALCULATED
2013-07-02T11:40:00Z,2013-07-02T17:35:32Z,,,,,,,,CALCULATED
2013-07-02T11:50:00Z,2013-07-02T17:45:32Z,,,,,,,,CALCULATED
2013-07-02T12:00:00Z,2013-07-02T17:55:32Z,,,,,,,,CALCULATED
2013-07-02T12:10:00Z,2013-07-02T18:05:32Z,,,,,,,,CALCULATED
2013-07-02T12:20:00Z,2013-07-02T18:15:32Z,,,,,,,,CALCULATED
2013-07-02T12:30:00Z,2013-07-02T18:25:32Z,,,,,,,,CALCULATED
2013-07-02T12:40:00Z,2013-07-02T18:35:32Z,,,,,,,,CALCULATED
2013-07-02T12:50:00Z,2013-07-02T18:45:32Z,,,,,,,,CALCULATED
2013-07-02T13:00:00Z,2013-07-02T18:55:32Z,,,,,,,,CALCULATED
2013-07-02T13:10:00Z,2013-07-02T19:05:32Z,,,,,,,,CALCULATED
2013-07-02T13:20:00Z,2013-07-02T19:15:32Z,,,,,,,,CALCULATED
2013-07-02T13:30:00Z,2013-07-02T19:25:32Z,,,,,,,,CALCULATED
2013-07-02T13:40:00Z,2013-07-02T19:35:32Z,,,,,,,,CALCULATED
2013-07-02T13:50:00Z,2013-07-02T19:45:32Z,,,,,,,,CALCULATED
2013-07-02T14:00:00Z,2013-07-02T19:55:32Z,,,,,,,,CALCULATED
2013-07-02T14:10:00Z,2013-07-02T20:05:32Z,,,,,,,,CALCULATED
2013-07-02T14:20:00Z,2013-07-02T20:15:32Z,,,,,,,,CALCULATED
2013-07-02T14:30:00Z,2013-07-02T20:25:32Z,,,,,,,,CALCULATED
2013-07-02T14:40:00Z,2013-07-02T20:35:32Z,,,,,,,,CALCULATED
2013-07-02T14:50:00Z,2013-07-02T20:45:32Z,,,,,,,,CALCULATED
2013-07-02T15:00:00Z,2013-07-02T20:55:32Z,,,,,,,,CALCULATED
2013-07-02T15:10:00Z,2013-07-02T21:05:32Z,,,,,,,,CALCULATED
2013-07-02T15:20:00Z,2013-07-02T21:15:32Z,,,,,,,,CALCULATED
2013-07-02T15:30:00Z,2013-07-02T21:25:32Z,,,,,,,,CALCULATED
2013-07-02T15:40:00Z,2013-07-02T21:35:32Z,,,,,,,,CALCULATED
2013-07-02T15:50:00Z,2013-07-02T21:45:32Z,,,,,,,,CALCULATED
2013-07-02T16:00:00Z,2013-07-02T21:55:32Z,,,,,,,,CALCULATED
2013-07-02T16:10:00Z,2013-07-02T22:05:32Z,,,,,,,,CALCULATED
2013-07-02T16:20:00Z,2013-07-02T22:15:32Z,,,,,,,,CALCULATED
2013-07-02T16:30:00Z,2013-07-02T22:25:32Z,,,,,,,,CALCULATED
2013-07-02T16:40:00Z,2013-07-02T22:35:32Z,,,,,,,,CALCULATED
2013-07-02T16:50:00Z,2013-07-02T22:45:32Z,,,,,,,,CALCULATED
2013-07-02T17:00:00Z,2013-07-02T22:55:32Z,,,,,,,,CALCULATED
2013-07-02T17:10:00Z,2013-07-02T23:05:32Z,,,,,,,,CALCULATED
2013-07-02T17:20:00Z,2013-07-02T23:15:32Z,,,,,,,,CALCULATED
2013-07-02T17:30:00Z,2013-07-02T23:25:32Z,,,,,,,,CALCULATED
2013-07-02T17:40:00Z,2013-07-02T23:35:32Z,,,,,,,,CALCULATED
2013-07-02T17:50:00Z,2013-07-02T23:45:32Z,,,,,,,,CALCULATED
2013-07-02T18:00:00Z,2013-07-02T23:55:32Z,,,,,,,,CALCULATED
2013-07-02T18:10:00Z,2013-07-03T00:05:23Z,,,,,,,,CALCULATED
2013-07-02T18:20:00Z,2013-07-03T00:15:23Z,,,,,,,,CALCULATED
2013-07-02T18:30:00Z,2013-07-03T00:25:23Z,,,,,,,,CALCULATED
2013-07-02T18:40:00Z,2013-07-03T00:35:23Z,,,,,,,,CALCULATED
2013-07-02T18:50:00Z,2013-07-03T00:45:23Z,,,,,,,,CALCULATED
2013-07-02T19:00:00Z,2013-07-03T00:55:23Z,,,,,,,,CALCULATED
2013-07-02T19:10:00Z,2013-07-03T01:05:23Z,,,,,,,,CALCULATED
2013-07-02T19:20:00Z,2013-07-03T01:15:23Z,,,,,,,,CALCULATED
2013-07-02T19:30:00Z,2013-07-03T01:25:23Z,,,,,,,,CALCULATED
2013-07-02T19:40:00Z,2013-07-03T01:35:23Z,,,,,,,,CALCULATED
2013-07-02T19:50:00Z,2013-07-03T01:45:23Z,,,,,,OUT_WARN,,CALCULATED
2013-07-02T20:00:00Z,2013-07-03T01:55:23Z,,,,,,OUT_WARN,,CALCULATED
2013-07-02T20:10:00Z,2013-07-03T02:05:23Z,,,,,,OUT_WARN,,CALCULATED
2013-07-02T20:20:00Z,2013-07-03T02:15:23Z,,,,,,OUT_WARN,,CALCULATED
2013-07-02T20:30:00Z,2013-07-03T02:25:23Z,,,,,,,,CALCULATED
2013-07-02T20:40:00Z,2013-07-03T02:35:23Z,,,,,,,,CALCULATED
2013-07-02T20:50:00Z,2013-07-03T02:45:23Z,,,,,,,,CALCULATED
2013-07-02T21:00:00Z,2013-07-03T02:55:23Z,,,,,,,,CALCULATED
2013-07-02T21:10:00Z,2013-07-03T03:05:23Z,,,,,,,,CALCULATED
2013-07-02T21:20:00Z,2013-07-03T03:15:23Z,,,,,,,,CALCULATED
2013-07-02T21:30:00Z,2013-07-03T03:25:23Z,,,,,,,,CALCULATED
2013-07-02T21:40:00Z,2013-07-03T03:35:23Z,,,,,,,,CALCULATED
2013-07-02T21:50:00Z,2013-07-03T03:45:23Z,,,,,,,,CALCULATED
2013-07-02T22:00:00Z,2013-07-03T03:55:23Z,,,,,,,,CALCULATED
2013-07-02T22:10:00Z,2013-07-03T04:05:23Z,,,,,,,,CALCULATED
2013-07-02T22:20:00Z,2013-07-03T04:15:23Z,,,,,,,,CALCULATED
2013-07-02T22:30:00Z,2013-07-03T04:25:23Z,,,,,,,,CALCULATED
2013-07-02T22:40:00Z,2013-07-03T04:35:23Z,,,,,,,,CALCULATED
2013-07-02T22:50:00Z,2013-07-03T04:45:23Z,,,,,,,,CALCULATED
2013-07-02T23:00:00Z,2013-07-03T04:55:23Z,,,,,,,,CALCULATED
2013-07-02T23:10:00Z,2013-07-03T05:05:23Z,,,,,,,,CALCULATED
2013-07-02T23:20:00Z,2013-07-03T05:15:23Z,,,,,,,,CALCULATED
2013-07-02T23:30:00Z,2013-07-03T05:25:23Z,,,,,,,,CALCULATED
2013-07-02T23:40:00Z,2013-07-03T05:35:23Z,,,,,,,,CALCULATED
2013-07-02T23:50:00Z,2013-07-03T05:45:23Z,,,,,,,,CALCULATED
2013-07-03T00:00:00Z,2013-07-03T05:55:23Z,,,,,,,,CALCULATED
2013-07-03T00:10:00Z,2013-07-03T06:05:23Z,,,,,,,,CALCULATED
2013-07-03T00:20:00Z,2013-07-03T06:15:23Z,,,,,,,,CALCULATED
2013-07-03T00:30:00Z,2013-07-03T06:25:23Z,,,,,,,,CALCULATED
2013-07-03T00:40:00Z,2013-07-03T06:35:23Z,,,,,,,,CALCULATED
2013-07-03T00:50:00Z,2013-07-03T06:45:23Z,,,,,,OUT_WARN,,CALCULATED
2013-07-03T01:00:00Z,2013-07-03T06:55:23Z,,,,,,,,CALCULATED
2013-07-03T01:10:00Z,2013-07-03T07:05:23Z,,,,,,,,CALCULATED
2013-07-03T01:20:00Z,2013-07-03T07:15:23Z,,,,,,,,CALCULATED
2013-07-03T01:30:00Z,2013-07-03T07:25:23Z,,,,,,,,CALCULATED
2013-07-03T01:40:00Z,2013-07-03T07:35:23Z,,,,,,,,CALCULATED
2013-07-03T01:50:00Z,2013-07-03T07:45:23Z,,,,,,,,CALCULATED
2013-07-03T02:00:00Z,2013-07-03T07:55:23Z,,,,,,,,CALCULATED
2013-07-03T02:10:00Z,2013-07-03T08:05:23Z,,,,,,,,CALCULATED
2013-07-03T02:20:00Z,2013-07-03T08:15:23Z,,,,,,,,CALCULATED
2013-07-03T02:30:00Z,2013-07-03T08:25:23Z,,,,,,,,CALCULATED
2013-07-03T02:40:00Z,2013-07-03T08:35:23Z,,,,,,,,CALCULATED
2013-07-03T02:50:00Z,2013-07-03T08:45:23Z,,,,,,,,CALCULATED
2013-07-03T03:00:00Z,2013-07-03T08:55:23Z,,,,,,,,CALCULATED
2013-07-03T03:10:00Z,2013-07-03T09:05:23Z,,,,,,,,CALCULATED
2013-07-03T03:20:00Z,2013-07-03T09:15:23Z,,,,,,,,CALCULATED
2013-07-03T03:30:00Z,2013-07-03T09:25:23Z,,,,,,,,CALCULATED
2013-07-03T03:40:00Z,2013-07-03T09:35:23Z,,,,,,,,CALCULATED
2013-07-03T03:50:00Z,2013-07-03T09:45:23Z,,,,,,,,CALCULATED
2013-07-03T04:00:00Z,2013-07-03T09:55:23Z,,,,,,,,CALCULATED
2013-07-03T04:10:00Z,2013-07-03T10:05:23Z,,,,,,,,CALCULATED
2013-07-03T04:20:00Z,2013-07-03T10:15:23Z,,,,,,,,CALCULATED
2013-07-03T04:30:00Z,2013-07-03T10:25:23Z,,,,,,,,CALCULATED
2013-07-03T04:40:00Z,2013-07-03T10:35:23Z,,,,,,,,CALCULATED
2013-07-03T04:50:00Z,2013-07-03T10:45:23Z,,,,,,,,CALCULATED
2013-07-03T05:00:00Z,2013-07-03T10:55:23Z,,,,,,,,CALCULATED
2013-07-03T05:10:00Z,2013-07-03T11:05:23Z,,,,,,,,CALCULATED
2013-07-03T05:20:00Z,2013-07-03T11:15:23Z,,,,,,,,CALCULATED
2013-07-03T05:30:00Z,2013-07-03T11:25:23Z,,,,,,,,CALCULATED
2013-07-03T05:40:00Z,2013-07-03T11:35:23Z,,,,,,,,CALCULATED
2013-07-03T05:50:00Z,2013-07-03T11:45:23Z,,,,,,,,CALCULATED
2013-07-03T06:00:00Z,2013-07-03T11:55:23Z,,,,,,,,CALCULATED
2013-07-03T06:10:00Z,2013-07-03T12:05:23Z,,,,,,,,CALCULATED
2013-07-03T06:20:00Z,2013-07-03T12:15:23Z,,,,,,,,CALCULATED
2013-07-03T06:30:00Z,2013-07-03T12:25:23Z,,,,,,,,CALCULATED
2013-07-03T06:40:00Z,2013-07-03T12:35:23Z,,,,,,,,CALCULATED
2013-07-03T06:50:00Z,2013-07-03T12:45:23Z,,,,,,,,CALCULATED
2013-07-03T07:00:00Z,2013-07-03T12:55:23Z,,,,,,,,CALCULATED
2013-07-03T07:10:00Z,2013-07-03T13:05:23Z,,,,,,,,CALCULATED
2013-07-03T07:20:00Z,2013-07-03T13:15:23Z,,,,,,,,CALCULATED
2013-07-03T07:30:00Z,2013-07-03T13:25:23Z,,,,,,,,CALCULATED
2013-07-03T07:40:00Z,2013-07-03T13:35:23Z,,,,,,,,CALCULATED
2013-07-03T07:50:00Z,2013-07-03T13:45:23Z,,,,,,,,CALCULATED
2013-07-03T08:00:00Z,2013-07-03T13:55:23Z,,,,,,,,CALCULATED
2013-07-03T08:10:00Z,2013-07-03T14:05:23Z,,,,,,,,CALCULATED
2013-07-03T08:20:00Z,2013-07-03T14:15:23Z,,,,,,,,CALCULATED
2013-07-03T08:30:00Z,2013-07-03T14:25:23Z,,,,,,,,CALCULATED
2013-07-03T08:40:00Z,2013-07-03T14:35:23Z,,,,,,,,CALCULATED
2013-07-03T08:50:00Z,2013-07-03T14:45:23Z,,,,,,,,CALCULATED
2013-07-03T09:00:00Z,2013-07-03T14:55:23Z,,,,,,,,CALCULATED
2013-07-03T09:10:00Z,2013-07-03T15:05:23Z,,,,,,,,CALCULATED
2013-07-03T09:20:00Z,2013-07-03T15:15:23Z,,,,,,,,CALCULATED
2013-07-03T09:30:00Z,2013-07-03T15:25:23Z,,,,,,,,CALCULATED
2013-07-03T09:40:00Z,2013-07-03T15:35:23Z,,,,,,,,CALCULATED
2013-07-03T09:50:00Z,2013-07-03T15:45:23Z,,,,,,,,CALCULATED
2013-07-03T10:00:00Z,2013-07-03T15:55:23Z,,,,,,,,CALCULATED
2013-07-03T10:10:00Z,2013-07-03T16:05:23Z,,,,,,,,CALCULATED
2013-07-03T10:20:00Z,2013-07-03T16:15:23Z,,,,,,,,CALCULATED
2013-07-03T10:30:00Z,2013-07-03T16:25:23Z,,,,,,,,CALCULATED
2013-07-03T10:40:00Z,2013-07-03T16:35:23Z,,,,,,,,CALCULATED
2013-07-03T10:50:00Z,2013-07-03T16:45:23Z,,,,,,,,CALCULATED
2013-07-03T11:00:00Z,2013-07-03T16:55:23Z,,,,,,,,CALCULATED
2013-07-03T11:10:00Z,2013-07-03T17:05:23Z,,,,,,,,CALCULATED
2013-07-03T11:20:00Z,2013-07-03T17:15:23Z,,,,,,,,CALCULATED
2013-07-03T11:30:00Z,2013-07-03T17:25:23Z,,,,,,,,CALCULATED
2013-07-03T11:40:00Z,2013-07-03T17:35:23Z,,,,,,,,CALCULATED
2013-07-03T11:50:00Z,2013-07-03T17:45:23Z,,,,,,,,CALCULATED
2013-07-03T12:00:00Z,2013-07-03T17:55:23Z,,,,,,,,CALCULATED
2013-07-03T12:10:00Z,2013-07-03T18:05:23Z,,,,,,,,CALCULATED
2013-07-03T12:20:00Z,2013-07-03T18:15:23Z,,,,,,,,CALCULATED
2013-07-03T12:30:00Z,2013-07-03T18:25:23Z,,,,,,,,CALCULATED
2013-07-03T12:40:00Z,2013-07-03T18:35:23Z,,,,,,,,CALCULATED
2013-07-03T12:50:00Z,2013-07-03T18:45:23Z,,,,,,,,CALCULATED
2013-07-03T13:00:00Z,2013-07-03T18:55:23Z,,,,,,,,CALCULATED
2013-07-03T13:10:00Z,2013-07-03T19:05:23Z,,,,,,,,CALCULATED
2013-07-03T13:20:00Z,2013-07-03T19:15:23Z,,,,,,,,CALCULATED
2013-07-03T13:30:00Z,2013-07-03T19:25:23Z,,,,,,,,CALCULATED
2013-07-03T13:40:00Z,2013-07-03T19:35:23Z,,,,,,,,CALCULATED
2013-07-03T13:50:00Z,2013-07-03T19:45:23Z,,,,,,,,CALCULATED
2013-07-03T14:00:00Z,2013-07-03T19:55:23Z,,,,,,,,CALCULATED
2013-07-03T14:10:00Z,2013-07-03T20:05:23Z,,,,,,,,CALCULATED
2013-07-03T14:20:00Z,2013-07-03T20:15:23Z,,,,,,,,CALCULATED
2013-07-03T14:30:00Z,2013-07-03T20:25:23Z,,,,,,,,CALCULATED
2013-07-03T14:40:00Z,2013-07-03T20:35:23Z,,,,,,,,CALCULATED
2013-07-03T14:50:00Z,2013-07-03T20:45:23Z,,,,,,,,CALCULATED
2013-07-03T15:00:00Z,2013-07-03T20:55:23Z,,,,,,,,CALCULATED
2013-07-03T15:10:00Z,2013-07-03T21:05:23Z,,,,,,,,CALCULATED
2013-07-03T15:20:00Z,2013-07-03T21:15:23Z,,,,,,OUT_WARN,,CALCULATED
2013-07-03T15:30:00Z,2013-07-03T21:25:23Z,,,,,,,,CALCULATED
2013-07-03T15:40:00Z,2013-07-03T21:35:23Z,,,,,,,,CALCULATED
2013-07-03T15:50:00Z,2013-07-03T21:45:23Z,,,,,,,,CALCULATED
2013-07-03T16:00:00Z,2013-07-03T21:55:23Z,,,,,,,,CALCULATED
2013-07-03T16:10:00Z,2013-07-03T22:05:23Z,,,,,,,,CALCULATED
2013-07-03T16:20:00Z,2013-07-03T22:15:23Z,,,,,,,,CALCULATED
2013-07-03T16:30:00Z,2013-07-03T22:25:23Z,,,,,,,,CALCULATED
2013-07-03T16:40:00Z,2013-07-03T22:35:23Z,,,,,,,,CALCULATED
2013-07-03T16:50:00Z,2013-07-03T22:45:23Z,,,,,,,,CALCULATED
2013-07-03T17:00:00Z,2013-07-03T22:55:23Z,,,,,,,,CALCULATED
2013-07-03T17:10:00Z,2013-07-03T23:05:23Z,,,,,,,,CALCULATED
2013-07-03T17:20:00Z,2013-07-03T23:15:23Z,,,,,,,,CALCULATED
2013-07-03T17:30:00Z,2013-07-03T23:25:23Z,,,,,,,,CALCULATED
2013-07-03T17:40:00Z,2013-07-03T23:35:23Z,,,,,,,,CALCULATED
2013-07-03T17:50:00Z,2013-07-03T23:45:23Z,,,,,,,,CALCULATED
2013-07-03T18:00:00Z,2013-07-03T23:55:23Z,,,,,,,,CALCULATED
2013-07-03T18:10:00Z,2013-07-04T00:05:13Z,,,,,,,,CALCULATED
2013-07-03T18:20:00Z,2013-07-04T00:15:13Z,,,,,,,,CALCULATED
2013-07-03T18:30:00Z,2013-07-04T00:25:13Z,,,,,,,,CALCULATED
2013-07-03T18:40:00Z,2013-07-04T00:35:13Z,,,,,,,,CALCULATED
2013-07-03T18:50:00Z,2013-07-04T00:45:13Z,,,,,,,,CALCULATED
2013-07-03T19:00:00Z,2013-07-04T00:55:13Z,,,,,,,,CALCULATED
2013-07-03T19:10:00Z,2013-07-04T01:05:13Z,,,,,,,,CALCULATED
2013-07-03T19:20:00Z,2013-07-04T01:15:13Z,,,,,,,,CALCULATED
2013-07-03T19:30:00Z,2013-07-04T01:25:13Z,,,,,,,,CALCULATED
2013-07-03T19:40:00Z,2013-07-04T01:35:13Z,,,,,,,,CALCULATED
2013-07-03T19:50:00Z,2013-07-04T01:45:13Z,,,,,,,,CALCULATED
2013-07-03T20:00:00Z,2013-07-04T01:55:13Z,,,,,,,,CALCULATED
2013-07-03T20:10:00Z,2013-07-04T02:05:13Z,,,,,,,,CALCULATED
2013-07-03T20:20:00Z,2013-07-04T02:15:13Z,,,,,,,,CALCULATED
2013-07-03T20:30:00Z,2013-07-04T02:25:13Z,,,,,,,,CALCULATED
2013-07-03T20:40:00Z,2013-07-04T02:35:13Z,,,,,,,,CALCULATED
2013-07-03T20:50:00Z,2013-07-04T02:45:13Z,,,,,,,,CALCULATED
2013-07-03T21:00:00Z,2013-07-04T02:55:13Z,,,,,,,,CALCULATED
2013-07-03T21:10:00Z,2013-07-04T03:05:13Z,,,,,,,,CALCULATED
2013-07-03T21:20:00Z,2013-07-04T03:15:13Z,,,,,,,,CALCULATED
2013-07-03T21:30:00Z,2013-07-04T03:25:13Z,,,,,,,,CALCULATED
2013-07-03T21:40:00Z,2013-07-04T03:35:13Z,,,,,,,,CALCULATED
2013-07-03T21:50:00Z,2013-07-04T03:45:13Z,,,,,,,,CALCULATED
2013-07-03T22:00:00Z,2013-07-04T03:55:13Z,,,,,,,,CALCULATED
2013-07-03T22:10:00Z,2013-07-04T04:05:13Z,,,,,,,,CALCULATED
2013-07-03T22:20:00Z,2013-07-04T04:15:13Z,,,,,,,,CALCULATED
2013-07-03T22:30:00Z,2013-07-04T04:25:13Z,,,,,,,,CALCULATED
2013-07-03T22:40:00Z,2013-07-04T04:35:13Z,,,,,,,,CALCULATED
2013-07-03T22:50:00Z,2013-07-04T04:45:13Z,,,,,,,,CALCULATED
2013-07-03T23:00:00Z,2013-07-04T04:55:13Z,,,,,,,,CALCULATED
2013-07-03T23:10:00Z,2013-07-04T05:05:13Z,,,,,,,,CALCULATED
2013-07-03T23:20:00Z,2013-07-04T05:15:13Z,,,,,,,,CALCULATED
2013-07-03T23:30:00Z,2013-07-04T05:25:13Z,,,,,,,,CALCULATED
2013-07-03T23:40:00Z,2013-07-04T05:35:13Z,,,,,,,,CALCULATED
2013-07-03T23:50:00Z,2013-07-04T05:45:13Z,,,,,,,,CALCULATED
2013-07-04T00:00:00Z,2013-07-04T05:55:13Z,,,,,,,,CALCULATED
2013-07-04T00:10:00Z,2013-07-04T06:05:13Z,,,,,,,,CALCULATED
2013-07-04T00:20:00Z,2013-07-04T06:15:13Z,,,,,,,,CALCULATED
2013-07-04T00:30:00Z,2013-07-04T06:25:13Z,,,,,,,,CALCULATED
2013-07-04T00:40:00Z,2013-07-04T06:35:13Z,,,,,,,,CALCULATED
2013-07-04T00:50:00Z,2013-07-04T06:45:13Z,,,,,,,,CALCULATED
2013-07-04T01:00:00Z,2013-07-04T06:55:13Z,,,,,,,,CALCULATED
2013-07-04T01:10:00Z,2013-07-04T07:05:13Z,,,,,,,,CALCULATED
2013-07-04T01:20:00Z,2013-07-04T07:15:13Z,,,,,,,,CALCULATED
2013-07-04T01:30:00Z,2013-07-04T07:25:13Z,,,,,,,,CALCULATED
2013-07-04T01:40:00Z,2013-07-04T07:35:13Z,,,,,,,,CALCULATED
2013-07-04T01:50:00Z,2013-07-04T07:45:13Z,,,,,,,,CALCULATED
2013-07-04T02:00:00Z,2013-07-04T07:55:13Z,,,,,,OUT_WARN,,CALCULATED
2013-07-04T02:10:00Z,2013-07-04T08:05:13Z,,,,,,,,CALCULATED
2013-07-04T02:20:00Z,2013-07-04T08:15:13Z,,,,,,OUT_WARN,,CALCULATED
2013-07-04T02:30:00Z,2013-07-04T08:25:13Z,,,,,,,,CALCULATED
2013-07-04T02:40:00Z,2013-07-04T08:35:13Z,,,,,,,,CALCULATED
2013-07-04T02:50:00Z,2013-07-04T08:45:13Z,,,,,,,,CALCULATED
2013-07-04T03:00:00Z,2013-07-04T08:55:13Z,,,,,,,,CALCULATED
2013-07-04T03:10:00Z,2013-07-04T09:05:13Z,,,,,,,,CALCULATED
2013-07-04T03:20:00Z,2013-07-04T09:15:13Z,,,,,,,,CALCULATED
2013-07-04T03:30:00Z,2013-07-04T09:25:13Z,,,,,,,,CALCULATED
2013-07-04T03:40:00Z,2013-07-04T09:35:13Z,,,,,,,,CALCULATED
2013-07-04T03:50:00Z,2013-07-04T09:45:13Z,,,,,,,,CALCULATED
2013-07-04T04:00:00Z,2013-07-04T09:55:13Z,,,,,,,,CALCULATED
2013-07-04T04:10:00Z,2013-07-04T10:05:13Z,,,,,,,,CALCULATED
2013-07-04T04:20:00Z,2013-07-04T10:15:13Z,,,,,,,,CALCULATED
2013-07-04T04:30:00Z,2013-07-04T10:25:13Z,,,,,,,,CALCULATED
2013-07-04T04:40:00Z,2013-07-04T10:35:13Z,,,,,,,,CALCULATED
2013-07-04T04:50:00Z,2013-07-04T10:45:13Z,,,,,,,,CALCULATED
2013-07-04T05:00:00Z,2013-07-04T10:55:13Z,,,,,,,,CALCULATED
2013-07-04T05:10:00Z,2013-07-04T11:05:13Z,,,,,,,,CALCULATED
2013-07-04T05:20:00Z,2013-07-04T11:15:13Z,,,,,,,,CALCULATED
2013-07-04T05:30:00Z,2013-07-04T11:25:13Z,,,,,,,,CALCULATED
2013-07-04T05:40:00Z,2013-07-04T11:35:13Z,,,,,,,,CALCULATED
2013-07-04T05:50:00Z,2013-07-04T11:45:13Z,,,,,,,,CALCULATED
2013-07-04T06:00:00Z,2013-07-04T11:55:13Z,,,,,,,,CALCULATED
2013-07-04T06:10:00Z,2013-07-04T12:05:13Z,,,,,,,,CALCULATED
2013-07-04T06:20:00Z,2013-07-04T12:15:13Z,,,,,,,,CALCULATED
2013-07-04T06:30:00Z,2013-07-04T12:25:13Z,,,,,,,,CALCULATED
2013-07-04T06:40:00Z,2013-07-04T12:35:13Z,,,,,,,,CALCULATED
2013-07-04T06:50:00Z,2013-07-04T12:45:13Z,,,,,,,,CALCULATED
2013-07-04T07:00:00Z,2013-07-04T12:55:13Z,,,,,,,,CALCULATED
2013-07-04T07:10:00Z,2013-07-04T13:05:13Z,,,,,,,,CALCULATED
2013-07-04T07:20:00Z,2013-07-04T13:15:13Z,,,,,,,,CALCULATED
2013-07-04T07:30:00Z,2013-07-04T13:25:13Z,,,,,,,,CALCULATED
2013-07-04T07:40:00Z,2013-07-04T13:35:13Z,,,,,,,,CALCULATED
2013-07-04T07:50:00Z,2013-07-04T13:45:13Z,,,,,,,,CALCULATED
2013-07-04T08:00:00Z,2013-07-04T13:55:13Z,,,,,,,,CALCULATED
2013-07-04T08:10:00Z,2013-07-04T14:05:13Z,,,,,,,,CALCULATED
2013-07-04T08:20:00Z,2013-07-04T14:15:13Z,,,,,,,,CALCULATED
2013-07-04T08:30:00Z,2013-07-04T14:25:13Z,,,,,,,,CALCULATED
2013-07-04T08:40:00Z,2013-07-04T14:35:13Z,,,,,,,,CALCULATED
2013-07-04T08:50:00Z,2013-07-04T14:45:13Z,,,,,,,,CALCULATED
2013-07-04T09:00:00Z,2013-07-04T14:55:13Z,,,,,,,,CALCULATED
2013-07-04T09:10:00Z,2013-07-04T15:05:13Z,,,,,,,,CALCULATED
2013-07-04T09:20:00Z,2013-07-04T15:15:13Z,,,,,,,,CALCULATED
2013-07-04T09:30:00Z,2013-07-04T15:25:13Z,,,,,,,,CALCULATED
2013-07-04T09:40:00Z,2013-07-04T15:35:13Z,,,,,,,,CALCULATED
2013-07-04T09:50:00Z,2013-07-04T15:45:13Z,,,,,,,,CALCULATED
2013-07-04T10:00:00Z,2013-07-04T15:55:13Z,,,,,,,,CALCULATED
2013-07-04T10:10:00Z,2013-07-04T16:05:13Z,,,,,,,,CALCULATED
2013-07-04T10:20:00Z,2013-07-04T16:15:13Z,,,,,,,,CALCULATED
2013-07-04T10:30:00Z,2013-07-04T16:25:13Z,,,,,,,,CALCULATED
2013-07-04T10:40:00Z,2013-07-04T16:35:13Z,,,,,,,,CALCULATED
2013-07-04T10:50:00Z,2013-07-04T16:45:13Z,,,,,,,,CALCULATED
2013-07-04T11:00:00Z,2013-07-04T16:55:13Z,,,,,,,,CALCULATED
2013-07-04T11:10:00Z,2013-07-04T17:05:13Z,,,,,,,,CALCULATED
2013-07-04T11:20:00Z,2013-07-04T17:15:13Z,,,,,,,,CALCULATED
2013-07-04T11:30:00Z,2013-07-04T17:25:13Z,,,,,,,,CALCULATED
2013-07-04T11:40:00Z,2013-07-04T17:35:13Z,,,,,,,,CALCULATED
2013-07-04T11:50:00Z,2013-07-04T17:45:13Z,,,,,,,,CALCULATED
2013-07-04T12:00:00Z,2013-07-04T17:55:13Z,,,,,,,,CALCULATED
2013-07-04T12:10:00Z,2013-07-04T18:05:13Z,,,,,,,,CALCULATED
2013-07-04T12:20:00Z,2013-07-04T18:15:13Z,,,,,,,,CALCULATED
2013-07-04T12:30:00Z,2013-07-04T18:25:13Z,,,,,,,,CALCULATED
2013-07-04T12:40:00Z,2013-07-04T18:35:13Z,,,,,,,,CALCULATED
2013-07-04T12:50:00Z,2013-07-04T18:45:13Z,,,,,,,,CALCULATED
2013-07-04T13:00:00Z,2013-07-04T18:55:13Z,,,,,,,,CALCULATED
2013-07-04T13:10:00Z,2013-07-04T19:05:13Z,,,,,,,,CALCULATED
2013-07-04T13:20:00Z,2013-07-04T19:15:13Z,,,,,,,,CALCULATED
2013-07-04T13:30:00Z,2013-07-04T19:25:13Z,,,,,,,,CALCULATED
2013-07-04T13:40:00Z,2013-07-04T19:35:13Z,,,,,,,,CALCULATED
2013-07-04T13:50:00Z,2013-07-04T19:45:13Z,,,,,,,,CALCULATED
2013-07-04T14:00:00Z,2013-07-04T19:55:13Z,,,,,,,,CALCULATED
2013-07-04T14:10:00Z,2013-07-04T20:05:13Z,,,,,,,,CALCULATED
2013-07-04T14:20:00Z,2013-07-04T20:15:13Z,,,,,,,,CALCULATED
2013-07-04T14:30:00Z,2013-07-04T20:25:13Z,,,,,,,,CALCULATED
2013-07-04T14:40:00Z,2013-07-04T20:35:13Z,,,,,,,,CALCULATED
2013-07-04T14:50:00Z,2013-07-04T20:45:13Z,,,,,,,,CALCULATED
2013-07-04T15:00:00Z,2013-07-04T20:55:13Z,,,,,,,,CALCULATED
2013-07-04T15:10:00Z,2013-07-04T21:05:13Z,,,,,,,,CALCULATED
2013-07-04T15:20:00Z,2013-07-04T21:15:13Z,,,,,,,,CALCULATED
2013-07-04T15:30:00Z,2013-07-04T21:25:13Z,,,,,,,,CALCULATED
2013-07-04T15:40:00Z,2013-07-04T21:35:13Z,,,,,,,,CALCULATED
2013-07-04T15:50:00Z,2013-07-04T21:45:13Z,,,,,,,,CALCULATED
2013-07-04T16:00:00Z,2013-07-04T21:55:13Z,,,,,,,,CALCULATED
2013-07-04T16:10:00Z,2013-07-04T22:05:13Z,,,,,,,,CALCULATED
2013-07-04T16:20:00Z,2013-07-04T22:15:13Z,,,,,,,,CALCULATED
2013-07-04T16:30:00Z,2013-07-04T22:25:13Z,,,,,,,,CALCULATED
2013-07-04T16:40:00Z,2013-07-04T22:35:13Z,,,,,,,,CALCULATED
2013-07-04T16:50:00Z,2013-07-04T22:45:13Z,,,,,,,,CALCULATED
2013-07-04T17:00:00Z,2013-07-04T22:55:13Z,,,,,,,,CALCULATED
2013-07-04T17:10:00Z,2013-07-04T23:05:13Z,,,,,,,,CALCULATED
2013-07-04T17:20:00Z,2013-07-04T23:15:13Z,,,,,,,,CALCULATED
2013-07-04T17:30:00Z,2013-07-04T23:25:13Z,,,,,,,,CALCULATED
2013-07-04T17:40:00Z,2013-07-04T23:35:13Z,,,,,,,,CALCULATED
2013-07-04T17:50:00Z,2013-07-04T23:45:13Z,,,,,,,,CALCULATED
2013-07-04T18:00:00Z,2013-07-04T23:55:13Z,,,,,,,,CALCULATED
2013-07-04T18:10:00Z,2013-07-05T00:05:04Z,,,,,,,,CALCULATED
2013-07-04T18:20:00Z,2013-07-05T00:15:04Z,,,,,,,,CALCULATED
2013-07-04T18:30:00Z,2013-07-05T00:25:04Z,,,,,,,,CALCULATED
2013-07-04T18:40:00Z,2013-07-05T00:35:04Z,,,,,,,,CALCULATED
2013-07-04T18:50:00Z,2013-07-05T00:45:04Z,,,,,,,,CALCULATED
2013-07-04T19:00:00Z,2013-07-05T00:55:04Z,,,,,,,,CALCULATED
2013-07-04T19:10:00Z,2013-07-05T01:05:04Z,,,,,,,,CALCULATED
2013-07-04T19:20:00Z,2013-07-05T01:15:04Z,,,,,,,,CALCULATED
2013-07-04T19:30:00Z,2013-07-05T01:25:04Z,,,,,,,,CALCULATED
2013-07-04T19:40:00Z,2013-07-05T01:35:04Z,,,,,,,,CALCULATED
2013-07-04T19:50:00Z,2013-07-05T01:45:04Z,,,,,,,,CALCULATED
2013-07-04T20:00:00Z,2013-07-05T01:55:04Z,,,,,,,,CALCULATED
2013-07-04T20:10:00Z,2013-07-05T02:05:04Z,,,,,,,,CALCULATED
2013-07-04T20:20:00Z,2013-07-05T02:15:04Z,,,,,,,,CALCULATED
2013-07-04T20:30:00Z,2013-07-05T02:25:04Z,,,,,,,,CALCULATED
2013-07-04T20:40:00Z,2013-07-05T02:35:04Z,,,,,,,,CALCULATED
2013-07-04T20:50:00Z,2013-07-05T02:45:04Z,,,,,,,,CALCULATED
2013-07-04T21:00:00Z,2013-07-05T02:55:04Z,,,,,,,,CALCULATED
2013-07-04T21:10:00Z,2013-07-05T03:05:04Z,,,,,,,,CALCULATED
2013-07-04T21:20:00Z,2013-07-05T03:15:04Z,,,,,,,,CALCULATED
2013-07-04T21:30:00Z,2013-07-05T03:25:04Z,,,,,,,,CALCULATED
2013-07-04T21:40:00Z,2013-07-05T03:35:04Z,,,,,,,,CALCULATED
2013-07-04T21:50:00Z,2013-07-05T03:45:04Z,,,,,,,,CALCULATED
2013-07-04T22:00:00Z,2013-07-05T03:55:04Z,,,,,,,,CALCULATED
2013-07-04T22:10:00Z,2013-07-05T04:05:04Z,,,,,,,,CALCULATED
2013-07-04T22:20:00Z,2013-07-05T04:15:04Z,,,,,,,,CALCULATED
2013-07-04T22:30:00Z,2013-07-05T04:25:04Z,,,,,,,,CALCULATED
2013-07-04T22:40:00Z,2013-07-05T04:35:04Z,,,,,,,,CALCULATED
2013-07-04T22:50:00Z,2013-07-05T04:45:04Z,,,,,,,,CALCULATED
2013-07-04T23:00:00Z,2013-07-05T04:55:04Z,,,,,,,,CALCULATED
2013-07-04T23:10:00Z,2013-07-05T05:05:04Z,,,,,,,,CALCULATED
2013-07-04T23:20:00Z,2013-07-05T05:15:04Z,,,,,,,,CALCULATED
2013-07-04T23:30:00Z,2013-07-05T05:25:04Z,,,,,,,,CALCULATED
2013-07-04T23:40:00Z,2013-07-05T05:35:04Z,,,,,,,,CALCULATED
2013-07-04T23:50:00Z,2013-07-05T05:45:04Z,,,,,,,,CALCULATED
2013-07-05T00:00:00Z,2013-07-05T05:55:04Z,,,,,,,,CALCULATED
2013-07-05T00:10:00Z,2013-07-05T06:05:04Z,,,,,,,,CALCULATED
2013-07-05T00:20:00Z,2013-07-05T06:15:04Z,,,,,,,,CALCULATED
2013-07-05T00:30:00Z,2013-07-05T06:25:04Z,,,,,,,,CALCULATED
2013-07-05T00:40:00Z,2013-07-05T06:35:04Z,,,,,,,,CALCULATED
2013-07-05T00:50:00Z,2013-07-05T06:45:04Z,,,,,,,,CALCULATED
2013-07-05T01:00:00Z,2013-07-05T06:55:04Z,,,,,,,,CALCULATED
2013-07-05T01:10:00Z,2013-07-05T07:05:04Z,,,,,,,,CALCULATED
2013-07-05T01:20:00Z,2013-07-05T07:15:04Z,,,,,,,,CALCULATED
2013-07-05T01:30:00Z,2013-07-05T07:25:04Z,,,,,,,,CALCULATED
2013-07-05T01:40:00Z,2013-07-05T07:35:04Z,,,,,,,,CALCULATED
2013-07-05T01:50:00Z,2013-07-05T07:45:04Z,,,,,,,,CALCULATED
2013-07-05T02:00:00Z,2013-07-05T07:55:04Z,,,,,,,,CALCULATED
2013-07-05T02:10:00Z,2013-07-05T08:05:04Z,,,,,,,,CALCULATED
2013-07-05T02:20:00Z,2013-07-05T08:15:04Z,,,,,,,,CALCULATED
2013-07-05T02:30:00Z,2013-07-05T08:25:04Z,,,,,,,,CALCULATED
2013-07-05T02:40:00Z,2013-07-05T08:35:04Z,,,,,,,,CALCULATED
2013-07-05T02:50:00Z,2013-07-05T08:45:04Z,,,,,,,,CALCULATED
2013-07-05T03:00:00Z,2013-07-05T08:55:04Z,,,,,,,,CALCULATED
2013-07-05T03:10:00Z,2013-07-05T09:05:04Z,,,,,,,,CALCULATED
2013-07-05T03:20:00Z,2013-07-05T09:15:04Z,,,,,,,,CALCULATED
2013-07-05T03:30:00Z,2013-07-05T09:25:04Z,,,,,,,,CALCULATED
2013-07-05T03:40:00Z,2013-07-05T09:35:04Z,,,,,,,,CALCULATED
2013-07-05T03:50:00Z,2013-07-05T09:45:04Z,,,,,,,,CALCULATED
2013-07-05T04:00:00Z,2013-07-05T09:55:04Z,,,,,,,,CALCULATED
2013-07-05T04:10:00Z,2013-07-05T10:05:04Z,,,,,,,,CALCULATED
2013-07-05T04:20:00Z,2013-07-05T10:15:04Z,,,,,,,,CALCULATED
2013-07-05T04:30:00Z,2013-07-05T10:25:04Z,,,,,,,,CALCULATED
2013-07-05T04:40:00Z,2013-07-05T10:35:04Z,,,,,,,,CALCULATED
2013-07-05T04:50:00Z,2013-07-05T10:45:04Z,,,,,,,,CALCULATED
2013-07-05T05:00:00Z,2013-07-05T10:55:04Z,,,,,,,,CALCULATED
2013-07-05T05:10:00Z,2013-07-05T11:05:04Z,,,,,,,,CALCULATED
2013-07-05T05:20:00Z,2013-07-05T11:15:04Z,,,,,,,,CALCULATED
2013-07-05T05:30:00Z,2013-07-05T11:25:04Z,,,,,,,,CALCULATED
2013-07-05T05:40:00Z,2013-07-05T11:35:04Z,,,,,,,,CALCULATED
2013-07-05T05:50:00Z,2013-07-05T11:45:04Z,,,,,,,,CALCULATED
2013-07-05T06:00:00Z,2013-07-05T11:55:04Z,,,,,,,,CALCULATED
2013-07-05T06:10:00Z,2013-07-05T12:05:04Z,,,,,,,,CALCULATED
2013-07-05T06:20:00Z,2013-07-05T12:15:04Z,,,,,,,,CALCULATED
2013-07-05T06:30:00Z,2013-07-05T12:25:04Z,,,,,,,,CALCULATED
2013-07-05T06:40:00Z,2013-07-05T12:35:04Z,,,,,,,,CALCULATED
2013-07-05T06:50:00Z,2013-07-05T12:45:04Z,,,,,,,,CALCULATED
2013-07-05T07:00:00Z,2013-07-05T12:55:04Z,,,,,,,,CALCULATED
2013-07-05T07:10:00Z,2013-07-05T13:05:04Z,,,,,,,,CALCULATED
2013-07-05T07:20:00Z,2013-07-05T13:15:04Z,,,,,,,,CALCULATED
2013-07-05T07:30:00Z,2013-07-05T13:25:04Z,,,,,,,,CALCULATED
2013-07-05T07:40:00Z,2013-07-05T13:35:04Z,,,,,,,,CALCULATED
2013-07-05T07:50:00Z,2013-07-05T13:45:04Z,,,,,,,,CALCULATED
2013-07-05T08:00:00Z,2013-07-05T13:55:04Z,,,,,,,,CALCULATED
2013-07-05T08:10:00Z,2013-07-05T14:05:04Z,,,,,,,,CALCULATED
2013-07-05T08:20:00Z,2013-07-05T14:15:04Z,,,,,,,,CALCULATED
2013-07-05T08:30:00Z,2013-07-05T14:25:04Z,,,,,,,,CALCULATED
2013-07-05T08:40:00Z,2013-07-05T14:35:04Z,,,,,,,,CALCULATED
2013-07-05T08:50:00Z,2013-07-05T14:45:04Z,,,,,,,,CALCULATED
2013-07-05T09:00:00Z,2013-07-05T14:55:04Z,,,,,,,,CALCULATED
2013-07-05T09:10:00Z,2013-07-05T15:05:04Z,,,,,,,,CALCULATED
2013-07-05T09:20:00Z,2013-07-05T15:15:04Z,,,,,,,,CALCULATED
2013-07-05T09:30:00Z,2013-07-05T15:25:04Z,,,,,,,,CALCULATED
2013-07-05T09:40:00Z,2013-07-05T15:35:04Z,,,,,,,,CALCULATED
2013-07-05T09:50:00Z,2013-07-05T15:45:04Z,,,,,,,,CALCULATED
2013-07-05T10:00:00Z,2013-07-05T15:55:04Z,,,,,,,,CALCULATED
2013-07-05T10:10:00Z,2013-07-05T16:05:04Z,,,,,,,,CALCULATED
2013-07-05T10:20:00Z,2013-07-05T16:15:04Z,,,,,,,,CALCULATED
2013-07-05T10:30:00Z,2013-07-05T16:25:04Z,,,,,,,,CALCULATED
2013-07-05T10:40:00Z,2013-07-05T16:35:04Z,,,,,,,,CALCULATED
2013-07-05T10:50:00Z,2013-07-05T16:45:04Z,,,,,,,,CALCULATED
2013-07-05T11:00:00Z,2013-07-05T16:55:04Z,,,,,,,,CALCULATED
2013-07-05T11:10:00Z,2013-07-05T17:05:04Z,,,,,,,,CALCULATED
2013-07-05T11:20:00Z,2013-07-05T17:15:04Z,,,,,,,,CALCULATED
2013-07-05T11:30:00Z,2013-07-05T17:25:04Z,,,,,,,,CALCULATED
2013-07-05T11:40:00Z,2013-07-05T17:35:04Z,,,,,,,,CALCULATED
2013-07-05T11:50:00Z,2013-07-05T17:45:04Z,,,,,,,,CALCULATED
2013-07-05T12:00:00Z,2013-07-05T17:55:04Z,,,,,,,,CALCULATED
2013-07-05T12:10:00Z,2013-07-05T18:05:04Z,,,,,,,,CALCULATED
2013-07-05T12:20:00Z,2013-07-05T18:15:04Z,,,,,,,,CALCULATED
2013-07-05T12:30:00Z,2013-07-05T18:25:04Z,,,,,,,,CALCULATED
2013-07-05T12:40:00Z,2013-07-05T18:35:04Z,,,,,,OUT_WARN,,CALCULATED
2013-07-05T12:50:00Z,2013-07-05T18:45:04Z,,,,,,OUT_WARN,,CALCULATED
2013-07-05T13:00:00Z,2013-07-05T18:55:04Z,,,,,,,,CALCULATED
2013-07-05T13:10:00Z,2013-07-05T19:05:04Z,,,,,,,,CALCULATED
2013-07-05T13:20:00Z,2013-07-05T19:15:04Z,,,,,,,,CALCULATED
2013-07-05T13:30:00Z,2013-07-05T19:25:04Z,,,,,,,,CALCULATED
2013-07-05T13:40:00Z,2013-07-05T19:35:04Z,,,,,,,,CALCULATED
2013-07-05T13:50:00Z,2013-07-05T19:45:04Z,,,,,,,,CALCULATED
2013-07-05T14:00:00Z,2013-07-05T19:55:04Z,,,,,,,,CALCULATED
2013-07-05T14:10:00Z,2013-07-05T20:05:04Z,,,,,,,,CALCULATED
2013-07-05T14:20:00Z,2013-07-05T20:15:04Z,,,,,,,,CALCULATED
2013-07-05T14:30:00Z,2013-07-05T20:25:04Z,,,,,,,,CALCULATED
2013-07-05T14:40:00Z,2013-07-05T20:35:04Z,,,,,,,,CALCULATED
2013-07-05T14:50:00Z,2013-07-05T20:45:04Z,,,,,,,,CALCULATED
2013-07-05T15:00:00Z,2013-07-05T20:55:04Z,,,,,,,,CALCULATED
2013-07-05T15:10:00Z,2013-07-05T21:05:04Z,,,,,,,,CALCULATED
2013-07-05T15:20:00Z,2013-07-05T21:15:04Z,,,,,,,,CALCULATED
2013-07-05T15:30:00Z,2013-07-05T21:25:04Z,,,,,,,,CALCULATED
2013-07-05T15:40:00Z,2013-07-05T21:35:04Z,,,,,,,,CALCULATED
2013-07-05T15:50:00Z,2013-07-05T21:45:04Z,,,,,,,,CALCULATED
2013-07-05T16:00:00Z,2013-07-05T21:55:04Z,,,,,,,,CALCULATED
2013-07-05T16:10:00Z,2013-07-05T22:05:04Z,,,,,,,,CALCULATED
2013-07-05T16:20:00Z,2013-07-05T22:15:04Z,,,,,,,,CALCULATED
2013-07-05T16:30:00Z,2013-07-05T22:25:04Z,,,,,,,,CALCULATED
2013-07-05T16:40:00Z,2013-07-05T22:35:04Z,,,,,,,,CALCULATED
2013-07-05T16:50:00Z,2013-07-05T22:45:04Z,,,,,,,,CALCULATED
2013-07-05T17:00:00Z,2013-07-05T22:55:04Z,,,,,,,,CALCULATED
2013-07-05T17:10:00Z,2013-07-05T23:05:04Z,,,,,,,,CALCULATED
2013-07-05T17:20:00Z,2013-07-05T23:15:04Z,,,,,,,,CALCULATED
2013-07-05T17:30:00Z,2013-07-05T23:25:04Z,,,,,,,,CALCULATED
2013-07-05T17:40:00Z,2013-07-05T23:35:04Z,,,,,,,,CALCULATED
2013-07-05T17:50:00Z,2013-07-05T23:45:04Z,,,,,,,,CALCULATED
2013-07-05T18:00:00Z,2013-07-05T23:55:04Z,,,,,,,,CALCULATED
2013-07-05T18:10:00Z,2013-07-06T00:04:56Z,,,,,,,,CALCULATED
2013-07-05T18:20:00Z,2013-07-06T00:14:56Z,,,,,,,,CALCULATED
2013-07-05T18:30:00Z,2013-07-06T00:24:56Z,,,,,,,,CALCULATED
2013-07-05T18:40:00Z,2013-07-06T00:34:56Z,,,,,,,,CALCULATED
2013-07-05T18:50:00Z,2013-07-06T00:44:56Z,,,,,,,,CALCULATED
2013-07-05T19:00:00Z,2013-07-06T00:54:56Z,,,,,,,,CALCULATED
2013-07-05T19:10:00Z,2013-07-06T01:04:56Z,,,,,,,,CALCULATED
2013-07-05T19:20:00Z,2013-07-06T01:14:56Z,,,,,,,,CALCULATED
2013-07-05T19:30:00Z,2013-07-06T01:24:56Z,,,,,,,,CALCULATED
2013-07-05T19:40:00Z,2013-07-06T01:34:56Z,,,,,,,,CALCULATED
2013-07-05T19:50:00Z,2013-07-06T01:44:56Z,,,,,,,,CALCULATED
2013-07-05T20:00:00Z,2013-07-06T01:54:56Z,,,,,,,,CALCULATED
2013-07-05T20:10:00Z,2013-07-06T02:04:56Z,,,,,,,,CALCULATED
2013-07-05T20:20:00Z,2013-07-06T02:14:56Z,,,,,,,,CALCULATED
2013-07-05T20:30:00Z,2013-07-06T02:24:56Z,,,,,,,,CALCULATED
2013-07-05T20:40:00Z,2013-07-06T02:34:56Z,,,,,,,,CALCULATED
2013-07-05T20:50:00Z,2013-07-06T02:44:56Z,,,,,,,,CALCULATED
2013-07-05T21:00:00Z,2013-07-06T02:54:56Z,,,,,,,,CALCULATED
2013-07-05T21:10:00Z,2013-07-06T03:04:56Z,,,,,,,,CALCULATED
2013-07-05T21:20:00Z,2013-07-06T03:14:56Z,,,,,,,,CALCULATED
2013-07-05T21:30:00Z,2013-07-06T03:24:56Z,,,,,,,,CALCULATED
2013-07-05T21:40:00Z,2013-07-06T03:34:56Z,,,,,,,,CALCULATED
2013-07-05T21:50:00Z,2013-07-06T03:44:56Z,,,,,,,,CALCULATED
2013-07-05T22:00:00Z,2013-07-06T03:54:56Z,,,,,,,,CALCULATED
2013-07-05T22:10:00Z,2013-07-06T04:04:56Z,,,,,,,,CALCULATED
2013-07-05T22:20:00Z,2013-07-06T04:14:56Z,,,,,,,,CALCULATED
2013-07-05T22:30:00Z,2013-07-06T04:24:56Z,,,,,,,,CALCULATED
2013-07-05T22:40:00Z,2013-07-06T04:34:56Z,,,,,,,,CALCULATED
2013-07-05T22:50:00Z,2013-07-06T04:44:56Z,,,,,,,,CALCULATED
2013-07-05T23:00:00Z,2013-07-06T04:54:56Z,,,,,,,,CALCULATED
2013-07-05T23:10:00Z,2013-07-06T05:04:56Z,,,,,,,,CALCULATED
2013-07-05T23:20:00Z,2013-07-06T05:14:56Z,,,,,,,,CALCULATED
2013-07-05T23:30:00Z,2013-07-06T05:24:56Z,,,,,,,,CALCULATED
2013-07-05T23:40:00Z,2013-07-06T05:34:56Z,,,,,,,,CALCULATED
2013-07-05T23:50:00Z,2013-07-06T05:44:56Z,,,,,,,,CALCULATED
2013-07-06T00:00:00Z,2013-07-06T05:54:56Z,,,,,,,,CALCULATED
2013-07-06T00:10:00Z,2013-07-06T06:04:56Z,,,,,,,,CALCULATED
2013-07-06T00:20:00Z,2013-07-06T06:14:56Z,,,,,,,,CALCULATED
2013-07-06T00:30:00Z,2013-07-06T06:24:56Z,,,,,,,,CALCULATED
2013-07-06T00:40:00Z,2013-07-06T06:34:56Z,,,,,,,,CALCULATED
2013-07-06T00:50:00Z,2013-07-06T06:44:56Z,,,,,,,,CALCULATED
2013-07-06T01:00:00Z,2013-07-06T06:54:56Z,,,,,,,,CALCULATED
2013-07-06T01:10:00Z,2013-07-06T07:04:56Z,,,,,,,,CALCULATED
2013-07-06T01:20:00Z,2013-07-06T07:14:56Z,,,,,,,,CALCULATED
2013-07-06T01:30:00Z,2013-07-06T07:24:56Z,,,,,,,,CALCULATED
2013-07-06T01:40:00Z,2013-07-06T07:34:56Z,,,,,,,,CALCULATED
2013-07-06T01:50:00Z,2013-07-06T07:44:56Z,,,,,,,,CALCULATED
2013-07-06T02:00:00Z,2013-07-06T07:54:56Z,,,,,,,,CALCULATED
2013-07-06T02:10:00Z,2013-07-06T08:04:56Z,,,,,,,,CALCULATED
2013-07-06T02:20:00Z,2013-07-06T08:14:56Z,,,,,,,,CALCULATED
2013-07-06T02:30:00Z,2013-07-06T08:24:56Z,,,,,,,,CALCULATED
2013-07-06T02:40:00Z,2013-07-06T08:34:56Z,,,,,,,,CALCULATED
2013-07-06T02:50:00Z,2013-07-06T08:44:56Z,,,,,,,,CALCULATED
2013-07-06T03:00:00Z,2013-07-06T08:54:56Z,,,,,,,,CALCULATED
2013-07-06T03:10:00Z,2013-07-06T09:04:56Z,,,,,,,,CALCULATED
2013-07-06T03:20:00Z,2013-07-06T09:14:56Z,,,,,,,,CALCULATED
2013-07-06T03:30:00Z,2013-07-06T09:24:56Z,,,,,,,,CALCULATED
2013-07-06T03:40:00Z,2013-07-06T09:34:56Z,,,,,,,,CALCULATED
2013-07-06T03:50:00Z,2013-07-06T09:44:56Z,,,,,,,,CALCULATED
2013-07-06T04:00:00Z,2013-07-06T09:54:56Z,,,,,,,,CALCULATED
2013-07-06T04:10:00Z,2013-07-06T10:04:56Z,,,,,,,,CALCULATED
2013-07-06T04:20:00Z,2013-07-06T10:14:56Z,,,,,,,,CALCULATED
2013-07-06T04:30:00Z,2013-07-06T10:24:56Z,,,,,,,,CALCULATED
2013-07-06T04:40:00Z,2013-07-06T10:34:56Z,,,,,,,,CALCULATED
2013-07-06T04:50:00Z,2013-07-06T10:44:56Z,,,,,,,,CALCULATED
2013-07-06T05:00:00Z,2013-07-06T10:54:56Z,,,,,,,,CALCULATED
2013-07-06T05:10:00Z,2013-07-06T11:04:56Z,,,,,,,,CALCULATED
2013-07-06T05:20:00Z,2013-07-06T11:14:56Z,,,,,,,,CALCULATED
2013-07-06T05:30:00Z,2013-07-06T11:24:56Z,,,,,,,,CALCULATED
2013-07-06T05:40:00Z,2013-07-06T11:34:56Z,,,,,,,,CALCULATED
2013-07-06T05:50:00Z,2013-07-06T11:44:56Z,,,,,,,,CALCULATED
2013-07-06T06:00:00Z,2013-07-06T11:54:56Z,,,,,,,,CALCULATED
2013-07-06T06:10:00Z,2013-07-06T12:04:56Z,,,,,,,,CALCULATED
2013-07-06T06:20:00Z,2013-07-06T12:14:56Z,,,,,,,,CALCULATED
2013-07-06T06:30:00Z,2013-07-06T12:24:56Z,,,,,,,,CALCULATED
2013-07-06T06:40:00Z,2013-07-06T12:34:56Z,,,,,,,,CALCULATED
2013-07-06T06:50:00Z,2013-07-06T12:44:56Z,,,,,,,,CALCULATED
2013-07-06T07:00:00Z,2013-07-06T12:54:56Z,,,,,,,,CALCULATED
2013-07-06T07:10:00Z,2013-07-06T13:04:56Z,,,,,,,,CALCULATED
2013-07-06T07:20:00Z,2013-07-06T13:14:56Z,,,,,,,,CALCULATED
2013-07-06T07:30:00Z,2013-07-06T13:24:56Z,,,,,,,,CALCULATED
2013-07-06T07:40:00Z,2013-07-06T13:34:56Z,,,,,,,,CALCULATED
2013-07-06T07:50:00Z,2013-07-06T13:44:56Z,,,,,,,,CALCULATED
2013-07-06T08:00:00Z,2013-07-06T13:54:56Z,,,,,,,,CALCULATED
2013-07-06T08:10:00Z,2013-07-06T14:04:56Z,,,,,,,,CALCULATED
2013-07-06T08:20:00Z,2013-07-06T14:14:56Z,,,,,,,,CALCULATED
2013-07-06T08:30:00Z,2013-07-06T14:24:56Z,,,,,,,,CALCULATED
2013-07-06T08:40:00Z,2013-07-06T14:34:56Z,,,,,,,,CALCULATED
2013-07-06T08:50:00Z,2013-07-06T14:44:56Z,,,,,,,,CALCULATED
2013-07-06T09:00:00Z,2013-07-06T14:54:56Z,,,,,,,,CALCULATED
2013-07-06T09:10:00Z,2013-07-06T15:04:56Z,,,,,,,,CALCULATED
2013-07-06T09:20:00Z,2013-07-06T15:14:56Z,,,,,,,,CALCULATED
2013-07-06T09:30:00Z,2013-07-06T15:24:56Z,,,,,,,,CALCULATED
2013-07-06T09:40:00Z,2013-07-06T15:34:56Z,,,,,,,,CALCULATED
2013-07-06T09:50:00Z,2013-07-06T15:44:56Z,,,,,,,,CALCULATED
2013-07-06T10:00:00Z,2013-07-06T15:54:56Z,,,,,,,,CALCULATED
2013-07-06T10:10:00Z,2013-07-06T16:04:56Z,,,,,,,,CALCULATED
2013-07-06T10:20:00Z,2013-07-06T16:14:56Z,,,,,,,,CALCULATED
2013-07-06T10:30:00Z,2013-07-06T16:24:56Z,,,,,,,,CALCULATED
2013-07-06T10:40:00Z,2013-07-06T16:34:56Z,,,,,,,,CALCULATED
2013-07-06T10:50:00Z,2013-07-06T16:44:56Z,,,,,,,,CALCULATED
2013-07-06T11:00:00Z,2013-07-06T16:54:56Z,,,,,,,,CALCULATED
2013-07-06T11:10:00Z,2013-07-06T17:04:56Z,,,,,,,,CALCULATED
2013-07-06T11:20:00Z,2013-07-06T17:14:56Z,,,,,,,,CALCULATED
2013-07-06T11:30:00Z,2013-07-06T17:24:56Z,,,,,,,,CALCULATED
2013-07-06T11:40:00Z,2013-07-06T17:34:56Z,,,,,,,,CALCULATED
2013-07-06T11:50:00Z,2013-07-06T17:44:56Z,,,,,,,,CALCULATED
2013-07-06T12:00:00Z,2013-07-06T17:54:56Z,,,,,,,,CALCULATED
2013-07-06T12:10:00Z,2013-07-06T18:04:56Z,,,,,,,,CALCULATED
2013-07-06T12:20:00Z,2013-07-06T18:14:56Z,,,,,,,,CALCULATED
2013-07-06T12:30:00Z,2013-07-06T18:24:56Z,,,,,,,,CALCULATED
2013-07-06T12:40:00Z,2013-07-06T18:34:56Z,,,,,,,,CALCULATED
2013-07-06T12:50:00Z,2013-07-06T18:44:56Z,,,,,,,,CALCULATED
2013-07-06T13:00:00Z,2013-07-06T18:54:56Z,,,,,,,,CALCULATED
2013-07-06T13:10:00Z,2013-07-06T19:04:56Z,,,,,,,,CALCULATED
2013-07-06T13:20:00Z,2013-07-06T19:14:56Z,,,,,,,,CALCULATED
2013-07-06T13:30:00Z,2013-07-06T19:24:56Z,,,,,,,,CALCULATED
2013-07-06T13:40:00Z,2013-07-06T19:34:56Z,,,,,,,,CALCULATED
2013-07-06T13:50:00Z,2013-07-06T19:44:56Z,,,,,,,,CALCULATED
2013-07-06T14:00:00Z,2013-07-06T19:54:56Z,,,,,,,,CALCULATED
2013-07-06T14:10:00Z,2013-07-06T20:04:56Z,,,,,,,,CALCULATED
2013-07-06T14:20:00Z,2013-07-06T20:14:56Z,,,,,,,,CALCULATED
2013-07-06T14:30:00Z,2013-07-06T20:24:56Z,,,,,,,,CALCULATED
2013-07-06T14:40:00Z,2013-07-06T20:34:56Z,,,,,,,,CALCULATED
2013-07-06T14:50:00Z,2013-07-06T20:44:56Z,,,,,,,,CALCULATED
2013-07-06T15:00:00Z,2013-07-06T20:54:56Z,,,,,,,,CALCULATED
2013-07-06T15:10:00Z,2013-07-06T21:04:56Z,,,,,,,,CALCULATED
2013-07-06T15:20:00Z,2013-07-06T21:14:56Z,,,,,,,,CALCULATED
2013-07-06T15:30:00Z,2013-07-06T21:24:56Z,,,,,,,,CALCULATED
2013-07-06T15:40:00Z,2013-07-06T21:34:56Z,,,,,,,,CALCULATED
2013-07-06T15:50:00Z,2013-07-06T21:44:56Z,,,,,,,,CALCULATED
2013-07-06T16:00:00Z,2013-07-06T21:54:56Z,,,,,,,,CALCULATED
2013-07-06T16:10:00Z,2013-07-06T22:04:56Z,,,,,,,,CALCULATED
2013-07-06T16:20:00Z,2013-07-06T22:14:56Z,,,,,,,,CALCULATED
2013-07-06T16:30:00Z,2013-07-06T22:24:56Z,,,,,,,,CALCULATED
2013-07-06T16:40:00Z,2013-07-06T22:34:56Z,,,,,,,,CALCULATED
2013-07-06T16:50:00Z,2013-07-06T22:44:56Z,,,,,,,,CALCULATED
2013-07-06T17:00:00Z,2013-07-06T22:54:56Z,,,,,,,,CALCULATED
2013-07-06T17:10:00Z,2013-07-06T23:04:56Z,,,,,,,,CALCULATED
2013-07-06T17:20:00Z,2013-07-06T23:14:56Z,,,,,,,,CALCULATED
2013-07-06T17:30:00Z,2013-07-06T23:24:56Z,,,,,,,,CALCULATED
2013-07-06T17:40:00Z,2013-07-06T23:34:56Z,,,,,,,,CALCULATED
2013-07-06T17:50:00Z,2013-07-06T23:44:56Z,,,,,,,,CALCULATED
2013-07-06T18:00:00Z,2013-07-06T23:54:56Z,,,,,,,,CALCULATED
2013-07-06T18:10:00Z,2013-07-07T00:04:47Z,,,,,,,,CALCULATED
2013-07-06T18:20:00Z,2013-07-07T00:14:47Z,,,,,,,,CALCULATED
2013-07-06T18:30:00Z,2013-07-07T00:24:47Z,,,,,,,,CALCULATED
2013-07-06T18:40:00Z,2013-07-07T00:34:47Z,,,,,,,,CALCULATED
2013-07-06T18:50:00Z,2013-07-07T00:44:47Z,,,,,,,,CALCULATED
2013-07-06T19:00:00Z,2013-07-07T00:54:47Z,,,,,,,,CALCULATED
2013-07-06T19:10:00Z,2013-07-07T01:04:47Z,,,,,,,,CALCULATED
2013-07-06T19:20:00Z,2013-07-07T01:14:47Z,,,,,,,,CALCULATED
2013-07-06T19:30:00Z,2013-07-07T01:24:47Z,,,,,,,,CALCULATED
2013-07-06T19:40:00Z,2013-07-07T01:34:47Z,,,,,,,,CALCULATED
2013-07-06T19:50:00Z,2013-07-07T01:44:47Z,,,,,,,,CALCULATED
2013-07-06T20:00:00Z,2013-07-07T01:54:47Z,,,,,,,,CALCULATED
2013-07-06T20:10:00Z,2013-07-07T02:04:47Z,,,,,,,,CALCULATED
2013-07-06T20:20:00Z,2013-07-07T02:14:47Z,,,,,,,,CALCULATED
2013-07-06T20:30:00Z,2013-07-07T02:24:47Z,,,,,,,,CALCULATED
2013-07-06T20:40:00Z,2013-07-07T02:34:47Z,,,,,,,,CALCULATED
2013-07-06T20:50:00Z,2013-07-07T02:44:47Z,,,,,,,,CALCULATED
2013-07-06T21:00:00Z,2013-07-07T02:54:47Z,,,,,,,,CALCULATED
2013-07-06T21:10:00Z,2013-07-07T03:04:47Z,,,,,,,,CALCULATED
2013-07-06T21:20:00Z,2013-07-07T03:14:47Z,,,,,,,,CALCULATED
2013-07-06T21:30:00Z,2013-07-07T03:24:47Z,,,,,,,,CALCULATED
2013-07-06T21:40:00Z,2013-07-07T03:34:47Z,,,,,,,,CALCULATED
2013-07-06T21:50:00Z,2013-07-07T03:44:47Z,,,,,,,,CALCULATED
2013-07-06T22:00:00Z,2013-07-07T03:54:47Z,,,,,,,,CALCULATED
2013-07-06T22:10:00Z,2013-07-07T04:04:47Z,,,,,,,,CALCULATED
2013-07-06T22:20:00Z,2013-07-07T04:14:47Z,,,,,,,,CALCULATED
2013-07-06T22:30:00Z,2013-07-07T04:24:47Z,,,,,,,,CALCULATED
2013-07-06T22:40:00Z,2013-07-07T04:34:47Z,,,,,,,,CALCULATED
2013-07-06T22:50:00Z,2013-07-07T04:44:47Z,,,,,,,,CALCULATED
2013-07-06T23:00:00Z,2013-07-07T04:54:47Z,,,,,,,,CALCULATED
2013-07-06T23:10:00Z,2013-07-07T05:04:47Z,,,,,,,,CALCULATED
2013-07-06T23:20:00Z,2013-07-07T05:14:47Z,,,,,,,,CALCULATED
2013-07-06T23:30:00Z,2013-07-07T05:24:47Z,,,,,,,,CALCULATED
2013-07-06T23:40:00Z,2013-07-07T05:34:47Z,,,,,,,,CALCULATED
2013-07-06T23:50:00Z,2013-07-07T05:44:47Z,,,,,,,,CALCULATED
2013-07-07T00:00:00Z,2013-07-07T05:54:47Z,,,,,,,,CALCULATED
2013-07-07T00:10:00Z,2013-07-07T06:04:47Z,,,,,,,,CALCULATED
2013-07-07T00:20:00Z,2013-07-07T06:14:47Z,,,,,,,,CALCULATED
2013-07-07T00:30:00Z,2013-07-07T06:24:47Z,,,,,,,,CALCULATED
2013-07-07T00:40:00Z,2013-07-07T06:34:47Z,,,,,,,,CALCULATED
2013-07-07T00:50:00Z,2013-07-07T06:44:47Z,,,,,,,,CALCULATED
2013-07-07T01:00:00Z,2013-07-07T06:54:47Z,,,,,,,,CALCULATED
2013-07-07T01:10:00Z,2013-07-07T07:04:47Z,,,,,,,,CALCULATED
2013-07-07T01:20:00Z,2013-07-07T07:14:47Z,,,,,,,,CALCULATED
2013-07-07T01:30:00Z,2013-07-07T07:24:47Z,,,,,,,,CALCULATED
2013-07-07T01:40:00Z,2013-07-07T07:34:47Z,,,,,,,,CALCULATED
2013-07-07T01:50:00Z,2013-07-07T07:44:47Z,,,,,,,,CALCULATED
2013-07-07T02:00:00Z,2013-07-07T07:54:47Z,,,,,,,,CALCULATED
2013-07-07T02:10:00Z,2013-07-07T08:04:47Z,,,,,,,,CALCULATED
2013-07-07T02:20:00Z,2013-07-07T08:14:47Z,,,,,,,,CALCULATED
2013-07-07T02:30:00Z,2013-07-07T08:24:47Z,,,,,,,,CALCULATED
2013-07-07T02:40:00Z,2013-07-07T08:34:47Z,,,,,,,,CALCULATED
2013-07-07T02:50:00Z,2013-07-07T08:44:47Z,,,,,,,,CALCULATED
2013-07-07T03:00:00Z,2013-07-07T08:54:47Z,,,,,,,,CALCULATED
2013-07-07T03:10:00Z,2013-07-07T09:04:47Z,,,,,,,,CALCULATED
2013-07-07T03:20:00Z,2013-07-07T09:14:47Z,,,,,,,,CALCULATED
2013-07-07T03:30:00Z,2013-07-07T09:24:47Z,,,,,,,,CALCULATED
2013-07-07T03:40:00Z,2013-07-07T09:34:47Z,,,,,,,,CALCULATED
2013-07-07T03:50:00Z,2013-07-07T09:44:47Z,,,,,,,,CALCULATED
2013-07-07T04:00:00Z,2013-07-07T09:54:47Z,,,,,,,,CALCULATED
2013-07-07T04:10:00Z,2013-07-07T10:04:47Z,,,,,,,,CALCULATED
2013-07-07T04:20:00Z,2013-07-07T10:14:47Z,,,,,,,,CALCULATED
2013-07-07T04:30:00Z,2013-07-07T10:24:47Z,,,,,,,,CALCULATED
2013-07-07T04:40:00Z,2013-07-07T10:34:47Z,,,,,,,,CALCULATED
2013-07-07T04:50:00Z,2013-07-07T10:44:47Z,,,,,,,,CALCULATED
2013-07-07T05:00:00Z,2013-07-07T10:54:47Z,,,,,,,,CALCULATED
2013-07-07T05:10:00Z,2013-07-07T11:04:47Z,,,,,,,,CALCULATED
2013-07-07T05:20:00Z,2013-07-07T11:14:47Z,,,,,,,,CALCULATED
2013-07-07T05:30:00Z,2013-07-07T11:24:47Z,,,,,,,,CALCULATED
2013-07-07T05:40:00Z,2013-07-07T11:34:47Z,,,,,,,,CALCULATED
2013-07-07T05:50:00Z,2013-07-07T11:44:47Z,,,,,,,,CALCULATED
2013-07-07T06:00:00Z,2013-07-07T11:54:47Z,,,,,,,,CALCULATED
2013-07-07T06:10:00Z,2013-07-07T12:04:47Z,,,,,,,,CALCULATED
2013-07-07T06:20:00Z,2013-07-07T12:14:47Z,,,,,,,,CALCULATED
2013-07-07T06:30:00Z,2013-07-07T12:24:47Z,,,,,,,,CALCULATED
2013-07-07T06:40:00Z,2013-07-07T12:34:47Z,,,,,,,,CALCULATED
2013-07-07T06:50:00Z,2013-07-07T12:44:47Z,,,,,,,,CALCULATED
2013-07-07T07:00:00Z,2013-07-07T12:54:47Z,,,,,,,,CALCULATED
2013-07-07T07:10:00Z,2013-07-07T13:04:47Z,,,,,,,,CALCULATED
2013-07-07T07:20:00Z,2013-07-07T13:14:47Z,,,,,,,,CALCULATED
2013-07-07T07:30:00Z,2013-07-07T13:24:47Z,,,,,,,,CALCULATED
2013-07-07T07:40:00Z,2013-07-07T13:34:47Z,,,,,,,,CALCULATED
2013-07-07T07:50:00Z,2013-07-07T13:44:47Z,,,,,,,,CALCULATED
2013-07-07T08:00:00Z,2013-07-07T13:54:47Z,,,,,,,,CALCULATED
2013-07-07T08:10:00Z,2013-07-07T14:04:47Z,,,,,,,,CALCULATED
2013-07-07T08:20:00Z,2013-07-07T14:14:47Z,,,,,,,,CALCULATED
2013-07-07T08:30:00Z,2013-07-07T14:24:47Z,,,,,,,,CALCULATED
2013-07-07T08:40:00Z,2013-07-07T14:34:47Z,,,,,,,,CALCULATED
2013-07-07T08:50:00Z,2013-07-07T14:44:47Z,,,,,,,,CALCULATED
2013-07-07T09:00:00Z,2013-07-07T14:54:47Z,,,,,,,,CALCULATED
2013-07-07T09:10:00Z,2013-07-07T15:04:47Z,,,,,,,,CALCULATED
2013-07-07T09:20:00Z,2013-07-07T15:14:47Z,,,,,,,,CALCULATED
2013-07-07T09:30:00Z,2013-07-07T15:24:47Z,,,,,,,,CALCULATED
2013-07-07T09:40:00Z,2013-07-07T15:34:47Z,,,,,,,,CALCULATED
2013-07-07T09:50:00Z,2013-07-07T15:44:47Z,,,,,,,,CALCULATED
2013-07-07T10:00:00Z,2013-07-07T15:54:47Z,,,,,,,,CALCULATED
2013-07-07T10:10:00Z,2013-07-07T16:04:47Z,,,,,,,,CALCULATED
2013-07-07T10:20:00Z,2013-07-07T16:14:47Z,,,,,,,,CALCULATED
2013-07-07T10:30:00Z,2013-07-07T16:24:47Z,,,,,,,,CALCULATED
2013-07-07T10:40:00Z,2013-07-07T16:34:47Z,,,,,,,,CALCULATED
2013-07-07T10:50:00Z,2013-07-07T16:44:47Z,,,,,,,,CALCULATED
2013-07-07T11:00:00Z,2013-07-07T16:54:47Z,,,,,,,,CALCULATED
2013-07-07T11:10:00Z,2013-07-07T17:04:47Z,,,,,,,,CALCULATED
2013-07-07T11:20:00Z,2013-07-07T17:14:47Z,,,,,,,,CALCULATED
2013-07-07T11:30:00Z,2013-07-07T17:24:47Z,,,,,,,,CALCULATED
2013-07-07T11:40:00Z,2013-07-07T17:34:47Z,,,,,,,,CALCULATED
2013-07-07T11:50:00Z,2013-07-07T17:44:47Z,,,,,,,,CALCULATED
2013-07-07T12:00:00Z,2013-07-07T17:54:47Z,,,,,,,,CALCULATED
2013-07-07T12:10:00Z,2013-07-07T18:04:47Z,,,,,,,,CALCULATED
2013-07-07T12:20:00Z,2013-07-07T18:14:47Z,,,,,,,,CALCULATED
2013-07-07T12:30:00Z,2013-07-07T18:24:47Z,,,,,,,,CALCULATED
2013-07-07T12:40:00Z,2013-07-07T18:34:47Z,,,,,,,,CALCULATED
2013-07-07T12:50:00Z,2013-07-07T18:44:47Z,,,,,,,,CALCULATED
2013-07-07T13:00:00Z,2013-07-07T18:54:47Z,,,,,,,,CALCULATED
2013-07-07T13:10:00Z,2013-07-07T19:04:47Z,,,,,,,,CALCULATED
2013-07-07T13:20:00Z,2013-07-07T19:14:47Z,,,,,,,,CALCULATED
2013-07-07T13:30:00Z,2013-07-07T19:24:47Z,,,,,,,,CALCULATED
2013-07-07T13:40:00Z,2013-07-07T19:34:47Z,,,,,,,,CALCULATED
2013-07-07T13:50:00Z,2013-07-07T19:44:47Z,,,,,,OUT_WARN,,CALCULATED
2013-07-07T14:00:00Z,2013-07-07T19:54:47Z,,,,,,,,CALCULATED
2013-07-07T14:10:00Z,2013-07-07T20:04:47Z,,,,,,,,CALCULATED
2013-07-07T14:20:00Z,2013-07-07T20:14:47Z,,,,,,,,CALCULATED
2013-07-07T14:30:00Z,2013-07-07T20:24:47Z,,,,,,,,CALCULATED
2013-07-07T14:40:00Z,2013-07-07T20:34:47Z,,,,,,OUT_WARN,,CALCULATED
2013-07-07T14:50:00Z,2013-07-07T20:44:47Z,,,,,,,,CALCULATED
2013-07-07T15:00:00Z,2013-07-07T20:54:47Z,,,,,,,,CALCULATED
2013-07-07T15:10:00Z,2013-07-07T21:04:47Z,,,,,,,,CALCULATED
2013-07-07T15:20:00Z,2013-07-07T21:14:47Z,,,,,,,,CALCULATED
2013-07-07T15:30:00Z,2013-07-07T21:24:47Z,,,,,,,,CALCULATED
2013-07-07T15:40:00Z,2013-07-07T21:34:47Z,,,,,,,,CALCULATED
2013-07-07T15:50:00Z,2013-07-07T21:44:47Z,,,,,,,,CALCULATED
2013-07-07T16:00:00Z,2013-07-07T21:54:47Z,,,,,,,,CALCULATED
2013-07-07T16:10:00Z,2013-07-07T22:04:47Z,,,,,,,,CALCULATED
2013-07-07T16:20:00Z,2013-07-07T22:14:47Z,,,,,,,,CALCULATED
2013-07-07T16:30:00Z,2013-07-07T22:24:47Z,,,,,,,,CALCULATED
2013-07-07T16:40:00Z,2013-07-07T22:34:47Z,,,,,,,,CALCULATED
2013-07-07T16:50:00Z,2013-07-07T22:44:47Z,,,,,,,,CALCULATED
2013-07-07T17:00:00Z,2013-07-07T22:54:47Z,,,,,,,,CALCULATED
2013-07-07T17:10:00Z,2013-07-07T23:04:47Z,,,,,,,,CALCULATED
2013-07-07T17:20:00Z,2013-07-07T23:14:47Z,,,,,,,,CALCULATED
2013-07-07T17:30:00Z,2013-07-07T23:24:47Z,,,,,,,,CALCULATED
2013-07-07T17:40:00Z,2013-07-07T23:34:47Z,,,,,,,,CALCULATED
2013-07-07T17:50:00Z,2013-07-07T23:44:47Z,,,,,,,,CALCULATED
2013-07-07T18:00:00Z,2013-07-07T23:54:47Z,,,,,,,,CALCULATED
2013-07-07T18:10:00Z,2013-07-08T00:04:39Z,,,,,,,,CALCULATED
2013-07-07T18:20:00Z,2013-07-08T00:14:39Z,,,,,,,,CALCULATED
2013-07-07T18:30:00Z,2013-07-08T00:24:39Z,,,,,,,,CALCULATED
2013-07-07T18:40:00Z,2013-07-08T00:34:39Z,,,,,,,,CALCULATED
2013-07-07T18:50:00Z,2013-07-08T00:44:39Z,,,,,,,,CALCULATED
2013-07-07T19:00:00Z,2013-07-08T00:54:39Z,,,,,,,,CALCULATED
2013-07-07T19:10:00Z,2013-07-08T01:04:39Z,,,,,,,,CALCULATED
2013-07-07T19:20:00Z,2013-07-08T01:14:39Z,,,,,,,,CALCULATED
2013-07-07T19:30:00Z,2013-07-08T01:24:39Z,,,,,,,,CALCULATED
2013-07-07T19:40:00Z,2013-07-08T01:34:39Z,,,,,,,,CALCULATED
2013-07-07T19:50:00Z,2013-07-08T01:44:39Z,,,,,,,,CALCULATED
2013-07-07T20:00:00Z,2013-07-08T01:54:39Z,,,,,,,,CALCULATED
2013-07-07T20:10:00Z,2013-07-08T02:04:39Z,,,,,,OUT_WARN,,CALCULATED
2013-07-07T20:20:00Z,2013-07-08T02:14:39Z,,,,,,,,CALCULATED
2013-07-07T20:30:00Z,2013-07-08T02:24:39Z,,,,,,,,CALCULATED
2013-07-07T20:40:00Z,2013-07-08T02:34:39Z,,,,,,,,CALCULATED
2013-07-07T20:50:00Z,2013-07-08T02:44:39Z,,,,,,,,CALCULATED
2013-07-07T21:00:00Z,2013-07-08T02:54:39Z,,,,,,OUT_WARN,,CALCULATED
2013-07-07T21:10:00Z,2013-07-08T03:04:39Z,,,,,,OUT_WARN,,CALCULATED
2013-07-07T21:20:00Z,2013-07-08T03:14:39Z,,,,,,,,CALCULATED
2013-07-07T21:30:00Z,2013-07-08T03:24:39Z,,,,,,,,CALCULATED
2013-07-07T21:40:00Z,2013-07-08T03:34:39Z,,,,,,,,CALCULATED
2013-07-07T21:50:00Z,2013-07-08T03:44:39Z,,,,,,,,CALCULATED
2013-07-07T22:00:00Z,2013-07-08T03:54:39Z,,,,,,,,CALCULATED
2013-07-07T22:10:00Z,2013-07-08T04:04:39Z,,,,,,,,CALCULATED
2013-07-07T22:20:00Z,2013-07-08T04:14:39Z,,,,,,,,CALCULATED
2013-07-07T22:30:00Z,2013-07-08T04:24:39Z,,,,,,,,CALCULATED
2013-07-07T22:40:00Z,2013-07-08T04:34:39Z,,,,,,,,CALCULATED
2013-07-07T22:50:00Z,2013-07-08T04:44:39Z,,,,,,,,CALCULATED
2013-07-07T23:00:00Z,2013-07-08T04:54:39Z,,,,,,,,CALCULATED
2013-07-07T23:10:00Z,2013-07-08T05:04:39Z,,,,,,,,CALCULATED
2013-07-07T23:20:00Z,2013-07-08T05:14:39Z,,,,,,,,CALCULATED
2013-07-07T23:30:00Z,2013-07-08T05:24:39Z,,,,,,,,CALCULATED
2013-07-07T23:40:00Z,2013-07-08T05:34:39Z,,,,,,,,CALCULATED
2013-07-07T23:50:00Z,2013-07-08T05:44:39Z,,,,,,,,CALCULATED
2013-07-08T00:00:00Z,2013-07-08T05:54:39Z,,,,,,,,CALCULATED
2013-07-08T00:10:00Z,2013-07-08T06:04:39Z,,,,,,,,CALCULATED
2013-07-08T00:20:00Z,2013-07-08T06:14:39Z,,,,,,,,CALCULATED
2013-07-08T00:30:00Z,2013-07-08T06:24:39Z,,,,,,,,CALCULATED
2013-07-08T00:40:00Z,2013-07-08T06:34:39Z,,,,,,,,CALCULATED
2013-07-08T00:50:00Z,2013-07-08T06:44:39Z,,,,,,,,CALCULATED
2013-07-08T01:00:00Z,2013-07-08T06:54:39Z,,,,,,,,CALCULATED
2013-07-08T01:10:00Z,2013-07-08T07:04:39Z,,,,,,,,CALCULATED
2013-07-08T01:20:00Z,2013-07-08T07:14:39Z,,,,,,,,CALCULATED
2013-07-08T01:30:00Z,2013-07-08T07:24:39Z,,,,,,,,CALCULATED
2013-07-08T01:40:00Z,2013-07-08T07:34:39Z,,,,,,,,CALCULATED
2013-07-08T01:50:00Z,2013-07-08T07:44:39Z,,,,,,,,CALCULATED
2013-07-08T02:00:00Z,2013-07-08T07:54:39Z,,,,,,,,CALCULATED
2013-07-08T02:10:00Z,2013-07-08T08:04:39Z,,,,,,,,CALCULATED
2013-07-08T02:20:00Z,2013-07-08T08:14:39Z,,,,,,,,CALCULATED
2013-07-08T02:30:00Z,2013-07-08T08:24:39Z,,,,,,,,CALCULATED
2013-07-08T02:40:00Z,2013-07-08T08:34:39Z,,,,,,,,CALCULATED
2013-07-08T02:50:00Z,2013-07-08T08:44:39Z,,,,,,,,CALCULATED
2013-07-08T03:00:00Z,2013-07-08T08:54:39Z,,,,,,,,CALCULATED
2013-07-08T03:10:00Z,2013-07-08T09:04:39Z,,,,,,,,CALCULATED
2013-07-08T03:20:00Z,2013-07-08T09:14:39Z,,,,,,,,CALCULATED
2013-07-08T03:30:00Z,2013-07-08T09:24:39Z,,,,,,,,CALCULATED
2013-07-08T03:40:00Z,2013-07-08T09:34:39Z,,,,,,,,CALCULATED
2013-07-08T03:50:00Z,2013-07-08T09:44:39Z,,,,,,,,CALCULATED
2013-07-08T04:00:00Z,2013-07-08T09:54:39Z,,,,,,,,CALCULATED
2013-07-08T04:10:00Z,2013-07-08T10:04:39Z,,,,,,,,CALCULATED
2013-07-08T04:20:00Z,2013-07-08T10:14:39Z,,,,,,,,CALCULATED
2013-07-08T04:30:00Z,2013-07-08T10:24:39Z,,,,,,,,CALCULATED
2013-07-08T04:40:00Z,2013-07-08T10:34:39Z,,,,,,,,CALCULATED
2013-07-08T04:50:00Z,2013-07-08T10:44:39Z,,,,,,,,CALCULATED
2013-07-08T05:00:00Z,2013-07-08T10:54:39Z,,,,,,,,CALCULATED
2013-07-08T05:10:00Z,2013-07-08T11:04:39Z,,,,,,,,CALCULATED
2013-07-08T05:20:00Z,2013-07-08T11:14:39Z,,,,,,,,CALCULATED
2013-07-08T05:30:00Z,2013-07-08T11:24:39Z,,,,,,,,CALCULATED
2013-07-08T05:40:00Z,2013-07-08T11:34:39Z,,,,,,,,CALCULATED
2013-07-08T05:50:00Z,2013-07-08T11:44:39Z,,,,,,,,CALCULATED
2013-07-08T06:00:00Z,2013-07-08T11:54:39Z,,,,,,,,CALCULATED
2013-07-08T06:10:00Z,2013-07-08T12:04:39Z,,,,,,,,CALCULATED
2013-07-08T06:20:00Z,2013-07-08T12:14:39Z,,,,,,,,CALCULATED
2013-07-08T06:30:00Z,2013-07-08T12:24:39Z,,,,,,,,CALCULATED
2013-07-08T06:40:00Z,2013-07-08T12:34:39Z,,,,,,,,CALCULATED
2013-07-08T06:50:00Z,2013-07-08T12:44:39Z,,,,,,,,CALCULATED
2013-07-08T07:00:00Z,2013-07-08T12:54:39Z,,,,,,,,CALCULATED
2013-07-08T07:10:00Z,2013-07-08T13:04:39Z,,,,,,,,CALCULATED
2013-07-08T07:20:00Z,2013-07-08T13:14:39Z,,,,,,,,CALCULATED
2013-07-08T07:30:00Z,2013-07-08T13:24:39Z,,,,,,,,CALCULATED
2013-07-08T07:40:00Z,2013-07-08T13:34:39Z,,,,,,,,CALCULATED
2013-07-08T07:50:00Z,2013-07-08T13:44:39Z,,,,,,,,CALCULATED
2013-07-08T08:00:00Z,2013-07-08T13:54:39Z,,,,,,,,CALCULATED
2013-07-08T08:10:00Z,2013-07-08T14:04:39Z,,,,,,,,CALCULATED
2013-07-08T08:20:00Z,2013-07-08T14:14:39Z,,,,,,,,CALCULATED
2013-07-08T08:30:00Z,2013-07-08T14:24:39Z,,,,,,,,CALCULATED
2013-07-08T08:40:00Z,2013-07-08T14:34:39Z,,,,,,,,CALCULATED
2013-07-08T08:50:00Z,2013-07-08T14:44:39Z,,,,,,,,CALCULATED
2013-07-08T09:00:00Z,2013-07-08T14:54:39Z,,,,,,,,CALCULATED
2013-07-08T09:10:00Z,2013-07-08T15:04:39Z,,,,,,,,CALCULATED
2013-07-08T09:20:00Z,2013-07-08T15:14:39Z,,,,,,,,CALCULATED
2013-07-08T09:30:00Z,2013-07-08T15:24:39Z,,,,,,,,CALCULATED
2013-07-08T09:40:00Z,2013-07-08T15:34:39Z,,,,,,,,CALCULATED
2013-07-08T09:50:00Z,2013-07-08T15:44:39Z,,,,,,,,CALCULATED
2013-07-08T10:00:00Z,2013-07-08T15:54:39Z,,,,,,,,CALCULATED
2013-07-08T10:10:00Z,2013-07-08T16:04:39Z,,,,,,,,CALCULATED
2013-07-08T10:20:00Z,2013-07-08T16:14:39Z,,,,,,,,CALCULATED
2013-07-08T10:30:00Z,2013-07-08T16:24:39Z,,,,,,,,CALCULATED
2013-07-08T10:40:00Z,2013-07-08T16:34:39Z,,,,,,,,CALCULATED
2013-07-08T10:50:00Z,2013-07-08T16:44:39Z,,,,,,,,CALCULATED
2013-07-08T11:00:00Z,2013-07-08T16:54:39Z,,,,,,,,CALCULATED
2013-07-08T11:10:00Z,2013-07-08T17:04:39Z,,,,,,,,CALCULATED
2013-07-08T11:20:00Z,2013-07-08T17:14:39Z,,,,,,,,CALCULATED
2013-07-08T11:30:00Z,2013-07-08T17:24:39Z,,,,,,,,CALCULATED
2013-07-08T11:40:00Z,2013-07-08T17:34:39Z,,,,,,,,CALCULATED
2013-07-08T11:50:00Z,2013-07-08T17:44:39Z,,,,,,,,CALCULATED
2013-07-08T12:00:00Z,2013-07-08T17:54:39Z,,,,,,,,CALCULATED
2013-07-08T12:10:00Z,2013-07-08T18:04:39Z,,,,,,,,CALCULATED
2013-07-08T12:20:00Z,2013-07-08T18:14:39Z,,,,,,,,CALCULATED
2013-07-08T12:30:00Z,2013-07-08T18:24:39Z,,,,,,,OUT_WARN,CALCULATED
2013-07-08T12:40:00Z,2013-07-08T18:34:39Z,,,,,,,OUT_WARN,CALCULATED
2013-07-08T12:50:00Z,2013-07-08T18:44:39Z,,,,,,,,CALCULATED
2013-07-08T13:00:00Z,2013-07-08T18:54:39Z,,,,,,,,CALCULATED
2013-07-08T13:10:00Z,2013-07-08T19:04:39Z,,,,,,,,CALCULATED
2013-07-08T13:20:00Z,2013-07-08T19:14:39Z,,,,,,,OUT_WARN,CALCULATED
2013-07-08T13:30:00Z,2013-07-08T19:24:39Z,,,,,,,,CALCULATED
2013-07-08T13:40:00Z,2013-07-08T19:34:39Z,,,,,,,OUT_WARN,CALCULATED
2013-07-08T13:50:00Z,2013-07-08T19:44:39Z,,,,,,,OUT_WARN,CALCULATED
2013-07-08T14:00:00Z,2013-07-08T19:54:39Z,,,,,,,OUT_WARN,CALCULATED
2013-07-08T14:10:00Z,2013-07-08T20:04:39Z,,,,,,OUT_WARN,OUT_WARN,CALCULATED
2013-07-08T14:20:00Z,2013-07-08T20:14:39Z,,,,,,,OUT_WARN,CALCULATED
2013-07-08T14:30:00Z,2013-07-08T20:24:39Z,,,,,,,OUT_WARN,CALCULATED
2013-07-08T14:40:00Z,2013-07-08T20:34:39Z,,,,,,,,CALCULATED
2013-07-08T14:50:00Z,2013-07-08T20:44:39Z,,,,,,,,CALCULATED
2013-07-08T15:00:00Z,2013-07-08T20:54:39Z,,,,,,,,CALCULATED
2013-07-08T15:10:00Z,2013-07-08T21:04:39Z,,,,,,,,CALCULATED
2013-07-08T15:20:00Z,2013-07-08T21:14:39Z,,,,,,,,CALCULATED
2013-07-08T15:30:00Z,2013-07-08T21:24:39Z,,,,,,,,CALCULATED
2013-07-08T15:40:00Z,2013-07-08T21:34:39Z,,,,,,,,CALCULATED
2013-07-08T15:50:00Z,2013-07-08T21:44:39Z,,,,,,,,CALCULATED
2013-07-08T16:00:00Z,2013-07-08T21:54:39Z,,,,,,,,CALCULATED
2013-07-08T16:10:00Z,2013-07-08T22:04:39Z,,,,,,,,CALCULATED
2013-07-08T16:20:00Z,2013-07-08T22:14:39Z,,,,,,,,CALCULATED
2013-07-08T16:30:00Z,2013-07-08T22:24:39Z,,,,,,OUT_WARN,,CALCULATED
2013-07-08T16:40:00Z,2013-07-08T22:34:39Z,,,,,,,,CALCULATED
2013-07-08T16:50:00Z,2013-07-08T22:44:39Z,,,,,,,OUT_WARN,CALCULATED
2013-07-08T17:00:00Z,2013-07-08T22:54:39Z,,,,,,,,CALCULATED
2013-07-08T17:10:00Z,2013-07-08T23:04:39Z,,,,,,,,CALCULATED
2013-07-08T17:20:00Z,2013-07-08T23:14:39Z,,,,,,,OUT_WARN,CALCULATED
2013-07-08T17:30:00Z,2013-07-08T23:24:39Z,,,,,,,,CALCULATED
2013-07-08T17:40:00Z,2013-07-08T23:34:39Z,,,,,,,OUT_WARN,CALCULATED
2013-07-08T17:50:00Z,2013-07-08T23:44:39Z,,,,,,,,CALCULATED
2013-07-08T18:00:00Z,2013-07-08T23:54:39Z,,,,,,,,CALCULATED
2013-07-08T18:10:00Z,2013-07-09T00:04:32Z,,,,,,OUT_WARN,,CALCULATED
2013-07-08T18:20:00Z,2013-07-09T00:14:32Z,,,,,,OUT_WARN,OUT_WARN,CALCULATED
2013-07-08T18:30:00Z,2013-07-09T00:24:32Z,,,,,,,,CALCULATED
2013-07-08T18:40:00Z,2013-07-09T00:34:32Z,,,,,,,,CALCULATED
2013-07-08T18:50:00Z,2013-07-09T00:44:32Z,,,,,,,OUT_WARN,CALCULATED
2013-07-08T19:00:00Z,2013-07-09T00:54:32Z,,,,,,OUT_WARN,,CALCULATED
2013-07-08T19:10:00Z,2013-07-09T01:04:32Z,,,,,,OUT_WARN,,CALCULATED
2013-07-08T19:20:00Z,2013-07-09T01:14:32Z,,,,,,OUT_WARN,,CALCULATED
2013-07-08T19:30:00Z,2013-07-09T01:24:32Z,,,,,,,,CALCULATED
2013-07-08T19:40:00Z,2013-07-09T01:34:32Z,,,,,,OUT_WARN,,CALCULATED
2013-07-08T19:50:00Z,2013-07-09T01:44:32Z,,,,,,OUT_WARN,,CALCULATED
2013-07-08T20:00:00Z,2013-07-09T01:54:32Z,,,,,,,,CALCULATED
2013-07-08T20:10:00Z,2013-07-09T02:04:32Z,,,,,,,,CALCULATED
2013-07-08T20:20:00Z,2013-07-09T02:14:32Z,,,,,,,,CALCULATED
2013-07-08T20:30:00Z,2013-07-09T02:24:32Z,,,,,,,,CALCULATED
2013-07-08T20:40:00Z,2013-07-09T02:34:32Z,,,,,,,,CALCULATED
2013-07-08T20:50:00Z,2013-07-09T02:44:32Z,,,,,,,,CALCULATED
2013-07-08T21:00:00Z,2013-07-09T02:54:32Z,,,,,,,,CALCULATED
2013-07-08T21:10:00Z,2013-07-09T03:04:32Z,,,,,,,,CALCULATED
2013-07-08T21:20:00Z,2013-07-09T03:14:32Z,,,,,,,,CALCULATED
2013-07-08T21:30:00Z,2013-07-09T03:24:32Z,,,,,,,,CALCULATED
2013-07-08T21:40:00Z,2013-07-09T03:34:32Z,,,,,,,,CALCULATED
2013-07-08T21:50:00Z,2013-07-09T03:44:32Z,,,,,,,,CALCULATED
2013-07-08T22:00:00Z,2013-07-09T03:54:32Z,,,,,,,,CALCULATED
2013-07-08T22:10:00Z,2013-07-09T04:04:32Z,,,,,,,,CALCULATED
2013-07-08T22:20:00Z,2013-07-09T04:14:32Z,,,,,,,,CALCULATED
2013-07-08T22:30:00Z,2013-07-09T04:24:32Z,,,,,,,,CALCULATED
2013-07-08T22:40:00Z,2013-07-09T04:34:32Z,,,,,,,,CALCULATED
2013-07-08T22:50:00Z,2013-07-09T04:44:32Z,,,,,,,,CALCULATED
2013-07-08T23:00:00Z,2013-07-09T04:54:32Z,,,,,,,,CALCULATED
2013-07-08T23:10:00Z,2013-07-09T05:04:32Z,,,,,,,,CALCULATED
2013-07-08T23:20:00Z,2013-07-09T05:14:32Z,,,,,,,,CALCULATED
2013-07-08T23:30:00Z,2013-07-09T05:24:32Z,,,,,,OUT_WARN,,CALCULATED
2013-07-08T23:40:00Z,2013-07-09T05:34:32Z,,,,,,OUT_WARN,,CALCULATED
2013-07-08T23:50:00Z,2013-07-09T05:44:32Z,,,,,,,,CALCULATED
2013-07-09T00:00:00Z,2013-07-09T05:54:32Z,,,,,,,,CALCULATED
2013-07-09T00:10:00Z,2013-07-09T06:04:32Z,,,,,,,,CALCULATED
2013-07-09T00:20:00Z,2013-07-09T06:14:32Z,,,,,,OUT_WARN,,CALCULATED
2013-07-09T00:30:00Z,2013-07-09T06:24:32Z,,,,,,OUT_WARN,,CALCULATED
2013-07-09T00:40:00Z,2013-07-09T06:34:32Z,,,,,,OUT_WARN,,CALCULATED
2013-07-09T00:50:00Z,2013-07-09T06:44:32Z,,,,,,OUT_WARN,,CALCULATED
2013-07-09T01:00:00Z,2013-07-09T06:54:32Z,,,,,,OUT_WARN,,CALCULATED
2013-07-09T01:10:00Z,2013-07-09T07:04:32Z,,,,,,,,CALCULATED
2013-07-09T01:20:00Z,2013-07-09T07:14:32Z,,,,,,,,CALCULATED
2013-07-09T01:30:00Z,2013-07-09T07:24:32Z,,,,,,,,CALCULATED
2013-07-09T01:40:00Z,2013-07-09T07:34:32Z,,,,,,,,CALCULATED
2013-07-09T01:50:00Z,2013-07-09T07:44:32Z,,,,,,,,CALCULATED
2013-07-09T02:00:00Z,2013-07-09T07:54:32Z,,,,,,,,CALCULATED
2013-07-09T02:10:00Z,2013-07-09T08:04:32Z,,,,,,,,CALCULATED
2013-07-09T02:20:00Z,2013-07-09T08:14:32Z,,,,,,,,CALCULATED
2013-07-09T02:30:00Z,2013-07-09T08:24:32Z,,,,,,,,CALCULATED
2013-07-09T02:40:00Z,2013-07-09T08:34:32Z,,,,,,,,CALCULATED
2013-07-09T02:50:00Z,2013-07-09T08:44:32Z,,,,,,,,CALCULATED
2013-07-09T03:00:00Z,2013-07-09T08:54:32Z,,,,,,,,CALCULATED
2013-07-09T03:10:00Z,2013-07-09T09:04:32Z,,,,,,,,CALCULATED
2013-07-09T03:20:00Z,2013-07-09T09:14:32Z,,,,,,,,CALCULATED
2013-07-09T03:30:00Z,2013-07-09T09:24:32Z,,,,,,,,CALCULATED
2013-07-09T03:40:00Z,2013-07-09T09:34:32Z,,,,,,,,CALCULATED
2013-07-09T03:50:00Z,2013-07-09T09:44:32Z,,,,,,,,CALCULATED
2013-07-09T04:00:00Z,2013-07-09T09:54:32Z,,,,,,,,CALCULATED
2013-07-09T04:10:00Z,2013-07-09T10:04:32Z,,,,,,,,CALCULATED
2013-07-09T04:20:00Z,2013-07-09T10:14:32Z,,,,,,,,CALCULATED
2013-07-09T04:30:00Z,2013-07-09T10:24:32Z,,,,,,,,CALCULATED
2013-07-09T04:40:00Z,2013-07-09T10:34:32Z,,,,,RANGE_WARN,,,CALCULATED
2013-07-09T04:50:00Z,2013-07-09T10:44:32Z,,,,,,,,CALCULATED
2013-07-09T05:00:00Z,2013-07-09T10:54:32Z,,,,,,,,CALCULATED
2013-07-09T05:10:00Z,2013-07-09T11:04:32Z,,,,,,,,CALCULATED
2013-07-09T05:20:00Z,2013-07-09T11:14:32Z,,,,,,,,CALCULATED
2013-07-09T05:30:00Z,2013-07-09T11:24:32Z,,,,,,,,CALCULATED
2013-07-09T05:40:00Z,2013-07-09T11:34:32Z,,,,,,,,CALCULATED
2013-07-09T05:50:00Z,2013-07-09T11:44:32Z,,,,,RANGE_WARN,,,CALCULATED
2013-07-09T06:00:00Z,2013-07-09T11:54:32Z,,,,,,,,CALCULATED
2013-07-09T06:10:00Z,2013-07-09T12:04:32Z,,,,,,,,CALCULATED
2013-07-09T06:20:00Z,2013-07-09T12:14:32Z,,,,,,,,CALCULATED
2013-07-09T06:30:00Z,2013-07-09T12:24:32Z,,,,,,,,CALCULATED
2013-07-09T06:40:00Z,2013-07-09T12:34:32Z,,,,,,,,CALCULATED
2013-07-09T06:50:00Z,2013-07-09T12:44:32Z,,,,,,,,CALCULATED
2013-07-09T07:00:00Z,2013-07-09T12:54:32Z,,,,,,,,CALCULATED
2013-07-09T07:10:00Z,2013-07-09T13:04:32Z,,,,,,,,CALCULATED
2013-07-09T07:20:00Z,2013-07-09T13:14:32Z,,,,,,,,CALCULATED
2013-07-09T07:30:00Z,2013-07-09T13:24:32Z,,,,,,,,CALCULATED
2013-07-09T07:40:00Z,2013-07-09T13:34:32Z,,,,,,,,CALCULATED
2013-07-09T07:50:00Z,2013-07-09T13:44:32Z,,,,,,,,CALCULATED
2013-07-09T08:00:00Z,2013-07-09T13:54:32Z,,,,,,,,CALCULATED
2013-07-09T08:10:00Z,2013-07-09T14:04:32Z,,,,,,,,CALCULATED
2013-07-09T08:20:00Z,2013-07-09T14:14:32Z,,,,,,,,CALCULATED
2013-07-09T08:30:00Z,2013-07-09T14:24:32Z,,,,,,,,CALCULATED
2013-07-09T08:40:00Z,2013-07-09T14:34:32Z,,,,,,,,CALCULATED
2013-07-09T08:50:00Z,2013-07-09T14:44:32Z,,,,,,,,CALCULATED
2013-07-09T09:00:00Z,2013-07-09T14:54:32Z,,,,,,,,CALCULATED
2013-07-09T09:10:00Z,2013-07-09T15:04:32Z,,,,,,,,CALCULATED
2013-07-09T09:20:00Z,2013-07-09T15:14:32Z,,,,,,,,CALCULATED
2013-07-09T09:30:00Z,2013-07-09T15:24:32Z,,,,,,,,CALCULATED
2013-07-09T09:40:00Z,2013-07-09T15:34:32Z,,,,,,,,CALCULATED
2013-07-09T09:50:00Z,2013-07-09T15:44:32Z,,,,,,,,CALCULATED
2013-07-09T10:00:00Z,2013-07-09T15:54:32Z,,,,,,,,CALCULATED
2013-07-09T10:10:00Z,2013-07-09T16:04:32Z,,,,,,,,CALCULATED
2013-07-09T10:20:00Z,2013-07-09T16:14:32Z,,,,,,,,CALCULATED
2013-07-09T10:30:00Z,2013-07-09T16:24:32Z,,,,,,,,CALCULATED
2013-07-09T10:40:00Z,2013-07-09T16:34:32Z,,,,,,,,CALCULATED
2013-07-09T10:50:00Z,2013-07-09T16:44:32Z,,,,,,,,CALCULATED
2013-07-09T11:00:00Z,2013-07-09T16:54:32Z,,,,,,,,CALCULATED
2013-07-09T11:10:00Z,2013-07-09T17:04:32Z,,,,,,,,CALCULATED
2013-07-09T11:20:00Z,2013-07-09T17:14:32Z,,,,,,,,CALCULATED
2013-07-09T11:30:00Z,2013-07-09T17:24:32Z,,,,,,,,CALCULATED
2013-07-09T11:40:00Z,2013-07-09T17:34:32Z,,,,,,,,CALCULATED
2013-07-09T11:50:00Z,2013-07-09T17:44:32Z,,,,,,,,CALCULATED
2013-07-09T12:00:00Z,2013-07-09T17:54:32Z,,,,,,,,CALCULATED
2013-07-09T12:10:00Z,2013-07-09T18:04:32Z,,,,,,,,CALCULATED
2013-07-09T12:20:00Z,2013-07-09T18:14:32Z,,,,,,,,CALCULATED
2013-07-09T12:30:00Z,2013-07-09T18:24:32Z,,,,,,,,CALCULATED
2013-07-09T12:40:00Z,2013-07-09T18:34:32Z,,,,,,,,CALCULATED
2013-07-09T12:50:00Z,2013-07-09T18:44:32Z,,,,,,,,CALCULATED
2013-07-09T13:00:00Z,2013-07-09T18:54:32Z,,,,,,,,CALCULATED
2013-07-09T13:10:00Z,2013-07-09T19:04:32Z,,,,,,,,CALCULATED
2013-07-09T13:20:00Z,2013-07-09T19:14:32Z,,,,,,,,CALCULATED
2013-07-09T13:30:00Z,2013-07-09T19:24:32Z,,,,,,,,CALCULATED
2013-07-09T13:40:00Z,2013-07-09T19:34:32Z,,,,,,,,CALCULATED
2013-07-09T13:50:00Z,2013-07-09T19:44:32Z,,,,,,,,CALCULATED
2013-07-09T14:00:00Z,2013-07-09T19:54:32Z,,,,,,,,CALCULATED
2013-07-09T14:10:00Z,2013-07-09T20:04:32Z,,,,,,,,CALCULATED
2013-07-09T14:20:00Z,2013-07-09T20:14:32Z,,,,,,,,CALCULATED
2013-07-09T14:30:00Z,2013-07-09T20:24:32Z,,,,,,,,CALCULATED
2013-07-09T14:40:00Z,2013-07-09T20:34:32Z,,,,,,,,CALCULATED
2013-07-09T14:50:00Z,2013-07-09T20:44:32Z,,,,,,,,CALCULATED
2013-07-09T15:00:00Z,2013-07-09T20:54:32Z,,,,,,,,CALCULATED
2013-07-09T15:10:00Z,2013-07-09T21:04:32Z,,,,,,,,CALCULATED
2013-07-09T15:20:00Z,2013-07-09T21:14:32Z,,,,,,,,CALCULATED
2013-07-09T15:30:00Z,2013-07-09T21:24:32Z,,,,,,,,CALCULATED
2013-07-09T15:40:00Z,2013-07-09T21:34:32Z,,,,,,,,CALCULATED
2013-07-09T15:50:00Z,2013-07-09T21:44:32Z,,,,,,,,CALCULATED
2013-07-09T16:00:00Z,2013-07-09T21:54:32Z,,,,,,,,CALCULATED
2013-07-09T16:10:00Z,2013-07-09T22:04:32Z,,,,,,OUT_WARN,,CALCULATED
2013-07-09T16:20:00Z,2013-07-09T22:14:32Z,,,,,,OUT_WARN,,CALCULATED
2013-07-09T16:30:00Z,2013-07-09T22:24:32Z,,,,,,OUT_WARN,,CALCULATED
2013-07-09T16:40:00Z,2013-07-09T22:34:32Z,,,,,,,,CALCULATED
2013-07-09T16:50:00Z,2013-07-09T22:44:32Z,,,,,,OUT_WARN,,CALCULATED
2013-07-09T17:00:00Z,2013-07-09T22:54:32Z,,,,,,OUT_WARN,,CALCULATED
2013-07-09T17:10:00Z,2013-07-09T23:04:32Z,,,,,,OUT_WARN,,CALCULATED
2013-07-09T17:20:00Z,2013-07-09T23:14:32Z,,,,,,OUT_WARN,,CALCULATED
2013-07-09T17:30:00Z,2013-07-09T23:24:32Z,,,,,,,,CALCULATED
2013-07-09T17:40:00Z,2013-07-09T23:34:32Z,,,,,,OUT_WARN,,CALCULATED
2013-07-09T17:50:00Z,2013-07-09T23:44:32Z,,,,,,,,CALCULATED
2013-07-09T18:00:00Z,2013-07-09T23:54:32Z,,,,,,,,CALCULATED
2013-07-09T18:10:00Z,2013-07-10T00:04:25Z,,,,,,OUT_WARN,,CALCULATED
2013-07-09T18:20:00Z,2013-07-10T00:14:25Z,,,,,,OUT_WARN,,CALCULATED
2013-07-09T18:30:00Z,2013-07-10T00:24:25Z,,,,,,OUT_WARN,,CALCULATED
2013-07-09T18:40:00Z,2013-07-10T00:34:25Z,,,,,,OUT_WARN,,CALCULATED
2013-07-09T18:50:00Z,2013-07-10T00:44:25Z,,,,,,OUT_WARN,,CALCULATED
2013-07-09T19:00:00Z,2013-07-10T00:54:25Z,,,,,,OUT_WARN,,CALCULATED
2013-07-09T19:10:00Z,2013-07-10T01:04:25Z,,,,,,,,CALCULATED
2013-07-09T19:20:00Z,2013-07-10T01:14:25Z,,,,,,,,CALCULATED
2013-07-09T19:30:00Z,2013-07-10T01:24:25Z,,,,,,,,CALCULATED
2013-07-09T19:40:00Z,2013-07-10T01:34:25Z,,,,,,,,CALCULATED
2013-07-09T19:50:00Z,2013-07-10T01:44:25Z,,,,,,,,CALCULATED
2013-07-09T20:00:00Z,2013-07-10T01:54:25Z,,,,,,,,CALCULATED
2013-07-09T20:10:00Z,2013-07-10T02:04:25Z,,,,,,,,CALCULATED
2013-07-09T20:20:00Z,2013-07-10T02:14:25Z,,,,,,,,CALCULATED
2013-07-09T20:30:00Z,2013-07-10T02:24:25Z,,,,,,,,CALCULATED
2013-07-09T20:40:00Z,2013-07-10T02:34:25Z,,,,,,,,CALCULATED
2013-07-09T20:50:00Z,2013-07-10T02:44:25Z,,,,,,,,CALCULATED
2013-07-09T21:00:00Z,2013-07-10T02:54:25Z,,,,,,,,CALCULATED
2013-07-09T21:10:00Z,2013-07-10T03:04:25Z,,,,,,,,CALCULATED
2013-07-09T21:20:00Z,2013-07-10T03:14:25Z,,,,,,,,CALCULATED
2013-07-09T21:30:00Z,2013-07-10T03:24:25Z,,,,,,,,CALCULATED
2013-07-09T21:40:00Z,2013-07-10T03:34:25Z,,,,,,,,CALCULATED
2013-07-09T21:50:00Z,2013-07-10T03:44:25Z,,,,,,,,CALCULATED
2013-07-09T22:00:00Z,2013-07-10T03:54:25Z,,,,,,,,CALCULATED
2013-07-09T22:10:00Z,2013-07-10T04:04:25Z,,,,,,,,CALCULATED
2013-07-09T22:20:00Z,2013-07-10T04:14:25Z,,,,,,,,CALCULATED
2013-07-09T22:30:00Z,2013-07-10T04:24:25Z,,,,,,,,CALCULATED
2013-07-09T22:40:00Z,2013-07-10T04:34:25Z,,,,,,,,CALCULATED
2013-07-09T22:50:00Z,2013-07-10T04:44:25Z,,,,,,,,CALCULATED
2013-07-09T23:00:00Z,2013-07-10T04:54:25Z,,,,,,,,CALCULATED
2013-07-09T23:10:00Z,2013-07-10T05:04:25Z,,,,,,,,CALCULATED
2013-07-09T23:20:00Z,2013-07-10T05:14:25Z,,,,,,,,CALCULATED
2013-07-09T23:30:00Z,2013-07-10T05:24:25Z,,,,,,,,CALCULATED
2013-07-09T23:40:00Z,2013-07-10T05:34:25Z,,,,,,,,CALCULATED
2013-07-09T23:50:00Z,2013-07-10T05:44:25Z,,,,,,,,CALCULATED
2013-07-10T00:00:00Z,2013-07-10T05:54:25Z,,,,,,,,CALCULATED
2013-07-10T00:10:00Z,2013-07-10T06:04:25Z,,,,,,,,CALCULATED
2013-07-10T00:20:00Z,2013-07-10T06:14:25Z,,,,,,,,CALCULATED
2013-07-10T00:30:00Z,2013-07-10T06:24:25Z,,,,,,,,CALCULATED
2013-07-10T00:40:00Z,2013-07-10T06:34:25Z,,,,,,,,CALCULATED
2013-07-10T00:50:00Z,2013-07-10T06:44:25Z,,,,,,,,CALCULATED
2013-07-10T01:00:00Z,2013-07-10T06:54:25Z,,,,,,,,CALCULATED
2013-07-10T01:10:00Z,2013-07-10T07:04:25Z,,,,,,,,CALCULATED
2013-07-10T01:20:00Z,2013-07-10T07:14:25Z,,,,,,,,CALCULATED
2013-07-10T01:30:00Z,2013-07-10T07:24:25Z,,,,,,,,CALCULATED
2013-07-10T01:40:00Z,2013-07-10T07:34:25Z,,,,,,,,CALCULATED
2013-07-10T01:50:00Z,2013-07-10T07:44:25Z,,,,,,,,CALCULATED
2013-07-10T02:00:00Z,2013-07-10T07:54:25Z,,,,,,,,CALCULATED
2013-07-10T02:10:00Z,2013-07-10T08:04:25Z,,,,,,,,CALCULATED
2013-07-10T02:20:00Z,2013-07-10T08:14:25Z,,,,,,,,CALCULATED
2013-07-10T02:30:00Z,2013-07-10T08:24:25Z,,,,,,,,CALCULATED
2013-07-10T02:40:00Z,2013-07-10T08:34:25Z,,,,,,,,CALCULATED
2013-07-10T02:50:00Z,2013-07-10T08:44:25Z,,,,,,,,CALCULATED
2013-07-10T03:00:00Z,2013-07-10T08:54:25Z,,,,,,,,CALCULATED
2013-07-10T03:10:00Z,2013-07-10T09:04:25Z,,,,,,,,CALCULATED
2013-07-10T03:20:00Z,2013-07-10T09:14:25Z,,,,,,,,CALCULATED
2013-07-10T03:30:00Z,2013-07-10T09:24:25Z,,,,,,,,CALCULATED
2013-07-10T03:40:00Z,2013-07-10T09:34:25Z,,,,,,,,CALCULATED
2013-07-10T03:50:00Z,2013-07-10T09:44:25Z,,,,,,,,CALCULATED
2013-07-10T04:00:00Z,2013-07-10T09:54:25Z,,,,,,,,CALCULATED
2013-07-10T04:10:00Z,2013-07-10T10:04:25Z,,,,,,,,CALCULATED
2013-07-10T04:20:00Z,2013-07-10T10:14:25Z,,,,,,,,CALCULATED
2013-07-10T04:30:00Z,2013-07-10T10:24:25Z,,,,,,,,CALCULATED
2013-07-10T04:40:00Z,2013-07-10T10:34:25Z,,,,,,,,CALCULATED
2013-07-10T04:50:00Z,2013-07-10T10:44:25Z,,,,,,,,CALCULATED
2013-07-10T05:00:00Z,2013-07-10T10:54:25Z,,,,,,,,CALCULATED
2013-07-10T05:10:00Z,2013-07-10T11:04:25Z,,,,,,,,CALCULATED
2013-07-10T05:20:00Z,2013-07-10T11:14:25Z,,,,,,,,CALCULATED
2013-07-10T05:30:00Z,2013-07-10T11:24:25Z,,,,,,,,CALCULATED
2013-07-10T05:40:00Z,2013-07-10T11:34:25Z,,,,,,,,CALCULATED
2013-07-10T05:50:00Z,2013-07-10T11:44:25Z,,,,,,,,CALCULATED
2013-07-10T06:00:00Z,2013-07-10T11:54:25Z,,,,,,,,CALCULATED
2013-07-10T06:10:00Z,2013-07-10T12:04:25Z,,,,,,,,CALCULATED
2013-07-10T06:20:00Z,2013-07-10T12:14:25Z,,,,,,,,CALCULATED
2013-07-10T06:30:00Z,2013-07-10T12:24:25Z,,,,,,,,CALCULATED
2013-07-10T06:40:00Z,2013-07-10T12:34:25Z,,,,,,,,CALCULATED
2013-07-10T06:50:00Z,2013-07-10T12:44:25Z,,,,,,,,CALCULATED
2013-07-10T07:00:00Z,2013-07-10T12:54:25Z,,,,,,,,CALCULATED
2013-07-10T07:10:00Z,2013-07-10T13:04:25Z,,,,,,,,CALCULATED
2013-07-10T07:20:00Z,2013-07-10T13:14:25Z,,,,,,,,CALCULATED
2013-07-10T07:30:00Z,2013-07-10T13:24:25Z,,,,,,,,CALCULATED
2013-07-10T07:40:00Z,2013-07-10T13:34:25Z,,,,,,,,CALCULATED
2013-07-10T07:50:00Z,2013-07-10T13:44:25Z,,,,,,,,CALCULATED
2013-07-10T08:00:00Z,2013-07-10T13:54:25Z,,,,,,,,CALCULATED
2013-07-10T08:10:00Z,2013-07-10T14:04:25Z,,,,,,,,CALCULATED
2013-07-10T08:20:00Z,2013-07-10T14:14:25Z,,,,,,,,CALCULATED
2013-07-10T08:30:00Z,2013-07-10T14:24:25Z,,,,,,,,CALCULATED
2013-07-10T08:40:00Z,2013-07-10T14:34:25Z,,,,,,,,CALCULATED
2013-07-10T08:50:00Z,2013-07-10T14:44:25Z,,,,,,,,CALCULATED
2013-07-10T09:00:00Z,2013-07-10T14:54:25Z,,,,,,,,CALCULATED
2013-07-10T09:10:00Z,2013-07-10T15:04:25Z,,,,,,,,CALCULATED
2013-07-10T09:20:00Z,2013-07-10T15:14:25Z,,,,,,,,CALCULATED
2013-07-10T09:30:00Z,2013-07-10T15:24:25Z,,,,,,,,CALCULATED
2013-07-10T09:40:00Z,2013-07-10T15:34:25Z,,,,,,,,CALCULATED
2013-07-10T09:50:00Z,2013-07-10T15:44:25Z,,,,,,,,CALCULATED
2013-07-10T10:00:00Z,2013-07-10T15:54:25Z,,,,,,,,CALCULATED
2013-07-10T10:10:00Z,2013-07-10T16:04:25Z,,,,,,,,CALCULATED
2013-07-10T10:20:00Z,2013-07-10T16:14:25Z,,,,,,,,CALCULATED
2013-07-10T10:30:00Z,2013-07-10T16:24:25Z,,,,,,,,CALCULATED
2013-07-10T10:40:00Z,2013-07-10T16:34:25Z,,,,,,,,CALCULATED
2013-07-10T10:50:00Z,2013-07-10T16:44:25Z,,,,,,,,CALCULATED
2013-07-10T11:00:00Z,2013-07-10T16:54:25Z,,,,,,,,CALCULATED
2013-07-10T11:10:00Z,2013-07-10T17:04:25Z,,,,,,,,CALCULATED
2013-07-10T11:20:00Z,2013-07-10T17:14:25Z,,,,,,,,CALCULATED
2013-07-10T11:30:00Z,2013-07-10T17:24:25Z,,,,,,,,CALCULATED
2013-07-10T11:40:00Z,2013-07-10T17:34:25Z,,,,,,,,CALCULATED
2013-07-10T11:50:00Z,2013-07-10T17:44:25Z,,,,,,,,CALCULATED
2013-07-10T12:00:00Z,2013-07-10T17:54:25Z,,,,,,,,CALCULATED
2013-07-10T12:10:00Z,2013-07-10T18:04:25Z,,,,,,,,CALCULATED
2013-07-10T12:20:00Z,2013-07-10T18:14:25Z,,,,,,,,CALCULATED
2013-07-10T12:30:00Z,2013-07-10T18:24:25Z,,,,,,,,CALCULATED
2013-07-10T12:40:00Z,2013-07-10T18:34:25Z,,,,,,,,CALCULATED
2013-07-10T12:50:00Z,2013-07-10T18:44:25Z,,,,,,,,CALCULATED
2013-07-10T13:00:00Z,2013-07-10T18:54:25Z,,,,,,,,CALCULATED
2013-07-10T13:10:00Z,2013-07-10T19:04:25Z,,,,,,,,CALCULATED
2013-07-10T13:20:00Z,2013-07-10T19:14:25Z,,,,,,,,CALCULATED
2013-07-10T13:30:00Z,2013-07-10T19:24:25Z,,,,,,,,CALCULATED
2013-07-10T13:40:00Z,2013-07-10T19:34:25Z,,,,,,,,CALCULATED
2013-07-10T13:50:00Z,2013-07-10T19:44:25Z,,,,,,,,CALCULATED
2013-07-10T14:00:00Z,2013-07-10T19:54:25Z,,,,,,,,CALCULATED
2013-07-10T14:10:00Z,2013-07-10T20:04:25Z,,,,,,,,CALCULATED
2013-07-10T14:20:00Z,2013-07-10T20:14:25Z,,,,,,,,CALCULATED
2013-07-10T14:30:00Z,2013-07-10T20:24:25Z,,,,,,,,CALCULATED
2013-07-10T14:40:00Z,2013-07-10T20:34:25Z,,,,,,,,CALCULATED
2013-07-10T14:50:00Z,2013-07-10T20:44:25Z,,,,,,,,CALCULATED
2013-07-10T15:00:00Z,2013-07-10T20:54:25Z,,,,,,,,CALCULATED
2013-07-10T15:10:00Z,2013-07-10T21:04:25Z,,,,,,,,CALCULATED
2013-07-10T15:20:00Z,2013-07-10T21:14:25Z,,,,,,,,CALCULATED
2013-07-10T15:30:00Z,2013-07-10T21:24:25Z,,,,,,,,CALCULATED
2013-07-10T15:40:00Z,2013-07-10T21:34:25Z,,,,,,OUT_WARN,,CALCULATED
2013-07-10T15:50:00Z,2013-07-10T21:44:25Z,,,,,,OUT_WARN,,CALCULATED
2013-07-10T16:00:00Z,2013-07-10T21:54:25Z,,,,,,,,CALCULATED
2013-07-10T16:10:00Z,2013-07-10T22:04:25Z,,,,,,,,CALCULATED
2013-07-10T16:20:00Z,2013-07-10T22:14:25Z,,,,,,,,CALCULATED
2013-07-10T16:30:00Z,2013-07-10T22:24:25Z,,,,,,,,CALCULATED
2013-07-10T16:40:00Z,2013-07-10T22:34:25Z,,,,,,,,CALCULATED
2013-07-10T16:50:00Z,2013-07-10T22:44:25Z,,,,,,,,CALCULATED
2013-07-10T17:00:00Z,2013-07-10T22:54:25Z,,,,,,,,CALCULATED
2013-07-10T17:10:00Z,2013-07-10T23:04:25Z,,,,,,,,CALCULATED
2013-07-10T17:20:00Z,2013-07-10T23:14:25Z,,,,,,,,CALCULATED
2013-07-10T17:30:00Z,2013-07-10T23:24:25Z,,,,,,,,CALCULATED
2013-07-10T17:40:00Z,2013-07-10T23:34:25Z,,,,,,,,CALCULATED
2013-07-10T17:50:00Z,2013-07-10T23:44:25Z,,,,,,,,CALCULATED
2013-07-10T18:00:00Z,2013-07-10T23:54:25Z,,,,,,,,CALCULATED
2013-07-10T18:10:00Z,2013-07-11T00:04:18Z,,,,,,,,CALCULATED
2013-07-10T18:20:00Z,2013-07-11T00:14:18Z,,,,,,,,CALCULATED
2013-07-10T18:30:00Z,2013-07-11T00:24:18Z,,,,,,,,CALCULATED
2013-07-10T18:40:00Z,2013-07-11T00:34:18Z,,,,,,,,CALCULATED
2013-07-10T18:50:00Z,2013-07-11T00:44:18Z,,,,,,,,CALCULATED
2013-07-10T19:00:00Z,2013-07-11T00:54:18Z,,,,,,,,CALCULATED
2013-07-10T19:10:00Z,2013-07-11T01:04:18Z,,,,,,,,CALCULATED
2013-07-10T19:20:00Z,2013-07-11T01:14:18Z,,,,,,,,CALCULATED
2013-07-10T19:30:00Z,2013-07-11T01:24:18Z,,,,,,,,CALCULATED
2013-07-10T19:40:00Z,2013-07-11T01:34:18Z,,,,,,,,CALCULATED
2013-07-10T19:50:00Z,2013-07-11T01:44:18Z,,,,,,,,CALCULATED
2013-07-10T20:00:00Z,2013-07-11T01:54:18Z,,,,,,,,CALCULATED
2013-07-10T20:10:00Z,2013-07-11T02:04:18Z,,,,,,,,CALCULATED
2013-07-10T20:20:00Z,2013-07-11T02:14:18Z,,,,,,,,CALCULATED
2013-07-10T20:30:00Z,2013-07-11T02:24:18Z,,,,,,,,CALCULATED
2013-07-10T20:40:00Z,2013-07-11T02:34:18Z,,,,,,,,CALCULATED
2013-07-10T20:50:00Z,2013-07-11T02:44:18Z,,,,,,,,CALCULATED
2013-07-10T21:00:00Z,2013-07-11T02:54:18Z,,,,,,,,CALCULATED
2013-07-10T21:10:00Z,2013-07-11T03:04:18Z,,,,,,,,CALCULATED
2013-07-10T21:20:00Z,2013-07-11T03:14:18Z,,,,,,,,CALCULATED
2013-07-10T21:30:00Z,2013-07-11T03:24:18Z,,,,,,,,CALCULATED
2013-07-10T21:40:00Z,2013-07-11T03:34:18Z,,,,,,,,CALCULATED
2013-07-10T21:50:00Z,2013-07-11T03:44:18Z,,,,,,,,CALCULATED
2013-07-10T22:00:00Z,2013-07-11T03:54:18Z,,,,,,,,CALCULATED
2013-07-10T22:10:00Z,2013-07-11T04:04:18Z,,,,,,,,CALCULATED
2013-07-10T22:20:00Z,2013-07-11T04:14:18Z,,,,,,,,CALCULATED
2013-07-10T22:30:00Z,2013-07-11T04:24:18Z,,,,,,,,CALCULATED
2013-07-10T22:40:00Z,2013-07-11T04:34:18Z,,,,,,,,CALCULATED
2013-07-10T22:50:00Z,2013-07-11T04:44:18Z,,,,,,,,CALCULATED
2013-07-10T23:00:00Z,2013-07-11T04:54:18Z,,,,,,,,CALCULATED
2013-07-10T23:10:00Z,2013-07-11T05:04:18Z,,,,,,,,CALCULATED
2013-07-10T23:20:00Z,2013-07-11T05:14:18Z,,,,,,,,CALCULATED
2013-07-10T23:30:00Z,2013-07-11T05:24:18Z,,,,,,,,CALCULATED
2013-07-10T23:40:00Z,2013-07-11T05:34:18Z,,,,,,,,CALCULATED
2013-07-10T23:50:00Z,2013-07-11T05:44:18Z,,,,,,,,CALCULATED
2013-07-11T00:00:00Z,2013-07-11T05:54:18Z,,,,,,,,CALCULATED
2013-07-11T00:10:00Z,2013-07-11T06:04:18Z,,,,,,,,CALCULATED
2013-07-11T00:20:00Z,2013-07-11T06:14:18Z,,,,,,,,CALCULATED
2013-07-11T00:30:00Z,2013-07-11T06:24:18Z,,,,,,,,CALCULATED
2013-07-11T00:40:00Z,2013-07-11T06:34:18Z,,,,,,,,CALCULATED
2013-07-11T00:50:00Z,2013-07-11T06:44:18Z,,,,,,,,CALCULATED
2013-07-11T01:00:00Z,2013-07-11T06:54:18Z,,,,,,,,CALCULATED
2013-07-11T01:10:00Z,2013-07-11T07:04:18Z,,,,,,,,CALCULATED
2013-07-11T01:20:00Z,2013-07-11T07:14:18Z,,,,,,,,CALCULATED
2013-07-11T01:30:00Z,2013-07-11T07:24:18Z,,,,,,,,CALCULATED
2013-07-11T01:40:00Z,2013-07-11T07:34:18Z,,,,,,,,CALCULATED
2013-07-11T01:50:00Z,2013-07-11T07:44:18Z,,,,,,,,CALCULATED
2013-07-11T02:00:00Z,2013-07-11T07:54:18Z,,,,,,,,CALCULATED
2013-07-11T02:10:00Z,2013-07-11T08:04:18Z,,,,,,,,CALCULATED
2013-07-11T02:20:00Z,2013-07-11T08:14:18Z,,,,,,,,CALCULATED
2013-07-11T02:30:00Z,2013-07-11T08:24:18Z,,,,,,,,CALCULATED
2013-07-11T02:40:00Z,2013-07-11T08:34:18Z,,,,,,OUT_WARN,,CALCULATED
2013-07-11T02:50:00Z,2013-07-11T08:44:18Z,,,,,,OUT_WARN,,CALCULATED
2013-07-11T03:00:00Z,2013-07-11T08:54:18Z,,,,,,OUT_WARN,,CALCULATED
2013-07-11T03:10:00Z,2013-07-11T09:04:18Z,,,,,,,,CALCULATED
2013-07-11T03:20:00Z,2013-07-11T09:14:18Z,,,,,,,,CALCULATED
2013-07-11T03:30:00Z,2013-07-11T09:24:18Z,,,,,,,,CALCULATED
2013-07-11T03:40:00Z,2013-07-11T09:34:18Z,,,,,,,,CALCULATED
2013-07-11T03:50:00Z,2013-07-11T09:44:18Z,,,,,,,,CALCULATED
2013-07-11T04:00:00Z,2013-07-11T09:54:18Z,,,,,,,,CALCULATED
2013-07-11T04:10:00Z,2013-07-11T10:04:18Z,,,,,,,,CALCULATED
2013-07-11T04:20:00Z,2013-07-11T10:14:18Z,,,,,,,,CALCULATED
2013-07-11T04:30:00Z,2013-07-11T10:24:18Z,,,,,,,,CALCULATED
2013-07-11T04:40:00Z,2013-07-11T10:34:18Z,,,,,,,,CALCULATED
2013-07-11T04:50:00Z,2013-07-11T10:44:18Z,,,,,,,,CALCULATED
2013-07-11T05:00:00Z,2013-07-11T10:54:18Z,,,,,,,,CALCULATED
2013-07-11T05:10:00Z,2013-07-11T11:04:18Z,,,,,,,,CALCULATED
2013-07-11T05:20:00Z,2013-07-11T11:14:18Z,,,,,,,,CALCULATED
2013-07-11T05:30:00Z,2013-07-11T11:24:18Z,,,,,,,,CALCULATED
2013-07-11T05:40:00Z,2013-07-11T11:34:18Z,,,,,,,,CALCULATED
2013-07-11T05:50:00Z,2013-07-11T11:44:18Z,,,,,,,,CALCULATED
2013-07-11T06:00:00Z,2013-07-11T11:54:18Z,,,,,,,,CALCULATED
2013-07-11T06:10:00Z,2013-07-11T12:04:18Z,,,,,,,,CALCULATED
2013-07-11T06:20:00Z,2013-07-11T12:14:18Z,,,,,,,,CALCULATED
2013-07-11T06:30:00Z,2013-07-11T12:24:18Z,,,,,,,,CALCULATED
2013-07-11T06:40:00Z,2013-07-11T12:34:18Z,,,,,,,,CALCULATED
2013-07-11T06:50:00Z,2013-07-11T12:44:18Z,,,,,,,,CALCULATED
2013-07-11T07:00:00Z,2013-07-11T12:54:18Z,,,,,,,,CALCULATED
2013-07-11T07:10:00Z,2013-07-11T13:04:18Z,,,,,,,,CALCULATED
2013-07-11T07:20:00Z,2013-07-11T13:14:18Z,,,,,,,,CALCULATED
2013-07-11T07:30:00Z,2013-07-11T13:24:18Z,,,,,,,,CALCULATED
2013-07-11T07:40:00Z,2013-07-11T13:34:18Z,,,,,,,,CALCULATED
2013-07-11T07:50:00Z,2013-07-11T13:44:18Z,,,,,,,,CALCULATED
2013-07-11T08:00:00Z,2013-07-11T13:54:18Z,,,,,,,,CALCULATED
2013-07-11T08:10:00Z,2013-07-11T14:04:18Z,,,,,,,,CALCULATED
2013-07-11T08:20:00Z,2013-07-11T14:14:18Z,,,,,,,,CALCULATED
2013-07-11T08:30:00Z,2013-07-11T14:24:18Z,,,,,,,,CALCULATED
2013-07-11T08:40:00Z,2013-07-11T14:34:18Z,,,,,,,,CALCULATED
2013-07-11T08:50:00Z,2013-07-11T14:44:18Z,,,,,,,,CALCULATED
2013-07-11T09:00:00Z,2013-07-11T14:54:18Z,,,,,,,,CALCULATED
2013-07-11T09:10:00Z,2013-07-11T15:04:18Z,,,,,,,,CALCULATED
2013-07-11T09:20:00Z,2013-07-11T15:14:18Z,,,,,,,,CALCULATED
2013-07-11T09:30:00Z,2013-07-11T15:24:18Z,,,,,,,,CALCULATED
2013-07-11T09:40:00Z,2013-07-11T15:34:18Z,,,,,,,,CALCULATED
2013-07-11T09:50:00Z,2013-07-11T15:44:18Z,,,,,,,,CALCULATED
2013-07-11T10:00:00Z,2013-07-11T15:54:18Z,,,,,,OUT_WARN,,CALCULATED
2013-07-11T10:10:00Z,2013-07-11T16:04:18Z,,,,,,OUT_WARN,,CALCULATED
2013-07-11T10:20:00Z,2013-07-11T16:14:18Z,,,,,,,,CALCULATED
2013-07-11T10:30:00Z,2013-07-11T16:24:18Z,,,,,,OUT_WARN,,CALCULATED
2013-07-11T10:40:00Z,2013-07-11T16:34:18Z,,,,,,,,CALCULATED
2013-07-11T10:50:00Z,2013-07-11T16:44:18Z,,,,,,,,CALCULATED
2013-07-11T11:00:00Z,2013-07-11T16:54:18Z,,,,,,,,CALCULATED
2013-07-11T11:10:00Z,2013-07-11T17:04:18Z,,,,,,,,CALCULATED
2013-07-11T11:20:00Z,2013-07-11T17:14:18Z,,,,,,,,CALCULATED
2013-07-11T11:30:00Z,2013-07-11T17:24:18Z,,,,,,,,CALCULATED
2013-07-11T11:40:00Z,2013-07-11T17:34:18Z,,,,,,,,CALCULATED
2013-07-11T11:50:00Z,2013-07-11T17:44:18Z,,,,,,,,CALCULATED
2013-07-11T12:00:00Z,2013-07-11T17:54:18Z,,,,,,,,CALCULATED
2013-07-11T12:10:00Z,2013-07-11T18:04:18Z,,,,,,,,CALCULATED
2013-07-11T12:20:00Z,2013-07-11T18:14:18Z,,,,,,,,CALCULATED
2013-07-11T12:30:00Z,2013-07-11T18:24:18Z,,,,,,,,CALCULATED
2013-07-11T12:40:00Z,2013-07-11T18:34:18Z,,,,,,,,CALCULATED
2013-07-11T12:50:00Z,2013-07-11T18:44:18Z,,,,,,,,CALCULATED
2013-07-11T13:00:00Z,2013-07-11T18:54:18Z,,,,,,,,CALCULATED
2013-07-11T13:10:00Z,2013-07-11T19:04:18Z,,,,,,,,CALCULATED
2013-07-11T13:20:00Z,2013-07-11T19:14:18Z,,,,,,,,CALCULATED
2013-07-11T13:30:00Z,2013-07-11T19:24:18Z,,,,,,,,CALCULATED
2013-07-11T13:40:00Z,2013-07-11T19:34:18Z,,,,,,,,CALCULATED
2013-07-11T13:50:00Z,2013-07-11T19:44:18Z,,,,,,,,CALCULATED
2013-07-11T14:00:00Z,2013-07-11T19:54:18Z,,,,,,,,CALCULATED
2013-07-11T14:10:00Z,2013-07-11T20:04:18Z,,,,,,,,CALCULATED
2013-07-11T14:20:00Z,2013-07-11T20:14:18Z,,,,,,,,CALCULATED
2013-07-11T14:30:00Z,2013-07-11T20:24:18Z,,,,,,,,CALCULATED
2013-07-11T14:40:00Z,2013-07-11T20:34:18Z,,,,,,,,CALCULATED
2013-07-11T14:50:00Z,2013-07-11T20:44:18Z,,,,,,,,CALCULATED
2013-07-11T15:00:00Z,2013-07-11T20:54:18Z,,,,,,,,CALCULATED
2013-07-11T15:10:00Z,2013-07-11T21:04:18Z,,,,,,,,CALCULATED
2013-07-11T15:20:00Z,2013-07-11T21:14:18Z,,,,,,,,CALCULATED
2013-07-11T15:30:00Z,2013-07-11T21:24:18Z,,,,,,,,CALCULATED
2013-07-11T15:40:00Z,2013-07-11T21:34:18Z,,,,,,,,CALCULATED
2013-07-11T15:50:00Z,2013-07-11T21:44:18Z,,,,,,,,CALCULATED
2013-07-11T16:00:00Z,2013-07-11T21:54:18Z,,,,,,,,CALCULATED
2013-07-11T16:10:00Z,2013-07-11T22:04:18Z,,,,,,,,CALCULATED
2013-07-11T16:20:00Z,2013-07-11T22:14:18Z,,,,,,,,CALCULATED
2013-07-11T16:30:00Z,2013-07-11T22:24:18Z,,,,,,,,CALCULATED
2013-07-11T16:40:00Z,2013-07-11T22:34:18Z,,,,,,,,CALCULATED
2013-07-11T16:50:00Z,2013-07-11T22:44:18Z,,,,,,,,CALCULATED
2013-07-11T17:00:00Z,2013-07-11T22:54:18Z,,,,,,,,CALCULATED
2013-07-11T17:10:00Z,2013-07-11T23:04:18Z,,,,,,,,CALCULATED
2013-07-11T17:20:00Z,2013-07-11T23:14:18Z,,,,,,,,CALCULATED
2013-07-11T17:30:00Z,2013-07-11T23:24:18Z,,,,,,,,CALCULATED
2013-07-11T17:40:00Z,2013-07-11T23:34:18Z,,,,,,,,CALCULATED
2013-07-11T17:50:00Z,2013-07-11T23:44:18Z,,,,,,,,CALCULATED
2013-07-11T18:00:00Z,2013-07-11T23:54:18Z,,,,,,,,CALCULATED
2013-07-11T18:10:00Z,2013-07-12T00:04:12Z,,,,,,OUT_WARN,,CALCULATED
2013-07-11T18:20:00Z,2013-07-12T00:14:12Z,,,,,,OUT_WARN,,CALCULATED
2013-07-11T18:30:00Z,2013-07-12T00:24:12Z,,,,,,OUT_WARN,,CALCULATED
2013-07-11T18:40:00Z,2013-07-12T00:34:12Z,,,,,,OUT_WARN,,CALCULATED
2013-07-11T18:50:00Z,2013-07-12T00:44:12Z,,,,,,OUT_WARN,,CALCULATED
2013-07-11T19:00:00Z,2013-07-12T00:54:12Z,,,,,,OUT_WARN,,CALCULATED
2013-07-11T19:10:00Z,2013-07-12T01:04:12Z,,,,,,OUT_WARN,,CALCULATED
2013-07-11T19:20:00Z,2013-07-12T01:14:12Z,,,,,,,,CALCULATED
2013-07-11T19:30:00Z,2013-07-12T01:24:12Z,,,,,,,,CALCULATED
2013-07-11T19:40:00Z,2013-07-12T01:34:12Z,,,,,,,,CALCULATED
2013-07-11T19:50:00Z,2013-07-12T01:44:12Z,,,,,,,,CALCULATED
2013-07-11T20:00:00Z,2013-07-12T01:54:12Z,,,,,,,,CALCULATED
2013-07-11T20:10:00Z,2013-07-12T02:04:12Z,,,,,,,,CALCULATED
2013-07-11T20:20:00Z,2013-07-12T02:14:12Z,,,,,,,,CALCULATED
2013-07-11T20:30:00Z,2013-07-12T02:24:12Z,,,,,,,,CALCULATED
2013-07-11T20:40:00Z,2013-07-12T02:34:12Z,,,,,,,,CALCULATED
2013-07-11T20:50:00Z,2013-07-12T02:44:12Z,,,,,,,,CALCULATED
2013-07-11T21:00:00Z,2013-07-12T02:54:12Z,,,,,,,,CALCULATED
2013-07-11T21:10:00Z,2013-07-12T03:04:12Z,,,,,,,,CALCULATED
2013-07-11T21:20:00Z,2013-07-12T03:14:12Z,,,,,,,,CALCULATED
2013-07-11T21:30:00Z,2013-07-12T03:24:12Z,,,,,,,,CALCULATED
2013-07-11T21:40:00Z,2013-07-12T03:34:12Z,,,,,,,,CALCULATED
2013-07-11T21:50:00Z,2013-07-12T03:44:12Z,,,,,,,,CALCULATED
2013-07-11T22:00:00Z,2013-07-12T03:54:12Z,,,,,,,,CALCULATED
2013-07-11T22:10:00Z,2013-07-12T04:04:12Z,,,,,,,,CALCULATED
2013-07-11T22:20:00Z,2013-07-12T04:14:12Z,,,,,,,,CALCULATED
2013-07-11T22:30:00Z,2013-07-12T04:24:12Z,,,,,,,,CALCULATED
2013-07-11T22:40:00Z,2013-07-12T04:34:12Z,,,,,,,,CALCULATED
2013-07-11T22:50:00Z,2013-07-12T04:44:12Z,,,,,,,,CALCULATED
2013-07-11T23:00:00Z,2013-07-12T04:54:12Z,,,,,,,,CALCULATED
2013-07-11T23:10:00Z,2013-07-12T05:04:12Z,,,,,,,,CALCULATED
2013-07-11T23:20:00Z,2013-07-12T05:14:12Z,,,,,,,,CALCULATED
2013-07-11T23:30:00Z,2013-07-12T05:24:12Z,,,,,,,,CALCULATED
2013-07-11T23:40:00Z,2013-07-12T05:34:12Z,,,,,,,,CALCULATED
2013-07-11T23:50:00Z,2013-07-12T05:44:12Z,,,,,,,,CALCULATED
2013-07-12T00:00:00Z,2013-07-12T05:54:12Z,,,,,,,,CALCULATED
2013-07-12T00:10:00Z,2013-07-12T06:04:12Z,,,,,,,,CALCULATED
2013-07-12T00:20:00Z,2013-07-12T06:14:12Z,,,,,,,,CALCULATED
2013-07-12T00:30:00Z,2013-07-12T06:24:12Z,,,,,,OUT_WARN,,CALCULATED
2013-07-12T00:40:00Z,2013-07-12T06:34:12Z,,,,,,,,CALCULATED
2013-07-12T00:50:00Z,2013-07-12T06:44:12Z,,,,,,,,CALCULATED
2013-07-12T01:00:00Z,2013-07-12T06:54:12Z,,,,,,,,CALCULATED
2013-07-12T01:10:00Z,2013-07-12T07:04:12Z,,,,,,,,CALCULATED
2013-07-12T01:20:00Z,2013-07-12T07:14:12Z,,,,,,,,CALCULATED
2013-07-12T01:30:00Z,2013-07-12T07:24:12Z,,,,,,,,CALCULATED
2013-07-12T01:40:00Z,2013-07-12T07:34:12Z,,,,,,,,CALCULATED
2013-07-12T01:50:00Z,2013-07-12T07:44:12Z,,,,,,,,CALCULATED
2013-07-12T02:00:00Z,2013-07-12T07:54:12Z,,,,,,,,CALCULATED
2013-07-12T02:10:00Z,2013-07-12T08:04:12Z,,,,,,,,CALCULATED
2013-07-12T02:20:00Z,2013-07-12T08:14:12Z,,,,,,,,CALCULATED
2013-07-12T02:30:00Z,2013-07-12T08:24:12Z,,,,,,,,CALCULATED
2013-07-12T02:40:00Z,2013-07-12T08:34:12Z,,,,,,,,CALCULATED
2013-07-12T02:50:00Z,2013-07-12T08:44:12Z,,,,,,,,CALCULATED
2013-07-12T03:00:00Z,2013-07-12T08:54:12Z,,,,,,,,CALCULATED
2013-07-12T03:10:00Z,2013-07-12T09:04:12Z,,,,,,,,CALCULATED
2013-07-12T03:20:00Z,2013-07-12T09:14:12Z,,,,,,,,CALCULATED
2013-07-12T03:30:00Z,2013-07-12T09:24:12Z,,,,,,,,CALCULATED
2013-07-12T03:40:00Z,2013-07-12T09:34:12Z,,,,,,,,CALCULATED
2013-07-12T03:50:00Z,2013-07-12T09:44:12Z,,,,,,,,CALCULATED
2013-07-12T04:00:00Z,2013-07-12T09:54:12Z,,,,,,,,CALCULATED
2013-07-12T04:10:00Z,2013-07-12T10:04:12Z,,,,,,,,CALCULATED
2013-07-12T04:20:00Z,2013-07-12T10:14:12Z,,,,,,,,CALCULATED
2013-07-12T04:30:00Z,2013-07-12T10:24:12Z,,,,,,,,CALCULATED
2013-07-12T04:40:00Z,2013-07-12T10:34:12Z,,,,,,,,CALCULATED
2013-07-12T04:50:00Z,2013-07-12T10:44:12Z,,,,,,,,CALCULATED
2013-07-12T05:00:00Z,2013-07-12T10:54:12Z,,,,,,,,CALCULATED
2013-07-12T05:10:00Z,2013-07-12T11:04:12Z,,,,,,,,CALCULATED
2013-07-12T05:20:00Z,2013-07-12T11:14:12Z,,,,,,,,CALCULATED
2013-07-12T05:30:00Z,2013-07-12T11:24:12Z,,,,,,,,CALCULATED
2013-07-12T05:40:00Z,2013-07-12T11:34:12Z,,,,,,,,CALCULATED
2013-07-12T05:50:00Z,2013-07-12T11:44:12Z,,,,,,,,CALCULATED
2013-07-12T06:00:00Z,2013-07-12T11:54:12Z,,,,,,,,CALCULATED
2013-07-12T06:10:00Z,2013-07-12T12:04:12Z,,,,,,,,CALCULATED
2013-07-12T06:20:00Z,2013-07-12T12:14:12Z,,,,,RANGE_WARN,,,CALCULATED
2013-07-12T06:30:00Z,2013-07-12T12:24:12Z,,,,,,,,CALCULATED
2013-07-12T06:40:00Z,2013-07-12T12:34:12Z,,,,,,,,CALCULATED
2013-07-12T06:50:00Z,2013-07-12T12:44:12Z,,,,,,,,CALCULATED
2013-07-12T07:00:00Z,2013-07-12T12:54:12Z,,,,,,,,CALCULATED
2013-07-12T07:10:00Z,2013-07-12T13:04:12Z,,,,,,,,CALCULATED
2013-07-12T07:20:00Z,2013-07-12T13:14:12Z,,,,,,,,CALCULATED
2013-07-12T07:30:00Z,2013-07-12T13:24:12Z,,,,,,,,CALCULATED
2013-07-12T07:40:00Z,2013-07-12T13:34:12Z,,,,,,,,CALCULATED
2013-07-12T07:50:00Z,2013-07-12T13:44:12Z,,,,,,,,CALCULATED
2013-07-12T08:00:00Z,2013-07-12T13:54:12Z,,,,,,,,CALCULATED
2013-07-12T08:10:00Z,2013-07-12T14:04:12Z,,,,,,,,CALCULATED
2013-07-12T08:20:00Z,2013-07-12T14:14:12Z,,,,,,,,CALCULATED
2013-07-12T08:30:00Z,2013-07-12T14:24:12Z,,,,,,,,CALCULATED
2013-07-12T08:40:00Z,2013-07-12T14:34:12Z,,,,,,,,CALCULATED
2013-07-12T08:50:00Z,2013-07-12T14:44:12Z,,,,,,,,CALCULATED
2013-07-12T09:00:00Z,2013-07-12T14:54:12Z,,,,,,,,CALCULATED
2013-07-12T09:10:00Z,2013-07-12T15:04:12Z,,,,,,,,CALCULATED
2013-07-12T09:20:00Z,2013-07-12T15:14:12Z,,,,,,,,CALCULATED
2013-07-12T09:30:00Z,2013-07-12T15:24:12Z,,,,,,,,CALCULATED
2013-07-12T09:40:00Z,2013-07-12T15:34:12Z,,,,,,,,CALCULATED
2013-07-12T09:50:00Z,2013-07-12T15:44:12Z,,,,,,,,CALCULATED
2013-07-12T10:00:00Z,2013-07-12T15:54:12Z,,,,,,,,CALCULATED
2013-07-12T10:10:00Z,2013-07-12T16:04:12Z,,,,,,,,CALCULATED
2013-07-12T10:20:00Z,2013-07-12T16:14:12Z,,,,,,,,CALCULATED
2013-07-12T10:30:00Z,2013-07-12T16:24:12Z,,,,,,,,CALCULATED
2013-07-12T10:40:00Z,2013-07-12T16:34:12Z,,,,,,,,CALCULATED
2013-07-12T10:50:00Z,2013-07-12T16:44:12Z,,,,,,,,CALCULATED
2013-07-12T11:00:00Z,2013-07-12T16:54:12Z,,,,,,,,CALCULATED
2013-07-12T11:10:00Z,2013-07-12T17:04:12Z,,,,,,,,CALCULATED
2013-07-12T11:20:00Z,2013-07-12T17:14:12Z,,,,,,OUT_WARN,,CALCULATED
2013-07-12T11:30:00Z,2013-07-12T17:24:12Z,,,,,,OUT_WARN,,CALCULATED
2013-07-12T11:40:00Z,2013-07-12T17:34:12Z,,,,,,OUT_WARN,,CALCULATED
2013-07-12T11:50:00Z,2013-07-12T17:44:12Z,,,,,,OUT_WARN,,CALCULATED
2013-07-12T12:00:00Z,2013-07-12T17:54:12Z,,,,,,,,CALCULATED
2013-07-12T12:10:00Z,2013-07-12T18:04:12Z,,,,,,,,CALCULATED
2013-07-12T12:20:00Z,2013-07-12T18:14:12Z,,,,,,,,CALCULATED
2013-07-12T12:30:00Z,2013-07-12T18:24:12Z,,,,,,,,CALCULATED
2013-07-12T12:40:00Z,2013-07-12T18:34:12Z,,,,,,,,CALCULATED
2013-07-12T12:50:00Z,2013-07-12T18:44:12Z,,,,,,,,CALCULATED
2013-07-12T13:00:00Z,2013-07-12T18:54:12Z,,,,,,,,CALCULATED
2013-07-12T13:10:00Z,2013-07-12T19:04:12Z,,,,,,,,CALCULATED
2013-07-12T13:20:00Z,2013-07-12T19:14:12Z,,,,,,,,CALCULATED
2013-07-12T13:30:00Z,2013-07-12T19:24:12Z,,,,,,,,CALCULATED
2013-07-12T13:40:00Z,2013-07-12T19:34:12Z,,,,,,,,CALCULATED
2013-07-12T13:50:00Z,2013-07-12T19:44:12Z,,,,,,,,CALCULATED
2013-07-12T14:00:00Z,2013-07-12T19:54:12Z,,,,,,,,CALCULATED
2013-07-12T14:10:00Z,2013-07-12T20:04:12Z,,,,,,,,CALCULATED
2013-07-12T14:20:00Z,2013-07-12T20:14:12Z,,,,,,,,CALCULATED
2013-07-12T14:30:00Z,2013-07-12T20:24:12Z,,,,,,,,CALCULATED
2013-07-12T14:40:00Z,2013-07-12T20:34:12Z,,,,,,,,CALCULATED
2013-07-12T14:50:00Z,2013-07-12T20:44:12Z,,,,,,,,CALCULATED
2013-07-12T15:00:00Z,2013-07-12T20:54:12Z,,,,,,,,CALCULATED
2013-07-12T15:10:00Z,2013-07-12T21:04:12Z,,,,,,,,CALCULATED
2013-07-12T15:20:00Z,2013-07-12T21:14:12Z,,,,,,,,CALCULATED
2013-07-12T15:30:00Z,2013-07-12T21:24:12Z,,,,,,,,CALCULATED
2013-07-12T15:40:00Z,2013-07-12T21:34:12Z,,,,,,,,CALCULATED
2013-07-12T15:50:00Z,2013-07-12T21:44:12Z,,,,,,,,CALCULATED
2013-07-12T16:00:00Z,2013-07-12T21:54:12Z,,,,,,,,CALCULATED
2013-07-12T16:10:00Z,2013-07-12T22:04:12Z,,,,,,,,CALCULATED
2013-07-12T16:20:00Z,2013-07-12T22:14:12Z,,,,,,,,CALCULATED
2013-07-12T16:30:00Z,2013-07-12T22:24:12Z,,,,,,,,CALCULATED
2013-07-12T16:40:00Z,2013-07-12T22:34:12Z,,,,,,,,CALCULATED
2013-07-12T16:50:00Z,2013-07-12T22:44:12Z,,,,,,,,CALCULATED
2013-07-12T17:00:00Z,2013-07-12T22:54:12Z,,,,,,,,CALCULATED
2013-07-12T17:10:00Z,2013-07-12T23:04:12Z,,,,,,,,CALCULATED
2013-07-12T17:20:00Z,2013-07-12T23:14:12Z,,,,,,,,CALCULATED
2013-07-12T17:30:00Z,2013-07-12T23:24:12Z,,,,,,,,CALCULATED
2013-07-12T17:40:00Z,2013-07-12T23:34:12Z,,,,,,,,CALCULATED
2013-07-12T17:50:00Z,2013-07-12T23:44:12Z,,,,,,,,CALCULATED
2013-07-12T18:00:00Z,2013-07-12T23:54:12Z,,,,,,,,CALCULATED
2013-07-12T18:10:00Z,2013-07-13T00:04:06Z,,,,,,,,CALCULATED
2013-07-12T18:20:00Z,2013-07-13T00:14:06Z,,,,,,,,CALCULATED
2013-07-12T18:30:00Z,2013-07-13T00:24:06Z,,,,,,,,CALCULATED
2013-07-12T18:40:00Z,2013-07-13T00:34:06Z,,,,,,,,CALCULATED
2013-07-12T18:50:00Z,2013-07-13T00:44:06Z,,,,,,,,CALCULATED
2013-07-12T19:00:00Z,2013-07-13T00:54:06Z,,,,,,,,CALCULATED
2013-07-12T19:10:00Z,2013-07-13T01:04:06Z,,,,,,,,CALCULATED
2013-07-12T19:20:00Z,2013-07-13T01:14:06Z,,,,,,,,CALCULATED
2013-07-12T19:30:00Z,2013-07-13T01:24:06Z,,,,,,,,CALCULATED
2013-07-12T19:40:00Z,2013-07-13T01:34:06Z,,,,,,,,CALCULATED
2013-07-12T19:50:00Z,2013-07-13T01:44:06Z,,,,,,,,CALCULATED
2013-07-12T20:00:00Z,2013-07-13T01:54:06Z,,,,,,,,CALCULATED
2013-07-12T20:10:00Z,2013-07-13T02:04:06Z,,,,,,,,CALCULATED
2013-07-12T20:20:00Z,2013-07-13T02:14:06Z,,,,,,,,CALCULATED
2013-07-12T20:30:00Z,2013-07-13T02:24:06Z,,,,,,,,CALCULATED
2013-07-12T20:40:00Z,2013-07-13T02:34:06Z,,,,,,,,CALCULATED
2013-07-12T20:50:00Z,2013-07-13T02:44:06Z,,,,,,,,CALCULATED
2013-07-12T21:00:00Z,2013-07-13T02:54:06Z,,,,,,,,CALCULATED
2013-07-12T21:10:00Z,2013-07-13T03:04:06Z,,,,,,,,CALCULATED
2013-07-12T21:20:00Z,2013-07-13T03:14:06Z,,,,,,,,CALCULATED
2013-07-12T21:30:00Z,2013-07-13T03:24:06Z,,,,,,,,CALCULATED
2013-07-12T21:40:00Z,2013-07-13T03:34:06Z,,,,,,,,CALCULATED
2013-07-12T21:50:00Z,2013-07-13T03:44:06Z,,,,,,,,CALCULATED
2013-07-12T22:00:00Z,2013-07-13T03:54:06Z,,,,,,,,CALCULATED
2013-07-12T22:10:00Z,2013-07-13T04:04:06Z,,,,,,,,CALCULATED
2013-07-12T22:20:00Z,2013-07-13T04:14:06Z,,,,,,,,CALCULATED
2013-07-12T22:30:00Z,2013-07-13T04:24:06Z,,,,,,,,CALCULATED
2013-07-12T22:40:00Z,2013-07-13T04:34:06Z,,,,,,,,CALCULATED
2013-07-12T22:50:00Z,2013-07-13T04:44:06Z,,,,,,,,CALCULATED
2013-07-12T23:00:00Z,2013-07-13T04:54:06Z,,,,,,,,CALCULATED
2013-07-12T23:10:00Z,2013-07-13T05:04:06Z,,,,,,,,CALCULATED
2013-07-12T23:20:00Z,2013-07-13T05:14:06Z,,,,,,,,CALCULATED
2013-07-12T23:30:00Z,2013-07-13T05:24:06Z,,,,,,,,CALCULATED
2013-07-12T23:40:00Z,2013-07-13T05:34:06Z,,,,,,,,CALCULATED
2013-07-12T23:50:00Z,2013-07-13T05:44:06Z,,,,,,,,CALCULATED
2013-07-13T00:00:00Z,2013-07-13T05:54:06Z,,,,,,,,CALCULATED
2013-07-13T00:10:00Z,2013-07-13T06:04:06Z,,,,,,,,CALCULATED
2013-07-13T00:20:00Z,2013-07-13T06:14:06Z,,,,,,,,CALCULATED
2013-07-13T00:30:00Z,2013-07-13T06:24:06Z,,,,,,,,CALCULATED
2013-07-13T00:40:00Z,2013-07-13T06:34:06Z,,,,,,,,CALCULATED
2013-07-13T00:50:00Z,2013-07-13T06:44:06Z,,,,,,OUT_WARN,,CALCULATED
2013-07-13T01:00:00Z,2013-07-13T06:54:06Z,,,,,,OUT_WARN,,CALCULATED
2013-07-13T01:10:00Z,2013-07-13T07:04:06Z,,,,,,,,CALCULATED
2013-07-13T01:20:00Z,2013-07-13T07:14:06Z,,,,,,OUT_WARN,,CALCULATED
2013-07-13T01:30:00Z,2013-07-13T07:24:06Z,,,,,,,,CALCULATED
2013-07-13T01:40:00Z,2013-07-13T07:34:06Z,,,,,,OUT_WARN,,CALCULATED
2013-07-13T01:50:00Z,2013-07-13T07:44:06Z,,,,,,OUT_WARN,,CALCULATED
2013-07-13T02:00:00Z,2013-07-13T07:54:06Z,,,,,,OUT_WARN,,CALCULATED
2013-07-13T02:10:00Z,2013-07-13T08:04:06Z,,,,,,OUT_WARN,,CALCULATED
2013-07-13T02:20:00Z,2013-07-13T08:14:06Z,,,,,,OUT_WARN,,CALCULATED
2013-07-13T02:30:00Z,2013-07-13T08:24:06Z,,,,,,OUT_WARN,,CALCULATED
2013-07-13T02:40:00Z,2013-07-13T08:34:06Z,,,,,,,,CALCULATED
2013-07-13T02:50:00Z,2013-07-13T08:44:06Z,,,,,,,,CALCULATED
2013-07-13T03:00:00Z,2013-07-13T08:54:06Z,,,,,,,,CALCULATED
2013-07-13T03:10:00Z,2013-07-13T09:04:06Z,,,,,,,,CALCULATED
2013-07-13T03:20:00Z,2013-07-13T09:14:06Z,,,,,,,,CALCULATED
2013-07-13T03:30:00Z,2013-07-13T09:24:06Z,,,,,,,,CALCULATED
2013-07-13T03:40:00Z,2013-07-13T09:34:06Z,,,,,,,,CALCULATED
2013-07-13T03:50:00Z,2013-07-13T09:44:06Z,,,,,,,,CALCULATED
2013-07-13T04:00:00Z,2013-07-13T09:54:06Z,,,,,,,,CALCULATED
2013-07-13T04:10:00Z,2013-07-13T10:04:06Z,,,,,,,,CALCULATED
2013-07-13T04:20:00Z,2013-07-13T10:14:06Z,,,,,,,,CALCULATED
2013-07-13T04:30:00Z,2013-07-13T10:24:06Z,,,,,,,,CALCULATED
2013-07-13T04:40:00Z,2013-07-13T10:34:06Z,,,,,,,,CALCULATED
2013-07-13T04:50:00Z,2013-07-13T10:44:06Z,,,,,,,,CALCULATED
2013-07-13T05:00:00Z,2013-07-13T10:54:06Z,,,,,,,,CALCULATED
2013-07-13T05:10:00Z,2013-07-13T11:04:06Z,,,,,,,,CALCULATED
2013-07-13T05:20:00Z,2013-07-13T11:14:06Z,,,,,,,,CALCULATED
2013-07-13T05:30:00Z,2013-07-13T11:24:06Z,,,,,,,,CALCULATED
2013-07-13T05:40:00Z,2013-07-13T11:34:06Z,,,,,,,,CALCULATED
2013-07-13T05:50:00Z,2013-07-13T11:44:06Z,,,,,,,,CALCULATED
2013-07-13T06:00:00Z,2013-07-13T11:54:06Z,,,,,,,,CALCULATED
2013-07-13T06:10:00Z,2013-07-13T12:04:06Z,,,,,,,,CALCULATED
2013-07-13T06:20:00Z,2013-07-13T12:14:06Z,,,,,,,,CALCULATED
2013-07-13T06:30:00Z,2013-07-13T12:24:06Z,,,,,RANGE_WARN,,,CALCULATED
2013-07-13T06:40:00Z,2013-07-13T12:34:06Z,,,,,,,,CALCULATED
2013-07-13T06:50:00Z,2013-07-13T12:44:06Z,,,,,,,,CALCULATED
2013-07-13T07:00:00Z,2013-07-13T12:54:06Z,,,,,,,,CALCULATED
2013-07-13T07:10:00Z,2013-07-13T13:04:06Z,,,,,,,,CALCULATED
2013-07-13T07:20:00Z,2013-07-13T13:14:06Z,,,,,,,,CALCULATED
2013-07-13T07:30:00Z,2013-07-13T13:24:06Z,,,,,,,,CALCULATED
2013-07-13T07:40:00Z,2013-07-13T13:34:06Z,,,,,,,,CALCULATED
2013-07-13T07:50:00Z,2013-07-13T13:44:06Z,,,,,,,,CALCULATED
2013-07-13T08:00:00Z,2013-07-13T13:54:06Z,,,,,,,,CALCULATED
2013-07-13T08:10:00Z,2013-07-13T14:04:06Z,,,,,,,,CALCULATED
2013-07-13T08:20:00Z,2013-07-13T14:14:06Z,,,,,,,,CALCULATED
2013-07-13T08:30:00Z,2013-07-13T14:24:06Z,,,,,,,,CALCULATED
2013-07-13T08:40:00Z,2013-07-13T14:34:06Z,,,,,,,,CALCULATED
2013-07-13T08:50:00Z,2013-07-13T14:44:06Z,,,,,,,,CALCULATED
2013-07-13T09:00:00Z,2013-07-13T14:54:06Z,,,,,,,,CALCULATED
2013-07-13T09:10:00Z,2013-07-13T15:04:06Z,,,,,,,,CALCULATED
2013-07-13T09:20:00Z,2013-07-13T15:14:06Z,,,,,,,,CALCULATED
2013-07-13T09:30:00Z,2013-07-13T15:24:06Z,,,,,,,,CALCULATED
2013-07-13T09:40:00Z,2013-07-13T15:34:06Z,,,,,,,,CALCULATED
2013-07-13T09:50:00Z,2013-07-13T15:44:06Z,,,,,,,,CALCULATED
2013-07-13T10:00:00Z,2013-07-13T15:54:06Z,,,,,,,,CALCULATED
2013-07-13T10:10:00Z,2013-07-13T16:04:06Z,,,,,,,,CALCULATED
2013-07-13T10:20:00Z,2013-07-13T16:14:06Z,,,,,,,,CALCULATED
2013-07-13T10:30:00Z,2013-07-13T16:24:06Z,,,,,,,,CALCULATED
2013-07-13T10:40:00Z,2013-07-13T16:34:06Z,,,,,,,,CALCULATED
2013-07-13T10:50:00Z,2013-07-13T16:44:06Z,,,,,,,,CALCULATED
2013-07-13T11:00:00Z,2013-07-13T16:54:06Z,,,,,,,,CALCULATED
2013-07-13T11:10:00Z,2013-07-13T17:04:06Z,,,,,,,,CALCULATED
2013-07-13T11:20:00Z,2013-07-13T17:14:06Z,,,,,,,,CALCULATED
2013-07-13T11:30:00Z,2013-07-13T17:24:06Z,,,,,,,,CALCULATED
2013-07-13T11:40:00Z,2013-07-13T17:34:06Z,,,,,,,,CALCULATED
2013-07-13T11:50:00Z,2013-07-13T17:44:06Z,,,,,,,,CALCULATED
2013-07-13T12:00:00Z,2013-07-13T17:54:06Z,,,,,,,,CALCULATED
2013-07-13T12:10:00Z,2013-07-13T18:04:06Z,,,,,,,,CALCULATED
2013-07-13T12:20:00Z,2013-07-13T18:14:06Z,,,,,,,,CALCULATED
2013-07-13T12:30:00Z,2013-07-13T18:24:06Z,,,,,,,,CALCULATED
2013-07-13T12:40:00Z,2013-07-13T18:34:06Z,,,,,,,,CALCULATED
2013-07-13T12:50:00Z,2013-07-13T18:44:06Z,,,,,,,,CALCULATED
2013-07-13T13:00:00Z,2013-07-13T18:54:06Z,,,,,,,,CALCULATED
2013-07-13T13:10:00Z,2013-07-13T19:04:06Z,,,,,,,,CALCULATED
2013-07-13T13:20:00Z,2013-07-13T19:14:06Z,,,,,,,,CALCULATED
2013-07-13T13:30:00Z,2013-07-13T19:24:06Z,,,,,,,,CALCULATED
2013-07-13T13:40:00Z,2013-07-13T19:34:06Z,,,,,,,,CALCULATED
2013-07-13T13:50:00Z,2013-07-13T19:44:06Z,,,,,,,,CALCULATED
2013-07-13T14:00:00Z,2013-07-13T19:54:06Z,,,,,,,,CALCULATED
2013-07-13T14:10:00Z,2013-07-13T20:04:06Z,,,,,,,,CALCULATED
2013-07-13T14:20:00Z,2013-07-13T20:14:06Z,,,,,,OUT_WARN,,CALCULATED
2013-07-13T14:30:00Z,2013-07-13T20:24:06Z,,,,,,OUT_WARN,,CALCULATED
2013-07-13T14:40:00Z,2013-07-13T20:34:06Z,,,,,,OUT_WARN,,CALCULATED
2013-07-13T14:50:00Z,2013-07-13T20:44:06Z,,,,,,OUT_WARN,,CALCULATED
2013-07-13T15:00:00Z,2013-07-13T20:54:06Z,,,,,,OUT_WARN,OUT_WARN,CALCULATED
2013-07-13T15:10:00Z,2013-07-13T21:04:06Z,,,,,,OUT_WARN,,CALCULATED
2013-07-13T15:20:00Z,2013-07-13T21:14:06Z,,,,,,,,CALCULATED
2013-07-13T15:30:00Z,2013-07-13T21:24:06Z,,,,,,OUT_WARN,,CALCULATED
2013-07-13T15:40:00Z,2013-07-13T21:34:06Z,,,,,,OUT_WARN,,CALCULATED
2013-07-13T15:50:00Z,2013-07-13T21:44:06Z,,,,,,OUT_WARN,,CALCULATED
2013-07-13T16:00:00Z,2013-07-13T21:54:06Z,,,,,,OUT_WARN,,CALCULATED
2013-07-13T16:10:00Z,2013-07-13T22:04:06Z,,,,,,OUT_WARN,,CALCULATED
2013-07-13T16:20:00Z,2013-07-13T22:14:06Z,,,,,,OUT_WARN,,CALCULATED
2013-07-13T16:30:00Z,2013-07-13T22:24:06Z,,,,,,,,CALCULATED
2013-07-13T16:40:00Z,2013-07-13T22:34:06Z,,,,,,OUT_WARN,,CALCULATED
2013-07-13T16:50:00Z,2013-07-13T22:44:06Z,,,,,,OUT_WARN,,CALCULATED
2013-07-13T17:00:00Z,2013-07-13T22:54:06Z,,,,,,OUT_WARN,,CALCULATED
2013-07-13T17:10:00Z,2013-07-13T23:04:06Z,,,,,,,,CALCULATED
2013-07-13T17:20:00Z,2013-07-13T23:14:06Z,,,,,,,,CALCULATED
2013-07-13T17:30:00Z,2013-07-13T23:24:06Z,,,,,,OUT_WARN,,CALCULATED
2013-07-13T17:40:00Z,2013-07-13T23:34:06Z,,,,,,,,CALCULATED
2013-07-13T17:50:00Z,2013-07-13T23:44:06Z,,,,,,,,CALCULATED
2013-07-13T18:00:00Z,2013-07-13T23:54:06Z,,,,,,,,CALCULATED
2013-07-13T18:10:00Z,2013-07-14T00:04:01Z,,,,,,,,CALCULATED
2013-07-13T18:20:00Z,2013-07-14T00:14:01Z,,,,,,OUT_WARN,,CALCULATED
2013-07-13T18:30:00Z,2013-07-14T00:24:01Z,,,,,,,,CALCULATED
2013-07-13T18:40:00Z,2013-07-14T00:34:01Z,,,,,,,,CALCULATED
2013-07-13T18:50:00Z,2013-07-14T00:44:01Z,,,,,,,,CALCULATED
2013-07-13T19:00:00Z,2013-07-14T00:54:01Z,,,,,,,,CALCULATED
2013-07-13T19:10:00Z,2013-07-14T01:04:01Z,,,,,,,,CALCULATED
2013-07-13T19:20:00Z,2013-07-14T01:14:01Z,,,,,,,,CALCULATED
2013-07-13T19:30:00Z,2013-07-14T01:24:01Z,,,,,,,,CALCULATED
2013-07-13T19:40:00Z,2013-07-14T01:34:01Z,,,,,,,,CALCULATED
2013-07-13T19:50:00Z,2013-07-14T01:44:01Z,,,,,,,,CALCULATED
2013-07-13T20:00:00Z,2013-07-14T01:54:01Z,,,,,,,,CALCULATED
2013-07-13T20:10:00Z,2013-07-14T02:04:01Z,,,,,,OUT_WARN,,CALCULATED
2013-07-13T20:20:00Z,2013-07-14T02:14:01Z,,,,,,OUT_WARN,,CALCULATED
2013-07-13T20:30:00Z,2013-07-14T02:24:01Z,,,,,,OUT_WARN,,CALCULATED
2013-07-13T20:40:00Z,2013-07-14T02:34:01Z,,,,,,OUT_WARN,,CALCULATED
2013-07-13T20:50:00Z,2013-07-14T02:44:01Z,,,,,,OUT_WARN,,CALCULATED
2013-07-13T21:00:00Z,2013-07-14T02:54:01Z,,,,,,OUT_WARN,,CALCULATED
2013-07-13T21:10:00Z,2013-07-14T03:04:01Z,,,,,,OUT_WARN,,CALCULATED
2013-07-13T21:20:00Z,2013-07-14T03:14:01Z,,,,,,,,CALCULATED
2013-07-13T21:30:00Z,2013-07-14T03:24:01Z,,,,,,,,CALCULATED
2013-07-13T21:40:00Z,2013-07-14T03:34:01Z,,,,,,,,CALCULATED
2013-07-13T21:50:00Z,2013-07-14T03:44:01Z,,,,,,,,CALCULATED
2013-07-13T22:00:00Z,2013-07-14T03:54:01Z,,,,,,,,CALCULATED
2013-07-13T22:10:00Z,2013-07-14T04:04:01Z,,,,,,,,CALCULATED
2013-07-13T22:20:00Z,2013-07-14T04:14:01Z,,,,,,,,CALCULATED
2013-07-13T22:30:00Z,2013-07-14T04:24:01Z,,,,,,,,CALCULATED
2013-07-13T22:40:00Z,2013-07-14T04:34:01Z,,,,,,,,CALCULATED
2013-07-13T22:50:00Z,2013-07-14T04:44:01Z,,,,,,,,CALCULATED
2013-07-13T23:00:00Z,2013-07-14T04:54:01Z,,,,,,,,CALCULATED
2013-07-13T23:10:00Z,2013-07-14T05:04:01Z,,,,,,,,CALCULATED
2013-07-13T23:20:00Z,2013-07-14T05:14:01Z,,,,,,,,CALCULATED
2013-07-13T23:30:00Z,2013-07-14T05:24:01Z,,,,,,,,CALCULATED
2013-07-13T23:40:00Z,2013-07-14T05:34:01Z,,,,,,,,CALCULATED
2013-07-13T23:50:00Z,2013-07-14T05:44:01Z,,,,,,,,CALCULATED
2013-07-14T00:00:00Z,2013-07-14T05:54:01Z,,,,,,,,CALCULATED
2013-07-14T00:10:00Z,2013-07-14T06:04:01Z,,,,,,,,CALCULATED
2013-07-14T00:20:00Z,2013-07-14T06:14:01Z,,,,,,,,CALCULATED
2013-07-14T00:30:00Z,2013-07-14T06:24:01Z,,,,,,,,CALCULATED
2013-07-14T00:40:00Z,2013-07-14T06:34:01Z,,,,,,,,CALCULATED
2013-07-14T00:50:00Z,2013-07-14T06:44:01Z,,,,,,,,CALCULATED
2013-07-14T01:00:00Z,2013-07-14T06:54:01Z,,,,,,,,CALCULATED
2013-07-14T01:10:00Z,2013-07-14T07:04:01Z,,,,,,,,CALCULATED
2013-07-14T01:20:00Z,2013-07-14T07:14:01Z,,,,,,,,CALCULATED
2013-07-14T01:30:00Z,2013-07-14T07:24:01Z,,,,,,,,CALCULATED
2013-07-14T01:40:00Z,2013-07-14T07:34:01Z,,,,,,,,CALCULATED
2013-07-14T01:50:00Z,2013-07-14T07:44:01Z,,,,,,,,CALCULATED
2013-07-14T02:00:00Z,2013-07-14T07:54:01Z,,,,,,,,CALCULATED
2013-07-14T02:10:00Z,2013-07-14T08:04:01Z,,,,,,,,CALCULATED
2013-07-14T02:20:00Z,2013-07-14T08:14:01Z,,,,,,,,CALCULATED
2013-07-14T02:30:00Z,2013-07-14T08:24:01Z,,,,,,,,CALCULATED
2013-07-14T02:40:00Z,2013-07-14T08:34:01Z,,,,,,,,CALCULATED
2013-07-14T02:50:00Z,2013-07-14T08:44:01Z,,,,,,,,CALCULATED
2013-07-14T03:00:00Z,2013-07-14T08:54:01Z,,,,,,,,CALCULATED
2013-07-14T03:10:00Z,2013-07-14T09:04:01Z,,,,,,,,CALCULATED
2013-07-14T03:20:00Z,2013-07-14T09:14:01Z,,,,,,,,CALCULATED
2013-07-14T03:30:00Z,2013-07-14T09:24:01Z,,,,,,,,CALCULATED
2013-07-14T03:40:00Z,2013-07-14T09:34:01Z,,,,,,,,CALCULATED
2013-07-14T03:50:00Z,2013-07-14T09:44:01Z,,,,,,,,CALCULATED
2013-07-14T04:00:00Z,2013-07-14T09:54:01Z,,,,,,,,CALCULATED
2013-07-14T04:10:00Z,2013-07-14T10:04:01Z,,,,,,,,CALCULATED
2013-07-14T04:20:00Z,2013-07-14T10:14:01Z,,,,,,,,CALCULATED
2013-07-14T04:30:00Z,2013-07-14T10:24:01Z,,,,,,,,CALCULATED
2013-07-14T04:40:00Z,2013-07-14T10:34:01Z,,,,,,,,CALCULATED
2013-07-14T04:50:00Z,2013-07-14T10:44:01Z,,,,,,,,CALCULATED
2013-07-14T05:00:00Z,2013-07-14T10:54:01Z,,,,,,,,CALCULATED
2013-07-14T05:10:00Z,2013-07-14T11:04:01Z,,,,,,,,CALCULATED
2013-07-14T05:20:00Z,2013-07-14T11:14:01Z,,,,,,,,CALCULATED
2013-07-14T05:30:00Z,2013-07-14T11:24:01Z,,,,,,,,CALCULATED
2013-07-14T05:40:00Z,2013-07-14T11:34:01Z,,,,,,,,CALCULATED
2013-07-14T05:50:00Z,2013-07-14T11:44:01Z,,,,,,,,CALCULATED
2013-07-14T06:00:00Z,2013-07-14T11:54:01Z,,,,,,,,CALCULATED
2013-07-14T06:10:00Z,2013-07-14T12:04:01Z,,,,,,,,CALCULATED
2013-07-14T06:20:00Z,2013-07-14T12:14:01Z,,,,,,,,CALCULATED
2013-07-14T06:30:00Z,2013-07-14T12:24:01Z,,,,,,,,CALCULATED
2013-07-14T06:40:00Z,2013-07-14T12:34:01Z,,,,,,,,CALCULATED
2013-07-14T06:50:00Z,2013-07-14T12:44:01Z,,,,,,,,CALCULATED
2013-07-14T07:00:00Z,2013-07-14T12:54:01Z,,,,,,,,CALCULATED
2013-07-14T07:10:00Z,2013-07-14T13:04:01Z,,,,,,,,CALCULATED
2013-07-14T07:20:00Z,2013-07-14T13:14:01Z,,,,,,,,CALCULATED
2013-07-14T07:30:00Z,2013-07-14T13:24:01Z,,,,,,,,CALCULATED
2013-07-14T07:40:00Z,2013-07-14T13:34:01Z,,,,,,,,CALCULATED
2013-07-14T07:50:00Z,2013-07-14T13:44:01Z,,,,,,,,CALCULATED
2013-07-14T08:00:00Z,2013-07-14T13:54:01Z,,,,,,,,CALCULATED
2013-07-14T08:10:00Z,2013-07-14T14:04:01Z,,,,,,,,CALCULATED
2013-07-14T08:20:00Z,2013-07-14T14:14:01Z,,,,,,,,CALCULATED
2013-07-14T08:30:00Z,2013-07-14T14:24:01Z,,,,,,,,CALCULATED
2013-07-14T08:40:00Z,2013-07-14T14:34:01Z,,,,,,,,CALCULATED
2013-07-14T08:50:00Z,2013-07-14T14:44:01Z,,,,,,,,CALCULATED
2013-07-14T09:00:00Z,2013-07-14T14:54:01Z,,,,,,,,CALCULATED
2013-07-14T09:10:00Z,2013-07-14T15:04:01Z,,,,,,,,CALCULATED
2013-07-14T09:20:00Z,2013-07-14T15:14:01Z,,,,,,,,CALCULATED
2013-07-14T09:30:00Z,2013-07-14T15:24:01Z,,,,,,,,CALCULATED
2013-07-14T09:40:00Z,2013-07-14T15:34:01Z,,,,,,,,CALCULATED
2013-07-14T09:50:00Z,2013-07-14T15:44:01Z,,,,,,,,CALCULATED
2013-07-14T10:00:00Z,2013-07-14T15:54:01Z,,,,,,,,CALCULATED
2013-07-14T10:10:00Z,2013-07-14T16:04:01Z,,,,,,,,CALCULATED
2013-07-14T10:20:00Z,2013-07-14T16:14:01Z,,,,,,,,CALCULATED
2013-07-14T10:30:00Z,2013-07-14T16:24:01Z,,,,,,,,CALCULATED
2013-07-14T10:40:00Z,2013-07-14T16:34:01Z,,,,,,,,CALCULATED
2013-07-14T10:50:00Z,2013-07-14T16:44:01Z,,,,,,,,CALCULATED
2013-07-14T11:00:00Z,2013-07-14T16:54:01Z,,,,,,,,CALCULATED
2013-07-14T11:10:00Z,2013-07-14T17:04:01Z,,,,,,,,CALCULATED
2013-07-14T11:20:00Z,2013-07-14T17:14:01Z,,,,,,,,CALCULATED
2013-07-14T11:30:00Z,2013-07-14T17:24:01Z,,,,,,,,CALCULATED
2013-07-14T11:40:00Z,2013-07-14T17:34:01Z,,,,,,,,CALCULATED
2013-07-14T11:50:00Z,2013-07-14T17:44:01Z,,,,,,,,CALCULATED
2013-07-14T12:00:00Z,2013-07-14T17:54:01Z,,,,,,,,CALCULATED
2013-07-14T12:10:00Z,2013-07-14T18:04:01Z,,,,,,,,CALCULATED
2013-07-14T12:20:00Z,2013-07-14T18:14:01Z,,,,,,OUT_WARN,,CALCULATED
2013-07-14T12:30:00Z,2013-07-14T18:24:01Z,,,,,,OUT_WARN,,CALCULATED
2013-07-14T12:40:00Z,2013-07-14T18:34:01Z,,,,,,,,CALCULATED
2013-07-14T12:50:00Z,2013-07-14T18:44:01Z,,,,,,,,CALCULATED
2013-07-14T13:00:00Z,2013-07-14T18:54:01Z,,,,,,,,CALCULATED
2013-07-14T13:10:00Z,2013-07-14T19:04:01Z,,,,,,,,CALCULATED
2013-07-14T13:20:00Z,2013-07-14T19:14:01Z,,,,,,,,CALCULATED
2013-07-14T13:30:00Z,2013-07-14T19:24:01Z,,,,,,,,CALCULATED
2013-07-14T13:40:00Z,2013-07-14T19:34:01Z,,,,,,,,CALCULATED
2013-07-14T13:50:00Z,2013-07-14T19:44:01Z,,,,,,,,CALCULATED
2013-07-14T14:00:00Z,2013-07-14T19:54:01Z,,,,,,,,CALCULATED
2013-07-14T14:10:00Z,2013-07-14T20:04:01Z,,,,,,,,CALCULATED
2013-07-14T14:20:00Z,2013-07-14T20:14:01Z,,,,,,,,CALCULATED
2013-07-14T14:30:00Z,2013-07-14T20:24:01Z,,,,,,,,CALCULATED
2013-07-14T14:40:00Z,2013-07-14T20:34:01Z,,,,,,,,CALCULATED
2013-07-14T14:50:00Z,2013-07-14T20:44:01Z,,,,,,,,CALCULATED
2013-07-14T15:00:00Z,2013-07-14T20:54:01Z,,,,,,,,CALCULATED
2013-07-14T15:10:00Z,2013-07-14T21:04:01Z,,,,,,,,CALCULATED
2013-07-14T15:20:00Z,2013-07-14T21:14:01Z,,,,,,,,CALCULATED
2013-07-14T15:30:00Z,2013-07-14T21:24:01Z,,,,,,,,CALCULATED
2013-07-14T15:40:00Z,2013-07-14T21:34:01Z,,,,,,,,CALCULATED
2013-07-14T15:50:00Z,2013-07-14T21:44:01Z,,,,,,,,CALCULATED
2013-07-14T16:00:00Z,2013-07-14T21:54:01Z,,,,,,,,CALCULATED
2013-07-14T16:10:00Z,2013-07-14T22:04:01Z,,,,,,,,CALCULATED
2013-07-14T16:20:00Z,2013-07-14T22:14:01Z,,,,,,,,CALCULATED
2013-07-14T16:30:00Z,2013-07-14T22:24:01Z,,,,,,,,CALCULATED
2013-07-14T16:40:00Z,2013-07-14T22:34:01Z,,,,,,,,CALCULATED
2013-07-14T16:50:00Z,2013-07-14T22:44:01Z,,,,,,,,CALCULATED
2013-07-14T17:00:00Z,2013-07-14T22:54:01Z,,,,,,,,CALCULATED
2013-07-14T17:10:00Z,2013-07-14T23:04:01Z,,,,,,,,CALCULATED
2013-07-14T17:20:00Z,2013-07-14T23:14:01Z,,,,,,,,CALCULATED
2013-07-14T17:30:00Z,2013-07-14T23:24:01Z,,,,,,,,CALCULATED
2013-07-14T17:40:00Z,2013-07-14T23:34:01Z,,,,,,,,CALCULATED
2013-07-14T17:50:00Z,2013-07-14T23:44:01Z,,,,,,,,CALCULATED
2013-07-14T18:00:00Z,2013-07-14T23:54:01Z,,,,,,,,CALCULATED
2013-07-14T18:10:00Z,2013-07-15T00:03:56Z,,,,,,,,CALCULATED
2013-07-14T18:20:00Z,2013-07-15T00:13:56Z,,,,,,,,CALCULATED
2013-07-14T18:30:00Z,2013-07-15T00:23:56Z,,,,,,,,CALCULATED
2013-07-14T18:40:00Z,2013-07-15T00:33:56Z,,,,,,,,CALCULATED
2013-07-14T18:50:00Z,2013-07-15T00:43:56Z,,,,,,,,CALCULATED
2013-07-14T19:00:00Z,2013-07-15T00:53:56Z,,,,,,OUT_WARN,,CALCULATED
2013-07-14T19:10:00Z,2013-07-15T01:03:56Z,,,,,,OUT_WARN,,CALCULATED
2013-07-14T19:20:00Z,2013-07-15T01:13:56Z,,,,,,OUT_WARN,,CALCULATED
2013-07-14T19:30:00Z,2013-07-15T01:23:56Z,,,,,,,,CALCULATED
2013-07-14T19:40:00Z,2013-07-15T01:33:56Z,,,,,,,,CALCULATED
2013-07-14T19:50:00Z,2013-07-15T01:43:56Z,,,,,,,,CALCULATED
2013-07-14T20:00:00Z,2013-07-15T01:53:56Z,,,,,,,,CALCULATED
2013-07-14T20:10:00Z,2013-07-15T02:03:56Z,,,,,,,,CALCULATED
2013-07-14T20:20:00Z,2013-07-15T02:13:56Z,,,,,,,,CALCULATED
2013-07-14T20:30:00Z,2013-07-15T02:23:56Z,,,,,,,,CALCULATED
2013-07-14T20:40:00Z,2013-07-15T02:33:56Z,,,,,,,,CALCULATED
2013-07-14T20:50:00Z,2013-07-15T02:43:56Z,,,,,,,,CALCULATED
2013-07-14T21:00:00Z,2013-07-15T02:53:56Z,,,,,,,,CALCULATED
2013-07-14T21:10:00Z,2013-07-15T03:03:56Z,,,,,,,,CALCULATED
2013-07-14T21:20:00Z,2013-07-15T03:13:56Z,,,,,,,,CALCULATED
2013-07-14T21:30:00Z,2013-07-15T03:23:56Z,,,,,,,,CALCULATED
2013-07-14T21:40:00Z,2013-07-15T03:33:56Z,,,,,,,,CALCULATED
2013-07-14T21:50:00Z,2013-07-15T03:43:56Z,,,,,,,,CALCULATED
2013-07-14T22:00:00Z,2013-07-15T03:53:56Z,,,,,,,,CALCULATED
2013-07-14T22:10:00Z,2013-07-15T04:03:56Z,,,,,,,,CALCULATED
2013-07-14T22:20:00Z,2013-07-15T04:13:56Z,,,,,,,,CALCULATED
2013-07-14T22:30:00Z,2013-07-15T04:23:56Z,,,,,,,,CALCULATED
2013-07-14T22:40:00Z,2013-07-15T04:33:56Z,,,,,,,,CALCULATED
2013-07-14T22:50:00Z,2013-07-15T04:43:56Z,,,,,,,,CALCULATED
2013-07-14T23:00:00Z,2013-07-15T04:53:56Z,,,,,,,,CALCULATED
2013-07-14T23:10:00Z,2013-07-15T05:03:56Z,,,,,,,,CALCULATED
2013-07-14T23:20:00Z,2013-07-15T05:13:56Z,,,,,,,,CALCULATED
2013-07-14T23:30:00Z,2013-07-15T05:23:56Z,,,,,,,,CALCULATED
2013-07-14T23:40:00Z,2013-07-15T05:33:56Z,,,,,,,,CALCULATED
2013-07-14T23:50:00Z,2013-07-15T05:43:56Z,,,,,,,,CALCULATED
2013-07-15T00:00:00Z,2013-07-15T05:53:56Z,,,,,,,,CALCULATED
2013-07-15T00:10:00Z,2013-07-15T06:03:56Z,,,,,,,,CALCULATED
2013-07-15T00:20:00Z,2013-07-15T06:13:56Z,,,,,,,,CALCULATED
2013-07-15T00:30:00Z,2013-07-15T06:23:56Z,,,,,,,,CALCULATED
2013-07-15T00:40:00Z,2013-07-15T06:33:56Z,,,,,,,,CALCULATED
2013-07-15T00:50:00Z,2013-07-15T06:43:56Z,,,,,,,,CALCULATED
2013-07-15T01:00:00Z,2013-07-15T06:53:56Z,,,,,,,,CALCULATED
2013-07-15T01:10:00Z,2013-07-15T07:03:56Z,,,,,,,,CALCULATED
2013-07-15T01:20:00Z,2013-07-15T07:13:56Z,,,,,,,,CALCULATED
2013-07-15T01:30:00Z,2013-07-15T07:23:56Z,,,,,,,,CALCULATED
2013-07-15T01:40:00Z,2013-07-15T07:33:56Z,,,,,,,,CALCULATED
2013-07-15T01:50:00Z,2013-07-15T07:43:56Z,,,,,,,,CALCULATED
2013-07-15T02:00:00Z,2013-07-15T07:53:56Z,,,,,,,,CALCULATED
2013-07-15T02:10:00Z,2013-07-15T08:03:56Z,,,,,,,,CALCULATED
2013-07-15T02:20:00Z,2013-07-15T08:13:56Z,,,,,,,,CALCULATED
2013-07-15T02:30:00Z,2013-07-15T08:23:56Z,,,,,,,,CALCULATED
2013-07-15T02:40:00Z,2013-07-15T08:33:56Z,,,,,,,,CALCULATED
2013-07-15T02:50:00Z,2013-07-15T08:43:56Z,,,,,,,,CALCULATED
2013-07-15T03:00:00Z,2013-07-15T08:53:56Z,,,,,,,,CALCULATED
2013-07-15T03:10:00Z,2013-07-15T09:03:56Z,,,,,,,,CALCULATED
2013-07-15T03:20:00Z,2013-07-15T09:13:56Z,,,,,,,,CALCULATED
2013-07-15T03:30:00Z,2013-07-15T09:23:56Z,,,,,,,,CALCULATED
2013-07-15T03:40:00Z,2013-07-15T09:33:56Z,,,,,,,,CALCULATED
2013-07-15T03:50:00Z,2013-07-15T09:43:56Z,,,,,,,,CALCULATED
2013-07-15T04:00:00Z,2013-07-15T09:53:56Z,,,,,,,,CALCULATED
2013-07-15T04:10:00Z,2013-07-15T10:03:56Z,,,,,,,,CALCULATED
2013-07-15T04:20:00Z,2013-07-15T10:13:56Z,,,,,,,,CALCULATED
2013-07-15T04:30:00Z,2013-07-15T10:23:56Z,,,,,,,,CALCULATED
2013-07-15T04:40:00Z,2013-07-15T10:33:56Z,,,,,,,,CALCULATED
2013-07-15T04:50:00Z,2013-07-15T10:43:56Z,,,,,,,,CALCULATED
2013-07-15T05:00:00Z,2013-07-15T10:53:56Z,,,,,,,,CALCULATED
2013-07-15T05:10:00Z,2013-07-15T11:03:56Z,,,,,,,,CALCULATED
2013-07-15T05:20:00Z,2013-07-15T11:13:56Z,,,,,,,,CALCULATED
2013-07-15T05:30:00Z,2013-07-15T11:23:56Z,,,,,,,,CALCULATED
2013-07-15T05:40:00Z,2013-07-15T11:33:56Z,,,,,,,,CALCULATED
2013-07-15T05:50:00Z,2013-07-15T11:43:56Z,,,,,,,,CALCULATED
2013-07-15T06:00:00Z,2013-07-15T11:53:56Z,,,,,,,,CALCULATED
2013-07-15T06:10:00Z,2013-07-15T12:03:56Z,,,,,,,,CALCULATED
2013-07-15T06:20:00Z,2013-07-15T12:13:56Z,,,,,,,,CALCULATED
2013-07-15T06:30:00Z,2013-07-15T12:23:56Z,,,,,,,,CALCULATED
2013-07-15T06:40:00Z,2013-07-15T12:33:56Z,,,,,,,,CALCULATED
2013-07-15T06:50:00Z,2013-07-15T12:43:56Z,,,,,,,,CALCULATED
2013-07-15T07:00:00Z,2013-07-15T12:53:56Z,,,,,,,,CALCULATED
2013-07-15T07:10:00Z,2013-07-15T13:03:56Z,,,,,,,,CALCULATED
2013-07-15T07:20:00Z,2013-07-15T13:13:56Z,,,,,,,,CALCULATED
2013-07-15T07:30:00Z,2013-07-15T13:23:56Z,,,,,,,,CALCULATED
2013-07-15T07:40:00Z,2013-07-15T13:33:56Z,,,,,,,,CALCULATED
2013-07-15T07:50:00Z,2013-07-15T13:43:56Z,,RANGE_WARN,,,,,,CALCULATED
2013-07-15T08:00:00Z,2013-07-15T13:53:56Z,,,,,,,,CALCULATED
2013-07-15T08:10:00Z,2013-07-15T14:03:56Z,,,,,,,,CALCULATED
2013-07-15T08:20:00Z,2013-07-15T14:13:56Z,,RANGE_WARN,,,,,,CALCULATED
2013-07-15T08:30:00Z,2013-07-15T14:23:56Z,,,,,,,,CALCULATED
2013-07-15T08:40:00Z,2013-07-15T14:33:56Z,,,,,,,,CALCULATED
2013-07-15T08:50:00Z,2013-07-15T14:43:56Z,,RANGE_WARN,,,,,,CALCULATED
2013-07-15T09:00:00Z,2013-07-15T14:53:56Z,,,,,,,,CALCULATED
2013-07-15T09:10:00Z,2013-07-15T15:03:56Z,,RANGE_WARN,,,,,,CALCULATED
2013-07-15T09:20:00Z,2013-07-15T15:13:56Z,,RANGE_WARN,,,,,,CALCULATED
2013-07-15T09:30:00Z,2013-07-15T15:23:56Z,,,,,,,,CALCULATED
2013-07-15T09:40:00Z,2013-07-15T15:33:56Z,,,,,,,,CALCULATED
2013-07-15T09:50:00Z,2013-07-15T15:43:56Z,,,,,,,,CALCULATED
2013-07-15T10:00:00Z,2013-07-15T15:53:56Z,,RANGE_WARN,,,,,,CALCULATED
2013-07-15T10:10:00Z,2013-07-15T16:03:56Z,,,,,,,,CALCULATED
2013-07-15T10:20:00Z,2013-07-15T16:13:56Z,,RANGE_WARN,,,,,,CALCULATED
2013-07-15T10:30:00Z,2013-07-15T16:23:56Z,,,,,,,,CALCULATED
2013-07-15T10:40:00Z,2013-07-15T16:33:56Z,,,,,,,,CALCULATED
2013-07-15T10:50:00Z,2013-07-15T16:43:56Z,,,,,,,,CALCULATED
2013-07-15T11:00:00Z,2013-07-15T16:53:56Z,,RANGE_WARN,,,,,,CALCULATED
2013-07-15T11:10:00Z,2013-07-15T17:03:56Z,,,,,,,,CALCULATED
2013-07-15T11:20:00Z,2013-07-15T17:13:56Z,,,,,,,,CALCULATED
2013-07-15T11:30:00Z,2013-07-15T17:23:56Z,,,,,,,,CALCULATED
2013-07-15T11:40:00Z,2013-07-15T17:33:56Z,,,,,,,,CALCULATED
2013-07-15T11:50:00Z,2013-07-15T17:43:56Z,,,,,,,,CALCULATED
2013-07-15T12:00:00Z,2013-07-15T17:53:56Z,,,,,,,,CALCULATED
2013-07-15T12:10:00Z,2013-07-15T18:03:56Z,,,,,,,,CALCULATED
2013-07-15T12:20:00Z,2013-07-15T18:13:56Z,,,,,,,,CALCULATED
2013-07-15T12:30:00Z,2013-07-15T18:23:56Z,,,,,,,,CALCULATED
2013-07-15T12:40:00Z,2013-07-15T18:33:56Z,,,,,,,,CALCULATED
2013-07-15T12:50:00Z,2013-07-15T18:43:56Z,,,,,,,,CALCULATED
2013-07-15T13:00:00Z,2013-07-15T18:53:56Z,,,,,,,,CALCULATED
2013-07-15T13:10:00Z,2013-07-15T19:03:56Z,,,,,,,,CALCULATED
2013-07-15T13:20:00Z,2013-07-15T19:13:56Z,,,,,,,,CALCULATED
2013-07-15T13:30:00Z,2013-07-15T19:23:56Z,,,,,,,,CALCULATED
2013-07-15T13:40:00Z,2013-07-15T19:33:56Z,,,,,,,,CALCULATED
2013-07-15T13:50:00Z,2013-07-15T19:43:56Z,,,,,,,,CALCULATED
2013-07-15T14:00:00Z,2013-07-15T19:53:56Z,,,,,,,,CALCULATED
2013-07-15T14:10:00Z,2013-07-15T20:03:56Z,,,,,,,,CALCULATED
2013-07-15T14:20:00Z,2013-07-15T20:13:56Z,,,,,,,,CALCULATED
2013-07-15T14:30:00Z,2013-07-15T20:23:56Z,,,,,,,,CALCULATED
2013-07-15T14:40:00Z,2013-07-15T20:33:56Z,,,,,,,,CALCULATED
2013-07-15T14:50:00Z,2013-07-15T20:43:56Z,,,,,,,,CALCULATED
2013-07-15T15:00:00Z,2013-07-15T20:53:56Z,,,,,,,,CALCULATED
2013-07-15T15:10:00Z,2013-07-15T21:03:56Z,,,,,,,,CALCULATED
2013-07-15T15:20:00Z,2013-07-15T21:13:56Z,,,,,,,,CALCULATED
2013-07-15T15:30:00Z,2013-07-15T21:23:56Z,,,,,,,,CALCULATED
2013-07-15T15:40:00Z,2013-07-15T21:33:56Z,,,,,,,,CALCULATED
2013-07-15T15:50:00Z,2013-07-15T21:43:56Z,,,,,,,,CALCULATED
2013-07-15T16:00:00Z,2013-07-15T21:53:56Z,,,,,,,,CALCULATED
2013-07-15T16:10:00Z,2013-07-15T22:03:56Z,,,,,,,,CALCULATED
2013-07-15T16:20:00Z,2013-07-15T22:13:56Z,,,,,,,,CALCULATED
2013-07-15T16:30:00Z,2013-07-15T22:23:56Z,,,,,,,,CALCULATED
2013-07-15T16:40:00Z,2013-07-15T22:33:56Z,,,,,,,,CALCULATED
2013-07-15T16:50:00Z,2013-07-15T22:43:56Z,,,,,,,,CALCULATED
2013-07-15T17:00:00Z,2013-07-15T22:53:56Z,,,,,,,,CALCULATED
2013-07-15T17:10:00Z,2013-07-15T23:03:56Z,,,,,,,,CALCULATED
2013-07-15T17:20:00Z,2013-07-15T23:13:56Z,,,,,,,,CALCULATED
2013-07-15T17:30:00Z,2013-07-15T23:23:56Z,,,,,,,,CALCULATED
2013-07-15T17:40:00Z,2013-07-15T23:33:56Z,,,,,,,,CALCULATED
2013-07-15T17:50:00Z,2013-07-15T23:43:56Z,,,,,,,,CALCULATED
2013-07-15T18:00:00Z,2013-07-15T23:53:56Z,,,,,,,,CALCULATED
2013-07-15T18:10:00Z,2013-07-16T00:03:52Z,,,,,,,,CALCULATED
2013-07-15T18:20:00Z,2013-07-16T00:13:52Z,,,,,,,,CALCULATED
2013-07-15T18:30:00Z,2013-07-16T00:23:52Z,,,,,,,,CALCULATED
2013-07-15T18:40:00Z,2013-07-16T00:33:52Z,,,,,,,,CALCULATED
2013-07-15T18:50:00Z,2013-07-16T00:43:52Z,,,,,,OUT_WARN,,CALCULATED
2013-07-15T19:00:00Z,2013-07-16T00:53:52Z,,,,,,,,CALCULATED
2013-07-15T19:10:00Z,2013-07-16T01:03:52Z,,,,,,,,CALCULATED
2013-07-15T19:20:00Z,2013-07-16T01:13:52Z,,,,,,,,CALCULATED
2013-07-15T19:30:00Z,2013-07-16T01:23:52Z,,,,,,,,CALCULATED
2013-07-15T19:40:00Z,2013-07-16T01:33:52Z,,,,,,,,CALCULATED
2013-07-15T19:50:00Z,2013-07-16T01:43:52Z,,,,,,,,CALCULATED
2013-07-15T20:00:00Z,2013-07-16T01:53:52Z,,,,,,,,CALCULATED
2013-07-15T20:10:00Z,2013-07-16T02:03:52Z,,,,,,,,CALCULATED
2013-07-15T20:20:00Z,2013-07-16T02:13:52Z,,,,,,,,CALCULATED
2013-07-15T20:30:00Z,2013-07-16T02:23:52Z,,,,,,,,CALCULATED
2013-07-15T20:40:00Z,2013-07-16T02:33:52Z,,,,,,,,CALCULATED
2013-07-15T20:50:00Z,2013-07-16T02:43:52Z,,,,,,,,CALCULATED
2013-07-15T21:00:00Z,2013-07-16T02:53:52Z,,,,,,,,CALCULATED
2013-07-15T21:10:00Z,2013-07-16T03:03:52Z,,,,,,OUT_WARN,,CALCULATED
2013-07-15T21:20:00Z,2013-07-16T03:13:52Z,,,,,,OUT_WARN,,CALCULATED
2013-07-15T21:30:00Z,2013-07-16T03:23:52Z,,,,,,,,CALCULATED
2013-07-15T21:40:00Z,2013-07-16T03:33:52Z,,,,,,,,CALCULATED
2013-07-15T21:50:00Z,2013-07-16T03:43:52Z,,,,,,,,CALCULATED
2013-07-15T22:00:00Z,2013-07-16T03:53:52Z,,,,,,,,CALCULATED
2013-07-15T22:10:00Z,2013-07-16T04:03:52Z,,,,,,OUT_WARN,,CALCULATED
2013-07-15T22:20:00Z,2013-07-16T04:13:52Z,,,,,,,,CALCULATED
2013-07-15T22:30:00Z,2013-07-16T04:23:52Z,,,,,,,,CALCULATED
2013-07-15T22:40:00Z,2013-07-16T04:33:52Z,,,,,,,,CALCULATED
2013-07-15T22:50:00Z,2013-07-16T04:43:52Z,,,,,,,,CALCULATED
2013-07-15T23:00:00Z,2013-07-16T04:53:52Z,,,,,,,,CALCULATED
2013-07-15T23:10:00Z,2013-07-16T05:03:52Z,,,,,,,,CALCULATED
2013-07-15T23:20:00Z,2013-07-16T05:13:52Z,,,,,,,,CALCULATED
2013-07-15T23:30:00Z,2013-07-16T05:23:52Z,,,,,,,,CALCULATED
2013-07-15T23:40:00Z,2013-07-16T05:33:52Z,,,,,,,,CALCULATED
2013-07-15T23:50:00Z,2013-07-16T05:43:52Z,,,,,,,,CALCULATED
2013-07-16T00:00:00Z,2013-07-16T05:53:52Z,,,,,,,,CALCULATED
2013-07-16T00:10:00Z,2013-07-16T06:03:52Z,,,,,,,,CALCULATED
2013-07-16T00:20:00Z,2013-07-16T06:13:52Z,,,,,,,,CALCULATED
2013-07-16T00:30:00Z,2013-07-16T06:23:52Z,,,,,,,,CALCULATED
2013-07-16T00:40:00Z,2013-07-16T06:33:52Z,,,,,,,,CALCULATED
2013-07-16T00:50:00Z,2013-07-16T06:43:52Z,,,,,,,,CALCULATED
2013-07-16T01:00:00Z,2013-07-16T06:53:52Z,,,,,,,,CALCULATED
2013-07-16T01:10:00Z,2013-07-16T07:03:52Z,,,,,,,,CALCULATED
2013-07-16T01:20:00Z,2013-07-16T07:13:52Z,,,,,,,,CALCULATED
2013-07-16T01:30:00Z,2013-07-16T07:23:52Z,,,,,,,,CALCULATED
2013-07-16T01:40:00Z,2013-07-16T07:33:52Z,,,,,,,,CALCULATED
2013-07-16T01:50:00Z,2013-07-16T07:43:52Z,,,,,,,,CALCULATED
2013-07-16T02:00:00Z,2013-07-16T07:53:52Z,,,,,,,,CALCULATED
2013-07-16T02:10:00Z,2013-07-16T08:03:52Z,,,,,,,,CALCULATED
2013-07-16T02:20:00Z,2013-07-16T08:13:52Z,,,,,,,,CALCULATED
2013-07-16T02:30:00Z,2013-07-16T08:23:52Z,,,,,,,,CALCULATED
2013-07-16T02:40:00Z,2013-07-16T08:33:52Z,,,,,,,,CALCULATED
2013-07-16T02:50:00Z,2013-07-16T08:43:52Z,,,,,,,,CALCULATED
2013-07-16T03:00:00Z,2013-07-16T08:53:52Z,,,,,,,,CALCULATED
2013-07-16T03:10:00Z,2013-07-16T09:03:52Z,,,,,,,,CALCULATED
2013-07-16T03:20:00Z,2013-07-16T09:13:52Z,,,,,,,,CALCULATED
2013-07-16T03:30:00Z,2013-07-16T09:23:52Z,,,,,,,,CALCULATED
2013-07-16T03:40:00Z,2013-07-16T09:33:52Z,,,,,,,,CALCULATED
2013-07-16T03:50:00Z,2013-07-16T09:43:52Z,,,,,,,,CALCULATED
2013-07-16T04:00:00Z,2013-07-16T09:53:52Z,,,,,,,,CALCULATED
2013-07-16T04:10:00Z,2013-07-16T10:03:52Z,,,,,,,,CALCULATED
2013-07-16T04:20:00Z,2013-07-16T10:13:52Z,,,,,,,,CALCULATED
2013-07-16T04:30:00Z,2013-07-16T10:23:52Z,,,,,,,,CALCULATED
2013-07-16T04:40:00Z,2013-07-16T10:33:52Z,,,,,,,,CALCULATED
2013-07-16T04:50:00Z,2013-07-16T10:43:52Z,,,,,,,,CALCULATED
2013-07-16T05:00:00Z,2013-07-16T10:53:52Z,,,,,,,,CALCULATED
2013-07-16T05:10:00Z,2013-07-16T11:03:52Z,,,,,,,,CALCULATED
2013-07-16T05:20:00Z,2013-07-16T11:13:52Z,,,,,,,,CALCULATED
2013-07-16T05:30:00Z,2013-07-16T11:23:52Z,,,,,,,,CALCULATED
2013-07-16T05:40:00Z,2013-07-16T11:33:52Z,,,,,,,,CALCULATED
2013-07-16T05:50:00Z,2013-07-16T11:43:52Z,,,,,,,,CALCULATED
2013-07-16T06:00:00Z,2013-07-16T11:53:52Z,,,,,,,,CALCULATED
2013-07-16T06:10:00Z,2013-07-16T12:03:52Z,,,,,,,,CALCULATED
2013-07-16T06:20:00Z,2013-07-16T12:13:52Z,,,,,,,,CALCULATED
2013-07-16T06:30:00Z,2013-07-16T12:23:52Z,,,,,,,,CALCULATED
2013-07-16T06:40:00Z,2013-07-16T12:33:52Z,,,,,,,,CALCULATED
2013-07-16T06:50:00Z,2013-07-16T12:43:52Z,,,,,,,,CALCULATED
2013-07-16T07:00:00Z,2013-07-16T12:53:52Z,,,,,,,,CALCULATED
2013-07-16T07:10:00Z,2013-07-16T13:03:52Z,,,,,,,,CALCULATED
2013-07-16T07:20:00Z,2013-07-16T13:13:52Z,,,,,,,,CALCULATED
2013-07-16T07:30:00Z,2013-07-16T13:23:52Z,,,,,,,,CALCULATED
2013-07-16T07:40:00Z,2013-07-16T13:33:52Z,,,,,,,,CALCULATED
2013-07-16T07:50:00Z,2013-07-16T13:43:52Z,,,,,,,,CALCULATED
2013-07-16T08:00:00Z,2013-07-16T13:53:52Z,,,,,,,,CALCULATED
2013-07-16T08:10:00Z,2013-07-16T14:03:52Z,,,,,,,,CALCULATED
2013-07-16T08:20:00Z,2013-07-16T14:13:52Z,,,,,,,,CALCULATED
2013-07-16T08:30:00Z,2013-07-16T14:23:52Z,,,,,,,,CALCULATED
2013-07-16T08:40:00Z,2013-07-16T14:33:52Z,,,,,,,,CALCULATED
2013-07-16T08:50:00Z,2013-07-16T14:43:52Z,,,,,,,,CALCULATED
2013-07-16T09:00:00Z,2013-07-16T14:53:52Z,,,,,,,,CALCULATED
2013-07-16T09:10:00Z,2013-07-16T15:03:52Z,,,,,,,,CALCULATED
2013-07-16T09:20:00Z,2013-07-16T15:13:52Z,,,,,,,,CALCULATED
2013-07-16T09:30:00Z,2013-07-16T15:23:52Z,,,,,,,,CALCULATED
2013-07-16T09:40:00Z,2013-07-16T15:33:52Z,,,,,,,,CALCULATED
2013-07-16T09:50:00Z,2013-07-16T15:43:52Z,,,,,,,,CALCULATED
2013-07-16T10:00:00Z,2013-07-16T15:53:52Z,,,,,,,,CALCULATED
2013-07-16T10:10:00Z,2013-07-16T16:03:52Z,,,,,,,,CALCULATED
2013-07-16T10:20:00Z,2013-07-16T16:13:52Z,,,,,,,,CALCULATED
2013-07-16T10:30:00Z,2013-07-16T16:23:52Z,,,,,,,,CALCULATED
2013-07-16T10:40:00Z,2013-07-16T16:33:52Z,,,,,,,,CALCULATED
2013-07-16T10:50:00Z,2013-07-16T16:43:52Z,,,,,,,,CALCULATED
2013-07-16T11:00:00Z,2013-07-16T16:53:52Z,,,,,,,,CALCULATED
2013-07-16T11:10:00Z,2013-07-16T17:03:52Z,,,,,,,,CALCULATED
2013-07-16T11:20:00Z,2013-07-16T17:13:52Z,,,,,,,,CALCULATED
2013-07-16T11:30:00Z,2013-07-16T17:23:52Z,,,,,,,,CALCULATED
2013-07-16T11:40:00Z,2013-07-16T17:33:52Z,,,,,,OUT_WARN,,CALCULATED
2013-07-16T11:50:00Z,2013-07-16T17:43:52Z,,,,,,,,CALCULATED
2013-07-16T12:00:00Z,2013-07-16T17:53:52Z,,,,,,,,CALCULATED
2013-07-16T12:10:00Z,2013-07-16T18:03:52Z,,,,,,,,CALCULATED
2013-07-16T12:20:00Z,2013-07-16T18:13:52Z,,,,,,,,CALCULATED
2013-07-16T12:30:00Z,2013-07-16T18:23:52Z,,,,,,,,CALCULATED
2013-07-16T12:40:00Z,2013-07-16T18:33:52Z,,,,,,,,CALCULATED
2013-07-16T12:50:00Z,2013-07-16T18:43:52Z,,,,,,,,CALCULATED
2013-07-16T13:00:00Z,2013-07-16T18:53:52Z,,,,,,,,CALCULATED
2013-07-16T13:10:00Z,2013-07-16T19:03:52Z,,,,,,,,CALCULATED
2013-07-16T13:20:00Z,2013-07-16T19:13:52Z,,,,,,,,CALCULATED
2013-07-16T13:30:00Z,2013-07-16T19:23:52Z,,,,,,,,CALCULATED
2013-07-16T13:40:00Z,2013-07-16T19:33:52Z,,,,,,,,CALCULATED
2013-07-16T13:50:00Z,2013-07-16T19:43:52Z,,,,,,,,CALCULATED
2013-07-16T14:00:00Z,2013-07-16T19:53:52Z,,,,,,,,CALCULATED
2013-07-16T14:10:00Z,2013-07-16T20:03:52Z,,,,,,OUT_WARN,,CALCULATED
2013-07-16T14:20:00Z,2013-07-16T20:13:52Z,,,,,,OUT_WARN,,CALCULATED
2013-07-16T14:30:00Z,2013-07-16T20:23:52Z,,,,,,OUT_WARN,,CALCULATED
2013-07-16T14:40:00Z,2013-07-16T20:33:52Z,,,,,,,,CALCULATED
2013-07-16T14:50:00Z,2013-07-16T20:43:52Z,,,,,,,,CALCULATED
2013-07-16T15:00:00Z,2013-07-16T20:53:52Z,,,,,,,,CALCULATED
2013-07-16T15:10:00Z,2013-07-16T21:03:52Z,,,,,,,,CALCULATED
2013-07-16T15:20:00Z,2013-07-16T21:13:52Z,,,,,,,,CALCULATED
2013-07-16T15:30:00Z,2013-07-16T21:23:52Z,,,,,,,,CALCULATED
2013-07-16T15:40:00Z,2013-07-16T21:33:52Z,,,,,,,,CALCULATED
2013-07-16T15:50:00Z,2013-07-16T21:43:52Z,,,,,,,,CALCULATED
2013-07-16T16:00:00Z,2013-07-16T21:53:52Z,,,,,,,,CALCULATED
2013-07-16T16:10:00Z,2013-07-16T22:03:52Z,,,,,,,,CALCULATED
2013-07-16T16:20:00Z,2013-07-16T22:13:52Z,,,,,,,,CALCULATED
2013-07-16T16:30:00Z,2013-07-16T22:23:52Z,,,,,,,,CALCULATED
2013-07-16T16:40:00Z,2013-07-16T22:33:52Z,,,,,,,,CALCULATED
2013-07-16T16:50:00Z,2013-07-16T22:43:52Z,,,,,,,,CALCULATED
2013-07-16T17:00:00Z,2013-07-16T22:53:52Z,,,,,,,,CALCULATED
2013-07-16T17:10:00Z,2013-07-16T23:03:52Z,,,,,,,,CALCULATED
2013-07-16T17:20:00Z,2013-07-16T23:13:52Z,,,,,,,,CALCULATED
2013-07-16T17:30:00Z,2013-07-16T23:23:52Z,,,,,,,,CALCULATED
2013-07-16T17:40:00Z,2013-07-16T23:33:52Z,,,,,,,,CALCULATED
2013-07-16T17:50:00Z,2013-07-16T23:43:52Z,,,,,,,,CALCULATED
2013-07-16T18:00:00Z,2013-07-16T23:53:52Z,,,,,,,,CALCULATED
2013-07-16T18:10:00Z,2013-07-17T00:03:48Z,,,,,,,,CALCULATED
2013-07-16T18:20:00Z,2013-07-17T00:13:48Z,,,,,,,,CALCULATED
2013-07-16T18:30:00Z,2013-07-17T00:23:48Z,,,,,,,,CALCULATED
2013-07-16T18:40:00Z,2013-07-17T00:33:48Z,,,,,,,,CALCULATED
2013-07-16T18:50:00Z,2013-07-17T00:43:48Z,,,,,,,,CALCULATED
2013-07-16T19:00:00Z,2013-07-17T00:53:48Z,,,,,,,,CALCULATED
2013-07-16T19:10:00Z,2013-07-17T01:03:48Z,,,,,,,,CALCULATED
2013-07-16T19:20:00Z,2013-07-17T01:13:48Z,,,,,,,,CALCULATED
2013-07-16T19:30:00Z,2013-07-17T01:23:48Z,,,,,,,,CALCULATED
2013-07-16T19:40:00Z,2013-07-17T01:33:48Z,,,,,,,,CALCULATED
2013-07-16T19:50:00Z,2013-07-17T01:43:48Z,,,,,,,,CALCULATED
2013-07-16T20:00:00Z,2013-07-17T01:53:48Z,,,,,,,,CALCULATED
2013-07-16T20:10:00Z,2013-07-17T02:03:48Z,,,,,,,,CALCULATED
2013-07-16T20:20:00Z,2013-07-17T02:13:48Z,,,,,,,,CALCULATED
2013-07-16T20:30:00Z,2013-07-17T02:23:48Z,,,,,,,,CALCULATED
2013-07-16T20:40:00Z,2013-07-17T02:33:48Z,,,,,,,,CALCULATED
2013-07-16T20:50:00Z,2013-07-17T02:43:48Z,,,,,,,,CALCULATED
2013-07-16T21:00:00Z,2013-07-17T02:53:48Z,,,,,,,,CALCULATED
2013-07-16T21:10:00Z,2013-07-17T03:03:48Z,,,,,,,,CALCULATED
2013-07-16T21:20:00Z,2013-07-17T03:13:48Z,,,,,,,,CALCULATED
2013-07-16T21:30:00Z,2013-07-17T03:23:48Z,,,,,,,,CALCULATED
2013-07-16T21:40:00Z,2013-07-17T03:33:48Z,,,,,,,,CALCULATED
2013-07-16T21:50:00Z,2013-07-17T03:43:48Z,,,,,,,,CALCULATED
2013-07-16T22:00:00Z,2013-07-17T03:53:48Z,,,,,,,,CALCULATED
2013-07-16T22:10:00Z,2013-07-17T04:03:48Z,,,,,,,,CALCULATED
2013-07-16T22:20:00Z,2013-07-17T04:13:48Z,,,,,,,,CALCULATED
2013-07-16T22:30:00Z,2013-07-17T04:23:48Z,,,,,,,,CALCULATED
2013-07-16T22:40:00Z,2013-07-17T04:33:48Z,,,,,,,,CALCULATED
2013-07-16T22:50:00Z,2013-07-17T04:43:48Z,,,,,,,,CALCULATED
2013-07-16T23:00:00Z,2013-07-17T04:53:48Z,,,,,,,,CALCULATED
2013-07-16T23:10:00Z,2013-07-17T05:03:48Z,,,,,,,,CALCULATED
2013-07-16T23:20:00Z,2013-07-17T05:13:48Z,,,,,,,,CALCULATED
2013-07-16T23:30:00Z,2013-07-17T05:23:48Z,,,,,,,,CALCULATED
2013-07-16T23:40:00Z,2013-07-17T05:33:48Z,,,,,,,,CALCULATED
2013-07-16T23:50:00Z,2013-07-17T05:43:48Z,,,,,,,,CALCULATED
2013-07-17T00:00:00Z,2013-07-17T05:53:48Z,,,,,,,,CALCULATED
2013-07-17T00:10:00Z,2013-07-17T06:03:48Z,,,,,,,,CALCULATED
2013-07-17T00:20:00Z,2013-07-17T06:13:48Z,,,,,,,,CALCULATED
2013-07-17T00:30:00Z,2013-07-17T06:23:48Z,,,,,,,,CALCULATED
2013-07-17T00:40:00Z,2013-07-17T06:33:48Z,,,,,,,,CALCULATED
2013-07-17T00:50:00Z,2013-07-17T06:43:48Z,,,,,,,,CALCULATED
2013-07-17T01:00:00Z,2013-07-17T06:53:48Z,,,,,,,,CALCULATED
2013-07-17T01:10:00Z,2013-07-17T07:03:48Z,,,,,,,,CALCULATED
2013-07-17T01:20:00Z,2013-07-17T07:13:48Z,,,,,,,,CALCULATED
2013-07-17T01:30:00Z,2013-07-17T07:23:48Z,,,,,,,,CALCULATED
2013-07-17T01:40:00Z,2013-07-17T07:33:48Z,,,,,,,,CALCULATED
2013-07-17T01:50:00Z,2013-07-17T07:43:48Z,,,,,,,,CALCULATED
2013-07-17T02:00:00Z,2013-07-17T07:53:48Z,,,,,,,,CALCULATED
2013-07-17T02:10:00Z,2013-07-17T08:03:48Z,,,,,,,,CALCULATED
2013-07-17T02:20:00Z,2013-07-17T08:13:48Z,,,,,,,,CALCULATED
2013-07-17T02:30:00Z,2013-07-17T08:23:48Z,,,,,,,,CALCULATED
2013-07-17T02:40:00Z,2013-07-17T08:33:48Z,,,,,,,,CALCULATED
2013-07-17T02:50:00Z,2013-07-17T08:43:48Z,,,,,,,,CALCULATED
2013-07-17T03:00:00Z,2013-07-17T08:53:48Z,,,,,,,,CALCULATED
2013-07-17T03:10:00Z,2013-07-17T09:03:48Z,,,,,,,,CALCULATED
2013-07-17T03:20:00Z,2013-07-17T09:13:48Z,,,,,,,,CALCULATED
2013-07-17T03:30:00Z,2013-07-17T09:23:48Z,,,,,,,,CALCULATED
2013-07-17T03:40:00Z,2013-07-17T09:33:48Z,,,,,,,,CALCULATED
2013-07-17T03:50:00Z,2013-07-17T09:43:48Z,,,,,,,,CALCULATED
2013-07-17T04:00:00Z,2013-07-17T09:53:48Z,,,,,,,,CALCULATED
2013-07-17T04:10:00Z,2013-07-17T10:03:48Z,,,,,,,,CALCULATED
2013-07-17T04:20:00Z,2013-07-17T10:13:48Z,,,,,,,,CALCULATED
2013-07-17T04:30:00Z,2013-07-17T10:23:48Z,,,,,,,,CALCULATED
2013-07-17T04:40:00Z,2013-07-17T10:33:48Z,,,,,,,,CALCULATED
2013-07-17T04:50:00Z,2013-07-17T10:43:48Z,,,,,,,,CALCULATED
2013-07-17T05:00:00Z,2013-07-17T10:53:48Z,,,,,,,,CALCULATED
2013-07-17T05:10:00Z,2013-07-17T11:03:48Z,,,,,,,,CALCULATED
2013-07-17T05:20:00Z,2013-07-17T11:13:48Z,,,,,,,,CALCULATED
2013-07-17T05:30:00Z,2013-07-17T11:23:48Z,,,,,,,,CALCULATED
2013-07-17T05:40:00Z,2013-07-17T11:33:48Z,,,,,,,,CALCULATED
2013-07-17T05:50:00Z,2013-07-17T11:43:48Z,,,,,,,,CALCULATED
2013-07-17T06:00:00Z,2013-07-17T11:53:48Z,,,,,,,,CALCULATED
2013-07-17T06:10:00Z,2013-07-17T12:03:48Z,,,,,,,,CALCULATED
2013-07-17T06:20:00Z,2013-07-17T12:13:48Z,,,,,,,,CALCULATED
2013-07-17T06:30:00Z,2013-07-17T12:23:48Z,,,,,,,,CALCULATED
2013-07-17T06:40:00Z,2013-07-17T12:33:48Z,,,,,,,,CALCULATED
2013-07-17T06:50:00Z,2013-07-17T12:43:48Z,,,,,,,,CALCULATED
2013-07-17T07:00:00Z,2013-07-17T12:53:48Z,,,,,,,,CALCULATED
2013-07-17T07:10:00Z,2013-07-17T13:03:48Z,,,,,,,,CALCULATED
2013-07-17T07:20:00Z,2013-07-17T13:13:48Z,,,,,,,,CALCULATED
2013-07-17T07:30:00Z,2013-07-17T13:23:48Z,,,,,,,,CALCULATED
2013-07-17T07:40:00Z,2013-07-17T13:33:48Z,,,,,,,,CALCULATED
2013-07-17T07:50:00Z,2013-07-17T13:43:48Z,,,,,,,,CALCULATED
2013-07-17T08:00:00Z,2013-07-17T13:53:48Z,,,,,,,,CALCULATED
2013-07-17T08:10:00Z,2013-07-17T14:03:48Z,,,,,,,,CALCULATED
2013-07-17T08:20:00Z,2013-07-17T14:13:48Z,,,,,,,,CALCULATED
2013-07-17T08:30:00Z,2013-07-17T14:23:48Z,,,,,,,,CALCULATED
2013-07-17T08:40:00Z,2013-07-17T14:33:48Z,,,,,,,,CALCULATED
2013-07-17T08:50:00Z,2013-07-17T14:43:48Z,,,,,,,,CALCULATED
2013-07-17T09:00:00Z,2013-07-17T14:53:48Z,,,,,,,,CALCULATED
2013-07-17T09:10:00Z,2013-07-17T15:03:48Z,,,,,,,,CALCULATED
2013-07-17T09:20:00Z,2013-07-17T15:13:48Z,,,,,,,,CALCULATED
2013-07-17T09:30:00Z,2013-07-17T15:23:48Z,,,,,,,,CALCULATED
2013-07-17T09:40:00Z,2013-07-17T15:33:48Z,,,,,,,,CALCULATED
2013-07-17T09:50:00Z,2013-07-17T15:43:48Z,,,,,,,,CALCULATED
2013-07-17T10:00:00Z,2013-07-17T15:53:48Z,,,,,,,,CALCULATED
2013-07-17T10:10:00Z,2013-07-17T16:03:48Z,,,,,,,,CALCULATED
2013-07-17T10:20:00Z,2013-07-17T16:13:48Z,,,,,,,,CALCULATED
2013-07-17T10:30:00Z,2013-07-17T16:23:48Z,,,,,,,,CALCULATED
2013-07-17T10:40:00Z,2013-07-17T16:33:48Z,,,,,,,,CALCULATED
2013-07-17T10:50:00Z,2013-07-17T16:43:48Z,,,,,,,,CALCULATED
2013-07-17T11:00:00Z,2013-07-17T16:53:48Z,,,,,,,,CALCULATED
2013-07-17T11:10:00Z,2013-07-17T17:03:48Z,,,,,,,,CALCULATED
2013-07-17T11:20:00Z,2013-07-17T17:13:48Z,,,,,,,,CALCULATED
2013-07-17T11:30:00Z,2013-07-17T17:23:48Z,,,,,,,,CALCULATED
2013-07-17T11:40:00Z,2013-07-17T17:33:48Z,,,,,,,,CALCULATED
2013-07-17T11:50:00Z,2013-07-17T17:43:48Z,,,,,,,,CALCULATED
2013-07-17T12:00:00Z,2013-07-17T17:53:48Z,,,,,,,,CALCULATED
2013-07-17T12:10:00Z,2013-07-17T18:03:48Z,,,,,,,,CALCULATED
2013-07-17T12:20:00Z,2013-07-17T18:13:48Z,,,,,,,,CALCULATED
2013-07-17T12:30:00Z,2013-07-17T18:23:48Z,,,,,,,,CALCULATED
2013-07-17T12:40:00Z,2013-07-17T18:33:48Z,,,,,,,,CALCULATED
2013-07-17T12:50:00Z,2013-07-17T18:43:48Z,,,,,,,,CALCULATED
2013-07-17T13:00:00Z,2013-07-17T18:53:48Z,,,,,,,,CALCULATED
2013-07-17T13:10:00Z,2013-07-17T19:03:48Z,,,,,,OUT_WARN,,CALCULATED
2013-07-17T13:20:00Z,2013-07-17T19:13:48Z,,,,,,OUT_WARN,,CALCULATED
2013-07-17T13:30:00Z,2013-07-17T19:23:48Z,,,,,,,,CALCULATED
2013-07-17T13:40:00Z,2013-07-17T19:33:48Z,,,,,,,,CALCULATED
2013-07-17T13:50:00Z,2013-07-17T19:43:48Z,,,,,,,,CALCULATED
2013-07-17T14:00:00Z,2013-07-17T19:53:48Z,,,,,,,,CALCULATED
2013-07-17T14:10:00Z,2013-07-17T20:03:48Z,,,,,,,,CALCULATED
2013-07-17T14:20:00Z,2013-07-17T20:13:48Z,,,,,,,,CALCULATED
2013-07-17T14:30:00Z,2013-07-17T20:23:48Z,,,,,,,,CALCULATED
2013-07-17T14:40:00Z,2013-07-17T20:33:48Z,,,,,,,,CALCULATED
2013-07-17T14:50:00Z,2013-07-17T20:43:48Z,,,,,,,,CALCULATED
2013-07-17T15:00:00Z,2013-07-17T20:53:48Z,,,,,,,,CALCULATED
2013-07-17T15:10:00Z,2013-07-17T21:03:48Z,,,,,,,,CALCULATED
2013-07-17T15:20:00Z,2013-07-17T21:13:48Z,,,,,,,,CALCULATED
2013-07-17T15:30:00Z,2013-07-17T21:23:48Z,,,,,,,,CALCULATED
2013-07-17T15:40:00Z,2013-07-17T21:33:48Z,,,,,,,,CALCULATED
2013-07-17T15:50:00Z,2013-07-17T21:43:48Z,,,,,,,,CALCULATED
2013-07-17T16:00:00Z,2013-07-17T21:53:48Z,,,,,,,,CALCULATED
2013-07-17T16:10:00Z,2013-07-17T22:03:48Z,,,,,,,,CALCULATED
2013-07-17T16:20:00Z,2013-07-17T22:13:48Z,,,,,,,,CALCULATED
2013-07-17T16:30:00Z,2013-07-17T22:23:48Z,,,,,,,,CALCULATED
2013-07-17T16:40:00Z,2013-07-17T22:33:48Z,,,,,,,,CALCULATED
2013-07-17T16:50:00Z,2013-07-17T22:43:48Z,,,,,,,,CALCULATED
2013-07-17T17:00:00Z,2013-07-17T22:53:48Z,,,,,,,,CALCULATED
2013-07-17T17:10:00Z,2013-07-17T23:03:48Z,,,,,,,,CALCULATED
2013-07-17T17:20:00Z,2013-07-17T23:13:48Z,,,,,,,,CALCULATED
2013-07-17T17:30:00Z,2013-07-17T23:23:48Z,,,,,,,,CALCULATED
2013-07-17T17:40:00Z,2013-07-17T23:33:48Z,,,,,,OUT_WARN,,CALCULATED
2013-07-17T17:50:00Z,2013-07-17T23:43:48Z,,,,,,OUT_WARN,,CALCULATED
2013-07-17T18:00:00Z,2013-07-17T23:53:48Z,,,,,,OUT_WARN,,CALCULATED
2013-07-17T18:10:00Z,2013-07-18T00:03:45Z,,,,,,,,CALCULATED
2013-07-17T18:20:00Z,2013-07-18T00:13:45Z,,,,,,,,CALCULATED
2013-07-17T18:30:00Z,2013-07-18T00:23:45Z,,,,,,,,CALCULATED
2013-07-17T18:40:00Z,2013-07-18T00:33:45Z,,,,,,OUT_WARN,,CALCULATED
2013-07-17T18:50:00Z,2013-07-18T00:43:45Z,,,,,,,,CALCULATED
2013-07-17T19:00:00Z,2013-07-18T00:53:45Z,,,,,,,,CALCULATED
2013-07-17T19:10:00Z,2013-07-18T01:03:45Z,,,,,,,,CALCULATED
2013-07-17T19:20:00Z,2013-07-18T01:13:45Z,,,,,,,,CALCULATED
2013-07-17T19:30:00Z,2013-07-18T01:23:45Z,,,,,,,,CALCULATED
2013-07-17T19:40:00Z,2013-07-18T01:33:45Z,,,,,,,,CALCULATED
2013-07-17T19:50:00Z,2013-07-18T01:43:45Z,,,,,,,,CALCULATED
2013-07-17T20:00:00Z,2013-07-18T01:53:45Z,,,,,,,,CALCULATED
2013-07-17T20:10:00Z,2013-07-18T02:03:45Z,,,,,,,,CALCULATED
2013-07-17T20:20:00Z,2013-07-18T02:13:45Z,,,,,,,,CALCULATED
2013-07-17T20:30:00Z,2013-07-18T02:23:45Z,,,,,,,,CALCULATED
2013-07-17T20:40:00Z,2013-07-18T02:33:45Z,,,,,,,,CALCULATED
2013-07-17T20:50:00Z,2013-07-18T02:43:45Z,,,,,,,,CALCULATED
2013-07-17T21:00:00Z,2013-07-18T02:53:45Z,,OUT_WARN,,,,,,CALCULATED
2013-07-17T21:10:00Z,2013-07-18T03:03:45Z,,,,,,,,CALCULATED
2013-07-17T21:20:00Z,2013-07-18T03:13:45Z,,,,,,,,CALCULATED
2013-07-17T21:30:00Z,2013-07-18T03:23:45Z,,,,,,,,CALCULATED
2013-07-17T21:40:00Z,2013-07-18T03:33:45Z,,,,,,,,CALCULATED
2013-07-17T21:50:00Z,2013-07-18T03:43:45Z,,,,,,,,CALCULATED
2013-07-17T22:00:00Z,2013-07-18T03:53:45Z,,,,,,,,CALCULATED
2013-07-17T22:10:00Z,2013-07-18T04:03:45Z,,,,,,,,CALCULATED
2013-07-17T22:20:00Z,2013-07-18T04:13:45Z,,,,,,,,CALCULATED
2013-07-17T22:30:00Z,2013-07-18T04:23:45Z,,,,,,,,CALCULATED
2013-07-17T22:40:00Z,2013-07-18T04:33:45Z,,,,,,,,CALCULATED
2013-07-17T22:50:00Z,2013-07-18T04:43:45Z,,,,,,,,CALCULATED
2013-07-17T23:00:00Z,2013-07-18T04:53:45Z,,,,,,,,CALCULATED
2013-07-17T23:10:00Z,2013-07-18T05:03:45Z,,,,,,,,CALCULATED
2013-07-17T23:20:00Z,2013-07-18T05:13:45Z,,,,,,,,CALCULATED
2013-07-17T23:30:00Z,2013-07-18T05:23:45Z,,,,,,,,CALCULATED
2013-07-17T23:40:00Z,2013-07-18T05:33:45Z,,,,,,,,CALCULATED
2013-07-17T23:50:00Z,2013-07-18T05:43:45Z,,,,,,,,CALCULATED
2013-07-18T00:00:00Z,2013-07-18T05:53:45Z,,,,,,,,CALCULATED
2013-07-18T00:10:00Z,2013-07-18T06:03:45Z,,,,,,,,CALCULATED
2013-07-18T00:20:00Z,2013-07-18T06:13:45Z,,,,,,,,CALCULATED
2013-07-18T00:30:00Z,2013-07-18T06:23:45Z,,,,,,,,CALCULATED
2013-07-18T00:40:00Z,2013-07-18T06:33:45Z,,,,,,,,CALCULATED
2013-07-18T00:50:00Z,2013-07-18T06:43:45Z,,,,,,,,CALCULATED
2013-07-18T01:00:00Z,2013-07-18T06:53:45Z,,,,,,,,CALCULATED
2013-07-18T01:10:00Z,2013-07-18T07:03:45Z,,,,,,,,CALCULATED
2013-07-18T01:20:00Z,2013-07-18T07:13:45Z,,,,,,,,CALCULATED
2013-07-18T01:30:00Z,2013-07-18T07:23:45Z,,,,,,,,CALCULATED
2013-07-18T01:40:00Z,2013-07-18T07:33:45Z,,,,,,,,CALCULATED
2013-07-18T01:50:00Z,2013-07-18T07:43:45Z,,,,,,,,CALCULATED
2013-07-18T02:00:00Z,2013-07-18T07:53:45Z,,,,,,,,CALCULATED
2013-07-18T02:10:00Z,2013-07-18T08:03:45Z,,,,,,,,CALCULATED
2013-07-18T02:20:00Z,2013-07-18T08:13:45Z,,,,,,,,CALCULATED
2013-07-18T02:30:00Z,2013-07-18T08:23:45Z,,,,,,,,CALCULATED
2013-07-18T02:40:00Z,2013-07-18T08:33:45Z,,,,,,,,CALCULATED
2013-07-18T02:50:00Z,2013-07-18T08:43:45Z,,,,,,,,CALCULATED
2013-07-18T03:00:00Z,2013-07-18T08:53:45Z,,,,,,,,CALCULATED
2013-07-18T03:10:00Z,2013-07-18T09:03:45Z,,,,,,,,CALCULATED
2013-07-18T03:20:00Z,2013-07-18T09:13:45Z,,,,,,,,CALCULATED
2013-07-18T03:30:00Z,2013-07-18T09:23:45Z,,,,,,,,CALCULATED
2013-07-18T03:40:00Z,2013-07-18T09:33:45Z,,,,,,,,CALCULATED
2013-07-18T03:50:00Z,2013-07-18T09:43:45Z,,,,,,,,CALCULATED
2013-07-18T04:00:00Z,2013-07-18T09:53:45Z,,,,,,,,CALCULATED
2013-07-18T04:10:00Z,2013-07-18T10:03:45Z,,,,,,,,CALCULATED
2013-07-18T04:20:00Z,2013-07-18T10:13:45Z,,,,,,,,CALCULATED
2013-07-18T04:30:00Z,2013-07-18T10:23:45Z,,,,,,,,CALCULATED
2013-07-18T04:40:00Z,2013-07-18T10:33:45Z,,,,,,,,CALCULATED
2013-07-18T04:50:00Z,2013-07-18T10:43:45Z,,,,,,,,CALCULATED
2013-07-18T05:00:00Z,2013-07-18T10:53:45Z,,,,,,,,CALCULATED
2013-07-18T05:10:00Z,2013-07-18T11:03:45Z,,,,,,,,CALCULATED
2013-07-18T05:20:00Z,2013-07-18T11:13:45Z,,,,,,,,CALCULATED
2013-07-18T05:30:00Z,2013-07-18T11:23:45Z,,,,,,,,CALCULATED
2013-07-18T05:40:00Z,2013-07-18T11:33:45Z,,,,,,,,CALCULATED
2013-07-18T05:50:00Z,2013-07-18T11:43:45Z,,,,,,,,CALCULATED
2013-07-18T06:00:00Z,2013-07-18T11:53:45Z,,,,,,,,CALCULATED
2013-07-18T06:10:00Z,2013-07-18T12:03:45Z,,,,,,,,CALCULATED
2013-07-18T06:20:00Z,2013-07-18T12:13:45Z,,,,,,,,CALCULATED
2013-07-18T06:30:00Z,2013-07-18T12:23:45Z,,,,,,,,CALCULATED
2013-07-18T06:40:00Z,2013-07-18T12:33:45Z,,,,,,,,CALCULATED
2013-07-18T06:50:00Z,2013-07-18T12:43:45Z,,,,,,,,CALCULATED
2013-07-18T07:00:00Z,2013-07-18T12:53:45Z,,,,,,,,CALCULATED
2013-07-18T07:10:00Z,2013-07-18T13:03:45Z,,,,,,,,CALCULATED
2013-07-18T07:20:00Z,2013-07-18T13:13:45Z,,,,,,,,CALCULATED
2013-07-18T07:30:00Z,2013-07-18T13:23:45Z,,,,,,,,CALCULATED
2013-07-18T07:40:00Z,2013-07-18T13:33:45Z,,,,,,,,CALCULATED
2013-07-18T07:50:00Z,2013-07-18T13:43:45Z,,,,,,,,CALCULATED
2013-07-18T08:00:00Z,2013-07-18T13:53:45Z,,,,,,,,CALCULATED
2013-07-18T08:10:00Z,2013-07-18T14:03:45Z,,,,,,,,CALCULATED
2013-07-18T08:20:00Z,2013-07-18T14:13:45Z,,,,,,,,CALCULATED
2013-07-18T08:30:00Z,2013-07-18T14:23:45Z,,,,,,,,CALCULATED
2013-07-18T08:40:00Z,2013-07-18T14:33:45Z,,,,,,,,CALCULATED
2013-07-18T08:50:00Z,2013-07-18T14:43:45Z,,,,,,,,CALCULATED
2013-07-18T09:00:00Z,2013-07-18T14:53:45Z,,,,,,,,CALCULATED
2013-07-18T09:10:00Z,2013-07-18T15:03:45Z,,,,,,,,CALCULATED
2013-07-18T09:20:00Z,2013-07-18T15:13:45Z,,,,,,,,CALCULATED
2013-07-18T09:30:00Z,2013-07-18T15:23:45Z,,,,,,,,CALCULATED
2013-07-18T09:40:00Z,2013-07-18T15:33:45Z,,,,,,,,CALCULATED
2013-07-18T09:50:00Z,2013-07-18T15:43:45Z,,,,,,,,CALCULATED
2013-07-18T10:00:00Z,2013-07-18T15:53:45Z,,,,,,,,CALCULATED
2013-07-18T10:10:00Z,2013-07-18T16:03:45Z,,,,,,,,CALCULATED
2013-07-18T10:20:00Z,2013-07-18T16:13:45Z,,,,,,,,CALCULATED
2013-07-18T10:30:00Z,2013-07-18T16:23:45Z,,,,,,,,CALCULATED
2013-07-18T10:40:00Z,2013-07-18T16:33:45Z,,,,,,,,CALCULATED
2013-07-18T10:50:00Z,2013-07-18T16:43:45Z,,,,,,,,CALCULATED
2013-07-18T11:00:00Z,2013-07-18T16:53:45Z,,,,,,,,CALCULATED
2013-07-18T11:10:00Z,2013-07-18T17:03:45Z,,,,,,,,CALCULATED
2013-07-18T11:20:00Z,2013-07-18T17:13:45Z,,,,,,,,CALCULATED
2013-07-18T11:30:00Z,2013-07-18T17:23:45Z,,,,,,,,CALCULATED
2013-07-18T11:40:00Z,2013-07-18T17:33:45Z,,,,,,,,CALCULATED
2013-07-18T11:50:00Z,2013-07-18T17:43:45Z,,,,,,,,CALCULATED
2013-07-18T12:00:00Z,2013-07-18T17:53:45Z,,,,,,,,CALCULATED
2013-07-18T12:10:00Z,2013-07-18T18:03:45Z,,,,,,,,CALCULATED
2013-07-18T12:20:00Z,2013-07-18T18:13:45Z,,,,,,,,CALCULATED
2013-07-18T12:30:00Z,2013-07-18T18:23:45Z,,,,,,,,CALCULATED
2013-07-18T12:40:00Z,2013-07-18T18:33:45Z,,,,,,,,CALCULATED
2013-07-18T12:50:00Z,2013-07-18T18:43:45Z,,,,,,,,CALCULATED
2013-07-18T13:00:00Z,2013-07-18T18:53:45Z,,,,,,,,CALCULATED
2013-07-18T13:10:00Z,2013-07-18T19:03:45Z,,,,,,,,CALCULATED
2013-07-18T13:20:00Z,2013-07-18T19:13:45Z,,,,,,,,CALCULATED
2013-07-18T13:30:00Z,2013-07-18T19:23:45Z,,,,,,,,CALCULATED
2013-07-18T13:40:00Z,2013-07-18T19:33:45Z,,,,,,,,CALCULATED
2013-07-18T13:50:00Z,2013-07-18T19:43:45Z,,,,,,,,CALCULATED
2013-07-18T14:00:00Z,2013-07-18T19:53:45Z,,,,,,,,CALCULATED
2013-07-18T14:10:00Z,2013-07-18T20:03:45Z,,,,,,,,CALCULATED
2013-07-18T14:20:00Z,2013-07-18T20:13:45Z,,,,,,,,CALCULATED
2013-07-18T14:30:00Z,2013-07-18T20:23:45Z,,,,,,,,CALCULATED
2013-07-18T14:40:00Z,2013-07-18T20:33:45Z,,,,,,,,CALCULATED
2013-07-18T14:50:00Z,2013-07-18T20:43:45Z,,,,,,,,CALCULATED
2013-07-18T15:00:00Z,2013-07-18T20:53:45Z,,,,,,,,CALCULATED
2013-07-18T15:10:00Z,2013-07-18T21:03:45Z,,,,,,,,CALCULATED
2013-07-18T15:20:00Z,2013-07-18T21:13:45Z,,,,,,,,CALCULATED
2013-07-18T15:30:00Z,2013-07-18T21:23:45Z,,,,,,,,CALCULATED
2013-07-18T15:40:00Z,2013-07-18T21:33:45Z,,,,,,,,CALCULATED
2013-07-18T15:50:00Z,2013-07-18T21:43:45Z,,,,,,,,CALCULATED
2013-07-18T16:00:00Z,2013-07-18T21:53:45Z,,,,,,,,CALCULATED
2013-07-18T16:10:00Z,2013-07-18T22:03:45Z,,,,,,,,CALCULATED
2013-07-18T16:20:00Z,2013-07-18T22:13:45Z,,,,,,,,CALCULATED
2013-07-18T16:30:00Z,2013-07-18T22:23:45Z,,,,,,,,CALCULATED
2013-07-18T16:40:00Z,2013-07-18T22:33:45Z,,,,,,,,CALCULATED
2013-07-18T16:50:00Z,2013-07-18T22:43:45Z,,,,,,,,CALCULATED
2013-07-18T17:00:00Z,2013-07-18T22:53:45Z,,,,,,,,CALCULATED
2013-07-18T17:10:00Z,2013-07-18T23:03:45Z,,,,,,,,CALCULATED
2013-07-18T17:20:00Z,2013-07-18T23:13:45Z,,,,,,,,CALCULATED
2013-07-18T17:30:00Z,2013-07-18T23:23:45Z,,,,,,,,CALCULATED
2013-07-18T17:40:00Z,2013-07-18T23:33:45Z,,,,,,,,CALCULATED
2013-07-18T17:50:00Z,2013-07-18T23:43:45Z,,,,,,,,CALCULATED
2013-07-18T18:00:00Z,2013-07-18T23:53:45Z,,,,,,,,CALCULATED
2013-07-18T18:10:00Z,2013-07-19T00:03:42Z,,,,,,,,CALCULATED
2013-07-18T18:20:00Z,2013-07-19T00:13:42Z,,,,,,,,CALCULATED
2013-07-18T18:30:00Z,2013-07-19T00:23:42Z,,,,,,,,CALCULATED
2013-07-18T18:40:00Z,2013-07-19T00:33:42Z,,,,,,,,CALCULATED
2013-07-18T18:50:00Z,2013-07-19T00:43:42Z,,,,,,,,CALCULATED
2013-07-18T19:00:00Z,2013-07-19T00:53:42Z,,,,,,,,CALCULATED
2013-07-18T19:10:00Z,2013-07-19T01:03:42Z,,,,,,,,CALCULATED
2013-07-18T19:20:00Z,2013-07-19T01:13:42Z,,,,,,,,CALCULATED
2013-07-18T19:30:00Z,2013-07-19T01:23:42Z,,,,,,,,CALCULATED
2013-07-18T19:40:00Z,2013-07-19T01:33:42Z,,,,,,,,CALCULATED
2013-07-18T19:50:00Z,2013-07-19T01:43:42Z,,,,,,,,CALCULATED
2013-07-18T20:00:00Z,2013-07-19T01:53:42Z,,,,,,,,CALCULATED
2013-07-18T20:10:00Z,2013-07-19T02:03:42Z,,,,,,,,CALCULATED
2013-07-18T20:20:00Z,2013-07-19T02:13:42Z,,,,,,,,CALCULATED
2013-07-18T20:30:00Z,2013-07-19T02:23:42Z,,,,,,,,CALCULATED
2013-07-18T20:40:00Z,2013-07-19T02:33:42Z,,,,,,,,CALCULATED
2013-07-18T20:50:00Z,2013-07-19T02:43:42Z,,,,,,,,CALCULATED
2013-07-18T21:00:00Z,2013-07-19T02:53:42Z,,,,,,,,CALCULATED
2013-07-18T21:10:00Z,2013-07-19T03:03:42Z,,,,,,,,CALCULATED
2013-07-18T21:20:00Z,2013-07-19T03:13:42Z,,,,,,,,CALCULATED
2013-07-18T21:30:00Z,2013-07-19T03:23:42Z,,,,,,,,CALCULATED
2013-07-18T21:40:00Z,2013-07-19T03:33:42Z,,,,,,,,CALCULATED
2013-07-18T21:50:00Z,2013-07-19T03:43:42Z,,,,,,,,CALCULATED
2013-07-18T22:00:00Z,2013-07-19T03:53:42Z,,,,,,,,CALCULATED
2013-07-18T22:10:00Z,2013-07-19T04:03:42Z,,,,,,,,CALCULATED
2013-07-18T22:20:00Z,2013-07-19T04:13:42Z,,,,,,,,CALCULATED
2013-07-18T22:30:00Z,2013-07-19T04:23:42Z,,,,,,,,CALCULATED
2013-07-18T22:40:00Z,2013-07-19T04:33:42Z,,,,,,,,CALCULATED
2013-07-18T22:50:00Z,2013-07-19T04:43:42Z,,,,,,,,CALCULATED
2013-07-18T23:00:00Z,2013-07-19T04:53:42Z,,,,,,,,CALCULATED
2013-07-18T23:10:00Z,2013-07-19T05:03:42Z,,,,,,,,CALCULATED
2013-07-18T23:20:00Z,2013-07-19T05:13:42Z,,,,,,,,CALCULATED
2013-07-18T23:30:00Z,2013-07-19T05:23:42Z,,,,,,,,CALCULATED
2013-07-18T23:40:00Z,2013-07-19T05:33:42Z,,,,,,,,CALCULATED
2013-07-18T23:50:00Z,2013-07-19T05:43:42Z,,,,,,,,CALCULATED
2013-07-19T00:00:00Z,2013-07-19T05:53:42Z,,,,,,,,CALCULATED
2013-07-19T00:10:00Z,2013-07-19T06:03:42Z,,,,,,,,CALCULATED
2013-07-19T00:20:00Z,2013-07-19T06:13:42Z,,,,,,,,CALCULATED
2013-07-19T00:30:00Z,2013-07-19T06:23:42Z,,,,,,,,CALCULATED
2013-07-19T00:40:00Z,2013-07-19T06:33:42Z,,,,,,,,CALCULATED
2013-07-19T00:50:00Z,2013-07-19T06:43:42Z,,,,,,,,CALCULATED
2013-07-19T01:00:00Z,2013-07-19T06:53:42Z,,,,,,,,CALCULATED
2013-07-19T01:10:00Z,2013-07-19T07:03:42Z,,,,,,,,CALCULATED
2013-07-19T01:20:00Z,2013-07-19T07:13:42Z,,,,,,,,CALCULATED
2013-07-19T01:30:00Z,2013-07-19T07:23:42Z,,,,,,,,CALCULATED
2013-07-19T01:40:00Z,2013-07-19T07:33:42Z,,,,,,,,CALCULATED
2013-07-19T01:50:00Z,2013-07-19T07:43:42Z,,,,,,,,CALCULATED
2013-07-19T02:00:00Z,2013-07-19T07:53:42Z,,,,,,,,CALCULATED
2013-07-19T02:10:00Z,2013-07-19T08:03:42Z,,,,,,,,CALCULATED
2013-07-19T02:20:00Z,2013-07-19T08:13:42Z,,,,,,,,CALCULATED
2013-07-19T02:30:00Z,2013-07-19T08:23:42Z,,,,,,,,CALCULATED
2013-07-19T02:40:00Z,2013-07-19T08:33:42Z,,,,,,,,CALCULATED
2013-07-19T02:50:00Z,2013-07-19T08:43:42Z,,,,,,,,CALCULATED
2013-07-19T03:00:00Z,2013-07-19T08:53:42Z,,,,,,,,CALCULATED
2013-07-19T03:10:00Z,2013-07-19T09:03:42Z,,,,,,,,CALCULATED
2013-07-19T03:20:00Z,2013-07-19T09:13:42Z,,,,,,,,CALCULATED
2013-07-19T03:30:00Z,2013-07-19T09:23:42Z,,,,,,,,CALCULATED
2013-07-19T03:40:00Z,2013-07-19T09:33:42Z,,,,,,,,CALCULATED
2013-07-19T03:50:00Z,2013-07-19T09:43:42Z,,,,,,,,CALCULATED
2013-07-19T04:00:00Z,2013-07-19T09:53:42Z,,,,,,,,CALCULATED
2013-07-19T04:10:00Z,2013-07-19T10:03:42Z,,,,,,,,CALCULATED
2013-07-19T04:20:00Z,2013-07-19T10:13:42Z,,,,,,,,CALCULATED
2013-07-19T04:30:00Z,2013-07-19T10:23:42Z,,,,,,,,CALCULATED
2013-07-19T04:40:00Z,2013-07-19T10:33:42Z,,,,,,,,CALCULATED
2013-07-19T04:50:00Z,2013-07-19T10:43:42Z,,,,,,,,CALCULATED
2013-07-19T05:00:00Z,2013-07-19T10:53:42Z,,,,,,,,CALCULATED
2013-07-19T05:10:00Z,2013-07-19T11:03:42Z,,,,,,,,CALCULATED
2013-07-19T05:20:00Z,2013-07-19T11:13:42Z,,,,,,,,CALCULATED
2013-07-19T05:30:00Z,2013-07-19T11:23:42Z,,,,,,,,CALCULATED
2013-07-19T05:40:00Z,2013-07-19T11:33:42Z,,,,,,,,CALCULATED
2013-07-19T05:50:00Z,2013-07-19T11:43:42Z,,,,,,,,CALCULATED
2013-07-19T06:00:00Z,2013-07-19T11:53:42Z,,,,,,,,CALCULATED
2013-07-19T06:10:00Z,2013-07-19T12:03:42Z,,,,,,,,CALCULATED
2013-07-19T06:20:00Z,2013-07-19T12:13:42Z,,,,,,,,CALCULATED
2013-07-19T06:30:00Z,2013-07-19T12:23:42Z,,,,,,,,CALCULATED
2013-07-19T06:40:00Z,2013-07-19T12:33:42Z,,,,,,,,CALCULATED
2013-07-19T06:50:00Z,2013-07-19T12:43:42Z,,,,,,,,CALCULATED
2013-07-19T07:00:00Z,2013-07-19T12:53:42Z,,,,,,,,CALCULATED
2013-07-19T07:10:00Z,2013-07-19T13:03:42Z,,,,,,,,CALCULATED
2013-07-19T07:20:00Z,2013-07-19T13:13:42Z,,,,,,,,CALCULATED
2013-07-19T07:30:00Z,2013-07-19T13:23:42Z,,,,,,,,CALCULATED
2013-07-19T07:40:00Z,2013-07-19T13:33:42Z,,,,,,,,CALCULATED
2013-07-19T07:50:00Z,2013-07-19T13:43:42Z,,,,,,,,CALCULATED
2013-07-19T08:00:00Z,2013-07-19T13:53:42Z,,,,,,,,CALCULATED
2013-07-19T08:10:00Z,2013-07-19T14:03:42Z,,,,,,,,CALCULATED
2013-07-19T08:20:00Z,2013-07-19T14:13:42Z,,,,,,,,CALCULATED
2013-07-19T08:30:00Z,2013-07-19T14:23:42Z,,,,,,,,CALCULATED
2013-07-19T08:40:00Z,2013-07-19T14:33:42Z,,,,,,,,CALCULATED
2013-07-19T08:50:00Z,2013-07-19T14:43:42Z,,,,,,,,CALCULATED
2013-07-19T09:00:00Z,2013-07-19T14:53:42Z,,,,,,,,CALCULATED
2013-07-19T09:10:00Z,2013-07-19T15:03:42Z,,,,,,,,CALCULATED
2013-07-19T09:20:00Z,2013-07-19T15:13:42Z,,,,,,,,CALCULATED
2013-07-19T09:30:00Z,2013-07-19T15:23:42Z,,,,,,,,CALCULATED
2013-07-19T09:40:00Z,2013-07-19T15:33:42Z,,,,,,,,CALCULATED
2013-07-19T09:50:00Z,2013-07-19T15:43:42Z,,,,,,,,CALCULATED
2013-07-19T10:00:00Z,2013-07-19T15:53:42Z,,,,,,,,CALCULATED
2013-07-19T10:10:00Z,2013-07-19T16:03:42Z,,,,,,,,CALCULATED
2013-07-19T10:20:00Z,2013-07-19T16:13:42Z,,,,,,,,CALCULATED
2013-07-19T10:30:00Z,2013-07-19T16:23:42Z,,,,,,,,CALCULATED
2013-07-19T10:40:00Z,2013-07-19T16:33:42Z,,,,,,,,CALCULATED
2013-07-19T10:50:00Z,2013-07-19T16:43:42Z,,,,,,,,CALCULATED
2013-07-19T11:00:00Z,2013-07-19T16:53:42Z,,,,,,,,CALCULATED
2013-07-19T11:10:00Z,2013-07-19T17:03:42Z,,,,,,,,CALCULATED
2013-07-19T11:20:00Z,2013-07-19T17:13:42Z,,,,,,,,CALCULATED
2013-07-19T11:30:00Z,2013-07-19T17:23:42Z,,,,,,,,CALCULATED
2013-07-19T11:40:00Z,2013-07-19T17:33:42Z,,,,,,,,CALCULATED
2013-07-19T11:50:00Z,2013-07-19T17:43:42Z,,,,,,,,CALCULATED
2013-07-19T12:00:00Z,2013-07-19T17:53:42Z,,,,,,,,CALCULATED
2013-07-19T12:10:00Z,2013-07-19T18:03:42Z,,,,,,,,CALCULATED
2013-07-19T12:20:00Z,2013-07-19T18:13:42Z,,,,,,,,CALCULATED
2013-07-19T12:30:00Z,2013-07-19T18:23:42Z,,,,,,,,CALCULATED
2013-07-19T12:40:00Z,2013-07-19T18:33:42Z,,,,,,,,CALCULATED
2013-07-19T12:50:00Z,2013-07-19T18:43:42Z,,,,,,,,CALCULATED
2013-07-19T13:00:00Z,2013-07-19T18:53:42Z,,,,,,,,CALCULATED
2013-07-19T13:10:00Z,2013-07-19T19:03:42Z,,,,,,,,CALCULATED
2013-07-19T13:20:00Z,2013-07-19T19:13:42Z,,,,,,,,CALCULATED
2013-07-19T13:30:00Z,2013-07-19T19:23:42Z,,,,,,,,CALCULATED
2013-07-19T13:40:00Z,2013-07-19T19:33:42Z,,,,,,,,CALCULATED
2013-07-19T13:50:00Z,2013-07-19T19:43:42Z,,,,,,,,CALCULATED
2013-07-19T14:00:00Z,2013-07-19T19:53:42Z,,,,,,,,CALCULATED
2013-07-19T14:10:00Z,2013-07-19T20:03:42Z,,,,,,,,CALCULATED
2013-07-19T14:20:00Z,2013-07-19T20:13:42Z,,,,,,,,CALCULATED
2013-07-19T14:30:00Z,2013-07-19T20:23:42Z,,,,,,,,CALCULATED
2013-07-19T14:40:00Z,2013-07-19T20:33:42Z,,,,,,,,CALCULATED
2013-07-19T14:50:00Z,2013-07-19T20:43:42Z,,,,,,,,CALCULATED
2013-07-19T15:00:00Z,2013-07-19T20:53:42Z,,,,,,,,CALCULATED
2013-07-19T15:10:00Z,2013-07-19T21:03:42Z,,,,,,,,CALCULATED
2013-07-19T15:20:00Z,2013-07-19T21:13:42Z,,,,,,,,CALCULATED
2013-07-19T15:30:00Z,2013-07-19T21:23:42Z,,,,,,,,CALCULATED
2013-07-19T15:40:00Z,2013-07-19T21:33:42Z,,,,,,,,CALCULATED
2013-07-19T15:50:00Z,2013-07-19T21:43:42Z,,,,,,,,CALCULATED
2013-07-19T16:00:00Z,2013-07-19T21:53:42Z,,,,,,,,CALCULATED
2013-07-19T16:10:00Z,2013-07-19T22:03:42Z,,,,,,,,CALCULATED
2013-07-19T16:20:00Z,2013-07-19T22:13:42Z,,,,,,,,CALCULATED
2013-07-19T16:30:00Z,2013-07-19T22:23:42Z,,,,,,,,CALCULATED
2013-07-19T16:40:00Z,2013-07-19T22:33:42Z,,,,,,,,CALCULATED
2013-07-19T16:50:00Z,2013-07-19T22:43:42Z,,,,,,,,CALCULATED
2013-07-19T17:00:00Z,2013-07-19T22:53:42Z,,,,,,,,CALCULATED
2013-07-19T17:10:00Z,2013-07-19T23:03:42Z,,,,,,,,CALCULATED
2013-07-19T17:20:00Z,2013-07-19T23:13:42Z,,,,,,,,CALCULATED
2013-07-19T17:30:00Z,2013-07-19T23:23:42Z,,,,,,,,CALCULATED
2013-07-19T17:40:00Z,2013-07-19T23:33:42Z,,,,,,,,CALCULATED
2013-07-19T17:50:00Z,2013-07-19T23:43:42Z,,,,,,,,CALCULATED
2013-07-19T18:00:00Z,2013-07-19T23:53:42Z,,,,,,,,CALCULATED
2013-07-19T18:10:00Z,2013-07-20T00:03:40Z,,,,,,,,CALCULATED
2013-07-19T18:20:00Z,2013-07-20T00:13:40Z,,,,,,,,CALCULATED
2013-07-19T18:30:00Z,2013-07-20T00:23:40Z,,,,,,,,CALCULATED
2013-07-19T18:40:00Z,2013-07-20T00:33:40Z,,,,,,,,CALCULATED
2013-07-19T18:50:00Z,2013-07-20T00:43:40Z,,,,,,,,CALCULATED
2013-07-19T19:00:00Z,2013-07-20T00:53:40Z,,,,,,,,CALCULATED
2013-07-19T19:10:00Z,2013-07-20T01:03:40Z,,,,,,,,CALCULATED
2013-07-19T19:20:00Z,2013-07-20T01:13:40Z,,,,,,,,CALCULATED
2013-07-19T19:30:00Z,2013-07-20T01:23:40Z,,,,,,,,CALCULATED
2013-07-19T19:40:00Z,2013-07-20T01:33:40Z,,,,,,,,CALCULATED
2013-07-19T19:50:00Z,2013-07-20T01:43:40Z,,,,,,,,CALCULATED
2013-07-19T20:00:00Z,2013-07-20T01:53:40Z,,,,,,,,CALCULATED
2013-07-19T20:10:00Z,2013-07-20T02:03:40Z,,,,,,,,CALCULATED
2013-07-19T20:20:00Z,2013-07-20T02:13:40Z,,,,,,,,CALCULATED
2013-07-19T20:30:00Z,2013-07-20T02:23:40Z,,,,,,,,CALCULATED
2013-07-19T20:40:00Z,2013-07-20T02:33:40Z,,,,,,,,CALCULATED
2013-07-19T20:50:00Z,2013-07-20T02:43:40Z,,,,,,,,CALCULATED
2013-07-19T21:00:00Z,2013-07-20T02:53:40Z,,,,,,,,CALCULATED
2013-07-19T21:10:00Z,2013-07-20T03:03:40Z,,,,,,,,CALCULATED
2013-07-19T21:20:00Z,2013-07-20T03:13:40Z,,,,,,,,CALCULATED
2013-07-19T21:30:00Z,2013-07-20T03:23:40Z,,,,,,,,CALCULATED
2013-07-19T21:40:00Z,2013-07-20T03:33:40Z,,,,,,,,CALCULATED
2013-07-19T21:50:00Z,2013-07-20T03:43:40Z,,,,,,,,CALCULATED
2013-07-19T22:00:00Z,2013-07-20T03:53:40Z,,,,,,,,CALCULATED
2013-07-19T22:10:00Z,2013-07-20T04:03:40Z,,,,,,,,CALCULATED
2013-07-19T22:20:00Z,2013-07-20T04:13:40Z,,,,,,,,CALCULATED
2013-07-19T22:30:00Z,2013-07-20T04:23:40Z,,,,,,,,CALCULATED
2013-07-19T22:40:00Z,2013-07-20T04:33:40Z,,,,,,,,CALCULATED
2013-07-19T22:50:00Z,2013-07-20T04:43:40Z,,,,,,,,CALCULATED
2013-07-19T23:00:00Z,2013-07-20T04:53:40Z,,,,,,,,CALCULATED
2013-07-19T23:10:00Z,2013-07-20T05:03:40Z,,,,,,,,CALCULATED
2013-07-19T23:20:00Z,2013-07-20T05:13:40Z,,,,,,,,CALCULATED
2013-07-19T23:30:00Z,2013-07-20T05:23:40Z,,,,,,,,CALCULATED
2013-07-19T23:40:00Z,2013-07-20T05:33:40Z,,,,,,,,CALCULATED
2013-07-19T23:50:00Z,2013-07-20T05:43:40Z,,,,,,,,CALCULATED
2013-07-20T00:00:00Z,2013-07-20T05:53:40Z,,,,,,,,CALCULATED
2013-07-20T00:10:00Z,2013-07-20T06:03:40Z,,,,,,,,CALCULATED
2013-07-20T00:20:00Z,2013-07-20T06:13:40Z,,,,,,,,CALCULATED
2013-07-20T00:30:00Z,2013-07-20T06:23:40Z,,,,,,,,CALCULATED
2013-07-20T00:40:00Z,2013-07-20T06:33:40Z,,,,,,,,CALCULATED
2013-07-20T00:50:00Z,2013-07-20T06:43:40Z,,,,,,,,CALCULATED
2013-07-20T01:00:00Z,2013-07-20T06:53:40Z,,,,,,,,CALCULATED
2013-07-20T01:10:00Z,2013-07-20T07:03:40Z,,,,,,,,CALCULATED
2013-07-20T01:20:00Z,2013-07-20T07:13:40Z,,,,,,,,CALCULATED
2013-07-20T01:30:00Z,2013-07-20T07:23:40Z,,,,,,,,CALCULATED
2013-07-20T01:40:00Z,2013-07-20T07:33:40Z,,,,,,,,CALCULATED
2013-07-20T01:50:00Z,2013-07-20T07:43:40Z,,,,,,,,CALCULATED
2013-07-20T02:00:00Z,2013-07-20T07:53:40Z,,,,,,,,CALCULATED
2013-07-20T02:10:00Z,2013-07-20T08:03:40Z,,,,,,,,CALCULATED
2013-07-20T02:20:00Z,2013-07-20T08:13:40Z,,,,,,,,CALCULATED
2013-07-20T02:30:00Z,2013-07-20T08:23:40Z,,,,,,,,CALCULATED
2013-07-20T02:40:00Z,2013-07-20T08:33:40Z,,,,,,,,CALCULATED
2013-07-20T02:50:00Z,2013-07-20T08:43:40Z,,,,,,,,CALCULATED
2013-07-20T03:00:00Z,2013-07-20T08:53:40Z,,,,,,,,CALCULATED
2013-07-20T03:10:00Z,2013-07-20T09:03:40Z,,,,,,,,CALCULATED
2013-07-20T03:20:00Z,2013-07-20T09:13:40Z,,,,,,,,CALCULATED
2013-07-20T03:30:00Z,2013-07-20T09:23:40Z,,,,,,,,CALCULATED
2013-07-20T03:40:00Z,2013-07-20T09:33:40Z,,,,,,,,CALCULATED
2013-07-20T03:50:00Z,2013-07-20T09:43:40Z,,,,,,,,CALCULATED
2013-07-20T04:00:00Z,2013-07-20T09:53:40Z,,,,,,,,CALCULATED
2013-07-20T04:10:00Z,2013-07-20T10:03:40Z,,,,,,,,CALCULATED
2013-07-20T04:20:00Z,2013-07-20T10:13:40Z,,,,,,,,CALCULATED
2013-07-20T04:30:00Z,2013-07-20T10:23:40Z,,,,,,,,CALCULATED
2013-07-20T04:40:00Z,2013-07-20T10:33:40Z,,,,,,,,CALCULATED
2013-07-20T04:50:00Z,2013-07-20T10:43:40Z,,,,,,,,CALCULATED
2013-07-20T05:00:00Z,2013-07-20T10:53:40Z,,,,,,,,CALCULATED
2013-07-20T05:10:00Z,2013-07-20T11:03:40Z,,,,,,,,CALCULATED
2013-07-20T05:20:00Z,2013-07-20T11:13:40Z,,,,,,,,CALCULATED
2013-07-20T05:30:00Z,2013-07-20T11:23:40Z,,,,,,,,CALCULATED
2013-07-20T05:40:00Z,2013-07-20T11:33:40Z,,,,,,,,CALCULATED
2013-07-20T05:50:00Z,2013-07-20T11:43:40Z,,,,,,,,CALCULATED
2013-07-20T06:00:00Z,2013-07-20T11:53:40Z,,,,,,,,CALCULATED
2013-07-20T06:10:00Z,2013-07-20T12:03:40Z,,,,,,,,CALCULATED
2013-07-20T06:20:00Z,2013-07-20T12:13:40Z,,,,,,,,CALCULATED
2013-07-20T06:30:00Z,2013-07-20T12:23:40Z,,,,,,,,CALCULATED
2013-07-20T06:40:00Z,2013-07-20T12:33:40Z,,,,,,,,CALCULATED
2013-07-20T06:50:00Z,2013-07-20T12:43:40Z,,,,,,,,CALCULATED
2013-07-20T07:00:00Z,2013-07-20T12:53:40Z,,,,,,,,CALCULATED
2013-07-20T07:10:00Z,2013-07-20T13:03:40Z,,,,,,,,CALCULATED
2013-07-20T07:20:00Z,2013-07-20T13:13:40Z,,,,,,,,CALCULATED
2013-07-20T07:30:00Z,2013-07-20T13:23:40Z,,,,,,,,CALCULATED
2013-07-20T07:40:00Z,2013-07-20T13:33:40Z,,,,,,,,CALCULATED
2013-07-20T07:50:00Z,2013-07-20T13:43:40Z,,,,,,,,CALCULATED
2013-07-20T08:00:00Z,2013-07-20T13:53:40Z,,,,,,,,CALCULATED
2013-07-20T08:10:00Z,2013-07-20T14:03:40Z,,,,,,,,CALCULATED
2013-07-20T08:20:00Z,2013-07-20T14:13:40Z,,,,,,,,CALCULATED
2013-07-20T08:30:00Z,2013-07-20T14:23:40Z,,,,,,,,CALCULATED
2013-07-20T08:40:00Z,2013-07-20T14:33:40Z,,,,,,,,CALCULATED
2013-07-20T08:50:00Z,2013-07-20T14:43:40Z,,,,,,,,CALCULATED
2013-07-20T09:00:00Z,2013-07-20T14:53:40Z,,,,,,,,CALCULATED
2013-07-20T09:10:00Z,2013-07-20T15:03:40Z,,,,,,,,CALCULATED
2013-07-20T09:20:00Z,2013-07-20T15:13:40Z,,,,,,,,CALCULATED
2013-07-20T09:30:00Z,2013-07-20T15:23:40Z,,,,,,,,CALCULATED
2013-07-20T09:40:00Z,2013-07-20T15:33:40Z,,,,,,,,CALCULATED
2013-07-20T09:50:00Z,2013-07-20T15:43:40Z,,,,,,,,CALCULATED
2013-07-20T10:00:00Z,2013-07-20T15:53:40Z,,,,,,,,CALCULATED
2013-07-20T10:10:00Z,2013-07-20T16:03:40Z,,,,,,,,CALCULATED
2013-07-20T10:20:00Z,2013-07-20T16:13:40Z,,,,,,,,CALCULATED
2013-07-20T10:30:00Z,2013-07-20T16:23:40Z,,,,,,,,CALCULATED
2013-07-20T10:40:00Z,2013-07-20T16:33:40Z,,,,,,,,CALCULATED
2013-07-20T10:50:00Z,2013-07-20T16:43:40Z,,,,,,,,CALCULATED
2013-07-20T11:00:00Z,2013-07-20T16:53:40Z,,,,,,,,CALCULATED
2013-07-20T11:10:00Z,2013-07-20T17:03:40Z,,,,,,,,CALCULATED
2013-07-20T11:20:00Z,2013-07-20T17:13:40Z,,,,,,,,CALCULATED
2013-07-20T11:30:00Z,2013-07-20T17:23:40Z,,,,,,,,CALCULATED
2013-07-20T11:40:00Z,2013-07-20T17:33:40Z,,,,,,,,CALCULATED
2013-07-20T11:50:00Z,2013-07-20T17:43:40Z,,,,,,,,CALCULATED
2013-07-20T12:00:00Z,2013-07-20T17:53:40Z,,,,,,,,CALCULATED
2013-07-20T12:10:00Z,2013-07-20T18:03:40Z,,,,,,,,CALCULATED
2013-07-20T12:20:00Z,2013-07-20T18:13:40Z,,,,,,,,CALCULATED
2013-07-20T12:30:00Z,2013-07-20T18:23:40Z,,,,,,,,CALCULATED
2013-07-20T12:40:00Z,2013-07-20T18:33:40Z,,,,,,,,CALCULATED
2013-07-20T12:50:00Z,2013-07-20T18:43:40Z,,,,,,,,CALCULATED
2013-07-20T13:00:00Z,2013-07-20T18:53:40Z,,,,,,,,CALCULATED
2013-07-20T13:10:00Z,2013-07-20T19:03:40Z,,,,,,,,CALCULATED
2013-07-20T13:20:00Z,2013-07-20T19:13:40Z,,,,,,,,CALCULATED
2013-07-20T13:30:00Z,2013-07-20T19:23:40Z,,,,,,,,CALCULATED
2013-07-20T13:40:00Z,2013-07-20T19:33:40Z,,,,,,,,CALCULATED
2013-07-20T13:50:00Z,2013-07-20T19:43:40Z,,,,,,,,CALCULATED
2013-07-20T14:00:00Z,2013-07-20T19:53:40Z,,,,,,,,CALCULATED
2013-07-20T14:10:00Z,2013-07-20T20:03:40Z,,,,,,,,CALCULATED
2013-07-20T14:20:00Z,2013-07-20T20:13:40Z,,,,,,,,CALCULATED
2013-07-20T14:30:00Z,2013-07-20T20:23:40Z,,,,,,,,CALCULATED
2013-07-20T14:40:00Z,2013-07-20T20:33:40Z,,,,,,,,CALCULATED
2013-07-20T14:50:00Z,2013-07-20T20:43:40Z,,,,,,,,CALCULATED
2013-07-20T15:00:00Z,2013-07-20T20:53:40Z,,,,,,,,CALCULATED
2013-07-20T15:10:00Z,2013-07-20T21:03:40Z,,,,,,,,CALCULATED
2013-07-20T15:20:00Z,2013-07-20T21:13:40Z,,,,,,,,CALCULATED
2013-07-20T15:30:00Z,2013-07-20T21:23:40Z,,,,,,,,CALCULATED
2013-07-20T15:40:00Z,2013-07-20T21:33:40Z,,,,,,,,CALCULATED
2013-07-20T15:50:00Z,2013-07-20T21:43:40Z,,,,,,,,CALCULATED
2013-07-20T16:00:00Z,2013-07-20T21:53:40Z,,,,,,,,CALCULATED
2013-07-20T16:10:00Z,2013-07-20T22:03:40Z,,,,,,,,CALCULATED
2013-07-20T16:20:00Z,2013-07-20T22:13:40Z,,,,,,,,CALCULATED
2013-07-20T16:30:00Z,2013-07-20T22:23:40Z,,,,,,,,CALCULATED
2013-07-20T16:40:00Z,2013-07-20T22:33:40Z,,,,,,,,CALCULATED
2013-07-20T16:50:00Z,2013-07-20T22:43:40Z,,,,,,,,CALCULATED
2013-07-20T17:00:00Z,2013-07-20T22:53:40Z,,,,,,,,CALCULATED
2013-07-20T17:10:00Z,2013-07-20T23:03:40Z,,,,,,,,CALCULATED
2013-07-20T17:20:00Z,2013-07-20T23:13:40Z,,,,,,,,CALCULATED
2013-07-20T17:30:00Z,2013-07-20T23:23:40Z,,,,,,,,CALCULATED
2013-07-20T17:40:00Z,2013-07-20T23:33:40Z,,,,,,,,CALCULATED
2013-07-20T17:50:00Z,2013-07-20T23:43:40Z,,,,,,OUT_WARN,,CALCULATED
2013-07-20T18:00:00Z,2013-07-20T23:53:40Z,,,,,,OUT_WARN,,CALCULATED
2013-07-20T18:10:00Z,2013-07-21T00:03:39Z,,,,,,OUT_WARN,,CALCULATED
2013-07-20T18:20:00Z,2013-07-21T00:13:39Z,,,,,,,,CALCULATED
2013-07-20T18:30:00Z,2013-07-21T00:23:39Z,,,,,,,,CALCULATED
2013-07-20T18:40:00Z,2013-07-21T00:33:39Z,,,,,,,,CALCULATED
2013-07-20T18:50:00Z,2013-07-21T00:43:39Z,,,,,,,,CALCULATED
2013-07-20T19:00:00Z,2013-07-21T00:53:39Z,,,,,,,,CALCULATED
2013-07-20T19:10:00Z,2013-07-21T01:03:39Z,,,,,,,,CALCULATED
2013-07-20T19:20:00Z,2013-07-21T01:13:39Z,,,,,,,,CALCULATED
2013-07-20T19:30:00Z,2013-07-21T01:23:39Z,,,,,,,,CALCULATED
2013-07-20T19:40:00Z,2013-07-21T01:33:39Z,,,,,,,,CALCULATED
2013-07-20T19:50:00Z,2013-07-21T01:43:39Z,,,,,,,,CALCULATED
2013-07-20T20:00:00Z,2013-07-21T01:53:39Z,,,,,,,,CALCULATED
2013-07-20T20:10:00Z,2013-07-21T02:03:39Z,,,,,,,,CALCULATED
2013-07-20T20:20:00Z,2013-07-21T02:13:39Z,,,,,,,,CALCULATED
2013-07-20T20:30:00Z,2013-07-21T02:23:39Z,,,,,,,,CALCULATED
2013-07-20T20:40:00Z,2013-07-21T02:33:39Z,,,,,,,,CALCULATED
2013-07-20T20:50:00Z,2013-07-21T02:43:39Z,,,,,,,,CALCULATED
2013-07-20T21:00:00Z,2013-07-21T02:53:39Z,,,,,,,,CALCULATED
2013-07-20T21:10:00Z,2013-07-21T03:03:39Z,,,,,,,,CALCULATED
2013-07-20T21:20:00Z,2013-07-21T03:13:39Z,,,,,,,,CALCULATED
2013-07-20T21:30:00Z,2013-07-21T03:23:39Z,,,,,,,,CALCULATED
2013-07-20T21:40:00Z,2013-07-21T03:33:39Z,,,,,,,,CALCULATED
2013-07-20T21:50:00Z,2013-07-21T03:43:39Z,,,,,,,,CALCULATED
2013-07-20T22:00:00Z,2013-07-21T03:53:39Z,,,,,,,,CALCULATED
2013-07-20T22:10:00Z,2013-07-21T04:03:39Z,,,,,,,,CALCULATED
2013-07-20T22:20:00Z,2013-07-21T04:13:39Z,,,,,,,,CALCULATED
2013-07-20T22:30:00Z,2013-07-21T04:23:39Z,,,,,,,,CALCULATED
2013-07-20T22:40:00Z,2013-07-21T04:33:39Z,,,,,,,,CALCULATED
2013-07-20T22:50:00Z,2013-07-21T04:43:39Z,,,,,,,,CALCULATED
2013-07-20T23:00:00Z,2013-07-21T04:53:39Z,,,,,,,,CALCULATED
2013-07-20T23:10:00Z,2013-07-21T05:03:39Z,,,,,,,,CALCULATED
2013-07-20T23:20:00Z,2013-07-21T05:13:39Z,,,,,,,,CALCULATED
2013-07-20T23:30:00Z,2013-07-21T05:23:39Z,,,,,,,,CALCULATED
2013-07-20T23:40:00Z,2013-07-21T05:33:39Z,,,,,,,,CALCULATED
2013-07-20T23:50:00Z,2013-07-21T05:43:39Z,,,,,,,,CALCULATED
2013-07-21T00:00:00Z,2013-07-21T05:53:39Z,,,,,,,,CALCULATED
2013-07-21T00:10:00Z,2013-07-21T06:03:39Z,,,,,,,,CALCULATED
2013-07-21T00:20:00Z,2013-07-21T06:13:39Z,,,,,,,,CALCULATED
2013-07-21T00:30:00Z,2013-07-21T06:23:39Z,,,,,,,,CALCULATED
2013-07-21T00:40:00Z,2013-07-21T06:33:39Z,,,,,,,,CALCULATED
2013-07-21T00:50:00Z,2013-07-21T06:43:39Z,,,,,,,,CALCULATED
2013-07-21T01:00:00Z,2013-07-21T06:53:39Z,,,,,,,,CALCULATED
2013-07-21T01:10:00Z,2013-07-21T07:03:39Z,,,,,,,,CALCULATED
2013-07-21T01:20:00Z,2013-07-21T07:13:39Z,,,,,,,,CALCULATED
2013-07-21T01:30:00Z,2013-07-21T07:23:39Z,,,,,,,,CALCULATED
2013-07-21T01:40:00Z,2013-07-21T07:33:39Z,,,,,,,,CALCULATED
2013-07-21T01:50:00Z,2013-07-21T07:43:39Z,,,,,,,,CALCULATED
2013-07-21T02:00:00Z,2013-07-21T07:53:39Z,,,,,,,,CALCULATED
2013-07-21T02:10:00Z,2013-07-21T08:03:39Z,,,,,,,,CALCULATED
2013-07-21T02:20:00Z,2013-07-21T08:13:39Z,,,,,,,,CALCULATED
2013-07-21T02:30:00Z,2013-07-21T08:23:39Z,,,,,,,,CALCULATED
2013-07-21T02:40:00Z,2013-07-21T08:33:39Z,,,,,,,,CALCULATED
2013-07-21T02:50:00Z,2013-07-21T08:43:39Z,,,,,,,,CALCULATED
2013-07-21T03:00:00Z,2013-07-21T08:53:39Z,,,,,,,,CALCULATED
2013-07-21T03:10:00Z,2013-07-21T09:03:39Z,,,,,,,,CALCULATED
2013-07-21T03:20:00Z,2013-07-21T09:13:39Z,,,,,,,,CALCULATED
2013-07-21T03:30:00Z,2013-07-21T09:23:39Z,,,,,,,,CALCULATED
2013-07-21T03:40:00Z,2013-07-21T09:33:39Z,,,,,,,,CALCULATED
2013-07-21T03:50:00Z,2013-07-21T09:43:39Z,,,,,,,,CALCULATED
2013-07-21T04:00:00Z,2013-07-21T09:53:39Z,,,,,,,,CALCULATED
2013-07-21T04:10:00Z,2013-07-21T10:03:39Z,,,,,,,,CALCULATED
2013-07-21T04:20:00Z,2013-07-21T10:13:39Z,,,,,,,,CALCULATED
2013-07-21T04:30:00Z,2013-07-21T10:23:39Z,,,,,,,,CALCULATED
2013-07-21T04:40:00Z,2013-07-21T10:33:39Z,,,,,,,,CALCULATED
2013-07-21T04:50:00Z,2013-07-21T10:43:39Z,,,,,,,,CALCULATED
2013-07-21T05:00:00Z,2013-07-21T10:53:39Z,,,,,,,,CALCULATED
2013-07-21T05:10:00Z,2013-07-21T11:03:39Z,,,,,,,,CALCULATED
2013-07-21T05:20:00Z,2013-07-21T11:13:39Z,,,,,,,,CALCULATED
2013-07-21T05:30:00Z,2013-07-21T11:23:39Z,,,,,,,,CALCULATED
2013-07-21T05:40:00Z,2013-07-21T11:33:39Z,,,,,,,,CALCULATED
2013-07-21T05:50:00Z,2013-07-21T11:43:39Z,,,,,,,,CALCULATED
2013-07-21T06:00:00Z,2013-07-21T11:53:39Z,,,,,,,,CALCULATED
2013-07-21T06:10:00Z,2013-07-21T12:03:39Z,,,,,,,,CALCULATED
2013-07-21T06:20:00Z,2013-07-21T12:13:39Z,,,,,,,,CALCULATED
2013-07-21T06:30:00Z,2013-07-21T12:23:39Z,,,,,,,,CALCULATED
2013-07-21T06:40:00Z,2013-07-21T12:33:39Z,,,,,,,,CALCULATED
2013-07-21T06:50:00Z,2013-07-21T12:43:39Z,,,,,,,,CALCULATED
2013-07-21T07:00:00Z,2013-07-21T12:53:39Z,,,,,,,,CALCULATED
2013-07-21T07:10:00Z,2013-07-21T13:03:39Z,,,,,,,,CALCULATED
2013-07-21T07:20:00Z,2013-07-21T13:13:39Z,,,,,,,,CALCULATED
2013-07-21T07:30:00Z,2013-07-21T13:23:39Z,,,,,,,,CALCULATED
2013-07-21T07:40:00Z,2013-07-21T13:33:39Z,,,,,,,,CALCULATED
2013-07-21T07:50:00Z,2013-07-21T13:43:39Z,,,,,,,,CALCULATED
2013-07-21T08:00:00Z,2013-07-21T13:53:39Z,,,,,,,,CALCULATED
2013-07-21T08:10:00Z,2013-07-21T14:03:39Z,,,,,,,,CALCULATED
2013-07-21T08:20:00Z,2013-07-21T14:13:39Z,,,,,,,,CALCULATED
2013-07-21T08:30:00Z,2013-07-21T14:23:39Z,,,,,,,,CALCULATED
2013-07-21T08:40:00Z,2013-07-21T14:33:39Z,,,,,,,,CALCULATED
2013-07-21T08:50:00Z,2013-07-21T14:43:39Z,,,,,,,,CALCULATED
2013-07-21T09:00:00Z,2013-07-21T14:53:39Z,,,,,,,,CALCULATED
2013-07-21T09:10:00Z,2013-07-21T15:03:39Z,,,,,,,,CALCULATED
2013-07-21T09:20:00Z,2013-07-21T15:13:39Z,,,,,,,,CALCULATED
2013-07-21T09:30:00Z,2013-07-21T15:23:39Z,,,,,,,,CALCULATED
2013-07-21T09:40:00Z,2013-07-21T15:33:39Z,,,,,,,,CALCULATED
2013-07-21T09:50:00Z,2013-07-21T15:43:39Z,,,,,,,,CALCULATED
2013-07-21T10:00:00Z,2013-07-21T15:53:39Z,,,,,,,,CALCULATED
2013-07-21T10:10:00Z,2013-07-21T16:03:39Z,,,,,,,,CALCULATED
2013-07-21T10:20:00Z,2013-07-21T16:13:39Z,,,,,,,,CALCULATED
2013-07-21T10:30:00Z,2013-07-21T16:23:39Z,,,,,,,,CALCULATED
2013-07-21T10:40:00Z,2013-07-21T16:33:39Z,,,,,,,,CALCULATED
2013-07-21T10:50:00Z,2013-07-21T16:43:39Z,,,,,,,,CALCULATED
2013-07-21T11:00:00Z,2013-07-21T16:53:39Z,,,,,,,,CALCULATED
2013-07-21T11:10:00Z,2013-07-21T17:03:39Z,,,,,,,,CALCULATED
2013-07-21T11:20:00Z,2013-07-21T17:13:39Z,,,,,,,,CALCULATED
2013-07-21T11:30:00Z,2013-07-21T17:23:39Z,,,,,,,,CALCULATED
2013-07-21T11:40:00Z,2013-07-21T17:33:39Z,,,,,,,,CALCULATED
2013-07-21T11:50:00Z,2013-07-21T17:43:39Z,,,,,,,,CALCULATED
2013-07-21T12:00:00Z,2013-07-21T17:53:39Z,,,,,,,,CALCULATED
2013-07-21T12:10:00Z,2013-07-21T18:03:39Z,,,,,,,,CALCULATED
2013-07-21T12:20:00Z,2013-07-21T18:13:39Z,,,,,,,,CALCULATED
2013-07-21T12:30:00Z,2013-07-21T18:23:39Z,,,,,,,,CALCULATED
2013-07-21T12:40:00Z,2013-07-21T18:33:39Z,,,,,,,,CALCULATED
2013-07-21T12:50:00Z,2013-07-21T18:43:39Z,,,,,,,,CALCULATED
2013-07-21T13:00:00Z,2013-07-21T18:53:39Z,,,,,,,,CALCULATED
2013-07-21T13:10:00Z,2013-07-21T19:03:39Z,,,,,,,,CALCULATED
2013-07-21T13:20:00Z,2013-07-21T19:13:39Z,,,,,,,,CALCULATED
2013-07-21T13:30:00Z,2013-07-21T19:23:39Z,,,,,,,,CALCULATED
2013-07-21T13:40:00Z,2013-07-21T19:33:39Z,,,,,,,,CALCULATED
2013-07-21T13:50:00Z,2013-07-21T19:43:39Z,,,,,,,,CALCULATED
2013-07-21T14:00:00Z,2013-07-21T19:53:39Z,,,,,,,,CALCULATED
2013-07-21T14:10:00Z,2013-07-21T20:03:39Z,,,,,,,,CALCULATED
2013-07-21T14:20:00Z,2013-07-21T20:13:39Z,,,,,,,,CALCULATED
2013-07-21T14:30:00Z,2013-07-21T20:23:39Z,,,,,,,,CALCULATED
2013-07-21T14:40:00Z,2013-07-21T20:33:39Z,,,,,,,,CALCULATED
2013-07-21T14:50:00Z,2013-07-21T20:43:39Z,,,,,,,,CALCULATED
2013-07-21T15:00:00Z,2013-07-21T20:53:39Z,,,,,,,,CALCULATED
2013-07-21T15:10:00Z,2013-07-21T21:03:39Z,,,,,,,,CALCULATED
2013-07-21T15:20:00Z,2013-07-21T21:13:39Z,,,,,,,,CALCULATED
2013-07-21T15:30:00Z,2013-07-21T21:23:39Z,,,,,,,,CALCULATED
2013-07-21T15:40:00Z,2013-07-21T21:33:39Z,,,,,,,,CALCULATED
2013-07-21T15:50:00Z,2013-07-21T21:43:39Z,,,,,,,,CALCULATED
2013-07-21T16:00:00Z,2013-07-21T21:53:39Z,,,,,,,,CALCULATED
2013-07-21T16:10:00Z,2013-07-21T22:03:39Z,,,,,,,,CALCULATED
2013-07-21T16:20:00Z,2013-07-21T22:13:39Z,,,,,,,,CALCULATED
2013-07-21T16:30:00Z,2013-07-21T22:23:39Z,,,,,,,,CALCULATED
2013-07-21T16:40:00Z,2013-07-21T22:33:39Z,,,,,,,,CALCULATED
2013-07-21T16:50:00Z,2013-07-21T22:43:39Z,,,,,,,,CALCULATED
2013-07-21T17:00:00Z,2013-07-21T22:53:39Z,,,,,,OUT_WARN,,CALCULATED
2013-07-21T17:10:00Z,2013-07-21T23:03:39Z,,,,,,OUT_WARN,,CALCULATED
2013-07-21T17:20:00Z,2013-07-21T23:13:39Z,,,,,,,,CALCULATED
2013-07-21T17:30:00Z,2013-07-21T23:23:39Z,,,,,,,,CALCULATED
2013-07-21T17:40:00Z,2013-07-21T23:33:39Z,,,,,,OUT_WARN,,CALCULATED
2013-07-21T17:50:00Z,2013-07-21T23:43:39Z,,,,,,OUT_WARN,,CALCULATED
2013-07-21T18:00:00Z,2013-07-21T23:53:39Z,,,,,,OUT_WARN,,CALCULATED
2013-07-21T18:10:00Z,2013-07-22T00:03:38Z,,,,,,,,CALCULATED
2013-07-21T18:20:00Z,2013-07-22T00:13:38Z,,,,,,,,CALCULATED
2013-07-21T18:30:00Z,2013-07-22T00:23:38Z,,,,,,,,CALCULATED
2013-07-21T18:40:00Z,2013-07-22T00:33:38Z,,,,,,,,CALCULATED
2013-07-21T18:50:00Z,2013-07-22T00:43:38Z,,,,,,,,CALCULATED
2013-07-21T19:00:00Z,2013-07-22T00:53:38Z,,,,,,,,CALCULATED
2013-07-21T19:10:00Z,2013-07-22T01:03:38Z,,,,,,,,CALCULATED
2013-07-21T19:20:00Z,2013-07-22T01:13:38Z,,,,,,,,CALCULATED
2013-07-21T19:30:00Z,2013-07-22T01:23:38Z,,,,,,,,CALCULATED
2013-07-21T19:40:00Z,2013-07-22T01:33:38Z,,,,,,,,CALCULATED
2013-07-21T19:50:00Z,2013-07-22T01:43:38Z,,,,,,,,CALCULATED
2013-07-21T20:00:00Z,2013-07-22T01:53:38Z,,,,,,,,CALCULATED
2013-07-21T20:10:00Z,2013-07-22T02:03:38Z,,,,,,,,CALCULATED
2013-07-21T20:20:00Z,2013-07-22T02:13:38Z,,,,,,,,CALCULATED
2013-07-21T20:30:00Z,2013-07-22T02:23:38Z,,,,,,,,CALCULATED
2013-07-21T20:40:00Z,2013-07-22T02:33:38Z,,,,,,,,CALCULATED
2013-07-21T20:50:00Z,2013-07-22T02:43:38Z,,,,,,,,CALCULATED
2013-07-21T21:00:00Z,2013-07-22T02:53:38Z,,,,,,,,CALCULATED
2013-07-21T21:10:00Z,2013-07-22T03:03:38Z,,,,,,,,CALCULATED
2013-07-21T21:20:00Z,2013-07-22T03:13:38Z,,,,,,,,CALCULATED
2013-07-21T21:30:00Z,2013-07-22T03:23:38Z,,,,,,,,CALCULATED
2013-07-21T21:40:00Z,2013-07-22T03:33:38Z,,,,,,,,CALCULATED
2013-07-21T21:50:00Z,2013-07-22T03:43:38Z,,,,,,,,CALCULATED
2013-07-21T22:00:00Z,2013-07-22T03:53:38Z,,,,,,,,CALCULATED
2013-07-21T22:10:00Z,2013-07-22T04:03:38Z,,,,,,,,CALCULATED
2013-07-21T22:20:00Z,2013-07-22T04:13:38Z,,,,,,,,CALCULATED
2013-07-21T22:30:00Z,2013-07-22T04:23:38Z,,,,,,,,CALCULATED
2013-07-21T22:40:00Z,2013-07-22T04:33:38Z,,,,,,,,CALCULATED
2013-07-21T22:50:00Z,2013-07-22T04:43:38Z,,,,,,,,CALCULATED
2013-07-21T23:00:00Z,2013-07-22T04:53:38Z,,,,,,,,CALCULATED
2013-07-21T23:10:00Z,2013-07-22T05:03:38Z,,,,,,,,CALCULATED
2013-07-21T23:20:00Z,2013-07-22T05:13:38Z,,,,,,,,CALCULATED
2013-07-21T23:30:00Z,2013-07-22T05:23:38Z,,,,,,,,CALCULATED
2013-07-21T23:40:00Z,2013-07-22T05:33:38Z,,,,,,,,CALCULATED
2013-07-21T23:50:00Z,2013-07-22T05:43:38Z,,,,,,,,CALCULATED
2013-07-22T00:00:00Z,2013-07-22T05:53:38Z,,,,,,,,CALCULATED
2013-07-22T00:10:00Z,2013-07-22T06:03:38Z,,,,,,,,CALCULATED
2013-07-22T00:20:00Z,2013-07-22T06:13:38Z,,,,,,,,CALCULATED
2013-07-22T00:30:00Z,2013-07-22T06:23:38Z,,,,,,,,CALCULATED
2013-07-22T00:40:00Z,2013-07-22T06:33:38Z,,,,,,,,CALCULATED
2013-07-22T00:50:00Z,2013-07-22T06:43:38Z,,,,,,,,CALCULATED
2013-07-22T01:00:00Z,2013-07-22T06:53:38Z,,,,,,,,CALCULATED
2013-07-22T01:10:00Z,2013-07-22T07:03:38Z,,,,,,,,CALCULATED
2013-07-22T01:20:00Z,2013-07-22T07:13:38Z,,,,,,,,CALCULATED
2013-07-22T01:30:00Z,2013-07-22T07:23:38Z,,,,,,,,CALCULATED
2013-07-22T01:40:00Z,2013-07-22T07:33:38Z,,,,,,,,CALCULATED
2013-07-22T01:50:00Z,2013-07-22T07:43:38Z,,,,,,,,CALCULATED
2013-07-22T02:00:00Z,2013-07-22T07:53:38Z,,,,,,,,CALCULATED
2013-07-22T02:10:00Z,2013-07-22T08:03:38Z,,,,,,,,CALCULATED
2013-07-22T02:20:00Z,2013-07-22T08:13:38Z,,,,,,,,CALCULATED
2013-07-22T02:30:00Z,2013-07-22T08:23:38Z,,,,,,,,CALCULATED
2013-07-22T02:40:00Z,2013-07-22T08:33:38Z,,,,,,,,CALCULATED
2013-07-22T02:50:00Z,2013-07-22T08:43:38Z,,,,,,,,CALCULATED
2013-07-22T03:00:00Z,2013-07-22T08:53:38Z,,,,,,,,CALCULATED
2013-07-22T03:10:00Z,2013-07-22T09:03:38Z,,,,,,,,CALCULATED
2013-07-22T03:20:00Z,2013-07-22T09:13:38Z,,,,,,,,CALCULATED
2013-07-22T03:30:00Z,2013-07-22T09:23:38Z,,,,,,,,CALCULATED
2013-07-22T03:40:00Z,2013-07-22T09:33:38Z,,,,,,,,CALCULATED
2013-07-22T03:50:00Z,2013-07-22T09:43:38Z,,,,,,,,CALCULATED
2013-07-22T04:00:00Z,2013-07-22T09:53:38Z,,,,,,,,CALCULATED
2013-07-22T04:10:00Z,2013-07-22T10:03:38Z,,,,,,,,CALCULATED
2013-07-22T04:20:00Z,2013-07-22T10:13:38Z,,,,,,,,CALCULATED
2013-07-22T04:30:00Z,2013-07-22T10:23:38Z,,,,,,,,CALCULATED
2013-07-22T04:40:00Z,2013-07-22T10:33:38Z,,,,,,,,CALCULATED
2013-07-22T04:50:00Z,2013-07-22T10:43:38Z,,,,,,,,CALCULATED
2013-07-22T05:00:00Z,2013-07-22T10:53:38Z,,,,,,,,CALCULATED
2013-07-22T05:10:00Z,2013-07-22T11:03:38Z,,,,,,,,CALCULATED
2013-07-22T05:20:00Z,2013-07-22T11:13:38Z,,,,,,,,CALCULATED
2013-07-22T05:30:00Z,2013-07-22T11:23:38Z,,,,,,,,CALCULATED
2013-07-22T05:40:00Z,2013-07-22T11:33:38Z,,,,,,,,CALCULATED
2013-07-22T05:50:00Z,2013-07-22T11:43:38Z,,,,,,,,CALCULATED
2013-07-22T06:00:00Z,2013-07-22T11:53:38Z,,,,,,,,CALCULATED
2013-07-22T06:10:00Z,2013-07-22T12:03:38Z,,,,,,,,CALCULATED
2013-07-22T06:20:00Z,2013-07-22T12:13:38Z,,,,,,,,CALCULATED
2013-07-22T06:30:00Z,2013-07-22T12:23:38Z,,,,,,,,CALCULATED
2013-07-22T06:40:00Z,2013-07-22T12:33:38Z,,,,,,,,CALCULATED
2013-07-22T06:50:00Z,2013-07-22T12:43:38Z,,,,,,,,CALCULATED
2013-07-22T07:00:00Z,2013-07-22T12:53:38Z,,RANGE_WARN,,,,,,CALCULATED
2013-07-22T07:10:00Z,2013-07-22T13:03:38Z,,,,,,,,CALCULATED
2013-07-22T07:20:00Z,2013-07-22T13:13:38Z,,,,,,,,CALCULATED
2013-07-22T07:30:00Z,2013-07-22T13:23:38Z,,,,,,,,CALCULATED
2013-07-22T07:40:00Z,2013-07-22T13:33:38Z,,,,,,,,CALCULATED
2013-07-22T07:50:00Z,2013-07-22T13:43:38Z,,,,,,,,CALCULATED
2013-07-22T08:00:00Z,2013-07-22T13:53:38Z,,,,,,,,CALCULATED
2013-07-22T08:10:00Z,2013-07-22T14:03:38Z,,,,,,,,CALCULATED
2013-07-22T08:20:00Z,2013-07-22T14:13:38Z,,,,,,,,CALCULATED
2013-07-22T08:30:00Z,2013-07-22T14:23:38Z,,,,,,,,CALCULATED
2013-07-22T08:40:00Z,2013-07-22T14:33:38Z,,,,,,,,CALCULATED
2013-07-22T08:50:00Z,2013-07-22T14:43:38Z,,,,,,,,CALCULATED
2013-07-22T09:00:00Z,2013-07-22T14:53:38Z,,RANGE_WARN,,,,,,CALCULATED
2013-07-22T09:10:00Z,2013-07-22T15:03:38Z,,RANGE_WARN,,,,,,CALCULATED
2013-07-22T09:20:00Z,2013-07-22T15:13:38Z,,RANGE_WARN,,,,,,CALCULATED
2013-07-22T09:30:00Z,2013-07-22T15:23:38Z,,,,,,,,CALCULATED
2013-07-22T09:40:00Z,2013-07-22T15:33:38Z,,RANGE_WARN,,,,,,CALCULATED
2013-07-22T09:50:00Z,2013-07-22T15:43:38Z,,,,,,,,CALCULATED
2013-07-22T10:00:00Z,2013-07-22T15:53:38Z,,RANGE_WARN,,,,,,CALCULATED
2013-07-22T10:10:00Z,2013-07-22T16:03:38Z,,,,,,,,CALCULATED
2013-07-22T10:20:00Z,2013-07-22T16:13:38Z,,,,,,,,CALCULATED
2013-07-22T10:30:00Z,2013-07-22T16:23:38Z,,,,,,,,CALCULATED
2013-07-22T10:40:00Z,2013-07-22T16:33:38Z,,,,,,,,CALCULATED
2013-07-22T10:50:00Z,2013-07-22T16:43:38Z,,,,,,,,CALCULATED
2013-07-22T11:00:00Z,2013-07-22T16:53:38Z,,,,,,,,CALCULATED
2013-07-22T11:10:00Z,2013-07-22T17:03:38Z,,,,,,,,CALCULATED
2013-07-22T11:20:00Z,2013-07-22T17:13:38Z,,,,,,,,CALCULATED
2013-07-22T11:30:00Z,2013-07-22T17:23:38Z,,,,,,,,CALCULATED
2013-07-22T11:40:00Z,2013-07-22T17:33:38Z,,,,,,,,CALCULATED
2013-07-22T11:50:00Z,2013-07-22T17:43:38Z,,,,,,,,CALCULATED
2013-07-22T12:00:00Z,2013-07-22T17:53:38Z,,,,,,,,CALCULATED
2013-07-22T12:10:00Z,2013-07-22T18:03:38Z,,,,,,,,CALCULATED
2013-07-22T12:20:00Z,2013-07-22T18:13:38Z,,,,,,,,CALCULATED
2013-07-22T12:30:00Z,2013-07-22T18:23:38Z,,,,,,,,CALCULATED
2013-07-22T12:40:00Z,2013-07-22T18:33:38Z,,,,,,,,CALCULATED
2013-07-22T12:50:00Z,2013-07-22T18:43:38Z,,,,,,,,CALCULATED
2013-07-22T13:00:00Z,2013-07-22T18:53:38Z,,,,,,,,CALCULATED
2013-07-22T13:10:00Z,2013-07-22T19:03:38Z,,,,,,,,CALCULATED
2013-07-22T13:20:00Z,2013-07-22T19:13:38Z,,,,,,,,CALCULATED
2013-07-22T13:30:00Z,2013-07-22T19:23:38Z,,,,,,,,CALCULATED
2013-07-22T13:40:00Z,2013-07-22T19:33:38Z,,,,,,,,CALCULATED
2013-07-22T13:50:00Z,2013-07-22T19:43:38Z,,,,,,,,CALCULATED
2013-07-22T14:00:00Z,2013-07-22T19:53:38Z,,,,,,,,CALCULATED
2013-07-22T14:10:00Z,2013-07-22T20:03:38Z,,,,,,,,CALCULATED
2013-07-22T14:20:00Z,2013-07-22T20:13:38Z,,,,,,,,CALCULATED
2013-07-22T14:30:00Z,2013-07-22T20:23:38Z,,,,,,,,CALCULATED
2013-07-22T14:40:00Z,2013-07-22T20:33:38Z,,,,,,,,CALCULATED
2013-07-22T14:50:00Z,2013-07-22T20:43:38Z,,,,,,,,CALCULATED
2013-07-22T15:00:00Z,2013-07-22T20:53:38Z,,,,,,,,CALCULATED
2013-07-22T15:10:00Z,2013-07-22T21:03:38Z,,,,,,,,CALCULATED
2013-07-22T15:20:00Z,2013-07-22T21:13:38Z,,,,,,,,CALCULATED
2013-07-22T15:30:00Z,2013-07-22T21:23:38Z,,,,,,,,CALCULATED
2013-07-22T15:40:00Z,2013-07-22T21:33:38Z,,,,,,,,CALCULATED
2013-07-22T15:50:00Z,2013-07-22T21:43:38Z,,,,,,,,CALCULATED
2013-07-22T16:00:00Z,2013-07-22T21:53:38Z,,,,,,,,CALCULATED
2013-07-22T16:10:00Z,2013-07-22T22:03:38Z,,,,,,,,CALCULATED
2013-07-22T16:20:00Z,2013-07-22T22:13:38Z,,,,,,,,CALCULATED
2013-07-22T16:30:00Z,2013-07-22T22:23:38Z,,,,,,,,CALCULATED
2013-07-22T16:40:00Z,2013-07-22T22:33:38Z,,,,,,,,CALCULATED
2013-07-22T16:50:00Z,2013-07-22T22:43:38Z,,,,,,,,CALCULATED
2013-07-22T17:00:00Z,2013-07-22T22:53:38Z,,,,,,,,CALCULATED
2013-07-22T17:10:00Z,2013-07-22T23:03:38Z,,,,,,,,CALCULATED
2013-07-22T17:20:00Z,2013-07-22T23:13:38Z,,,,,,,,CALCULATED
2013-07-22T17:30:00Z,2013-07-22T23:23:38Z,,,,,,,,CALCULATED
2013-07-22T17:40:00Z,2013-07-22T23:33:38Z,,,,,,,,CALCULATED
2013-07-22T17:50:00Z,2013-07-22T23:43:38Z,,,,,,,,CALCULATED
2013-07-22T18:00:00Z,2013-07-22T23:53:38Z,,,,,,,,CALCULATED
2013-07-22T18:10:00Z,2013-07-23T00:03:37Z,,,,,,,,CALCULATED
2013-07-22T18:20:00Z,2013-07-23T00:13:37Z,,,,,,,,CALCULATED
2013-07-22T18:30:00Z,2013-07-23T00:23:37Z,,,,,,,,CALCULATED
2013-07-22T18:40:00Z,2013-07-23T00:33:37Z,,,,,,,,CALCULATED
2013-07-22T18:50:00Z,2013-07-23T00:43:37Z,,,,,,,,CALCULATED
2013-07-22T19:00:00Z,2013-07-23T00:53:37Z,,,,,,,,CALCULATED
2013-07-22T19:10:00Z,2013-07-23T01:03:37Z,,,,,,,,CALCULATED
2013-07-22T19:20:00Z,2013-07-23T01:13:37Z,,,,,,,,CALCULATED
2013-07-22T19:30:00Z,2013-07-23T01:23:37Z,,,,,,,,CALCULATED
2013-07-22T19:40:00Z,2013-07-23T01:33:37Z,,,,,,,,CALCULATED
2013-07-22T19:50:00Z,2013-07-23T01:43:37Z,,,,,,,,CALCULATED
2013-07-22T20:00:00Z,2013-07-23T01:53:37Z,,,,,,,,CALCULATED
2013-07-22T20:10:00Z,2013-07-23T02:03:37Z,,,,,,,,CALCULATED
2013-07-22T20:20:00Z,2013-07-23T02:13:37Z,,,,,,,,CALCULATED
2013-07-22T20:30:00Z,2013-07-23T02:23:37Z,,,,,,,,CALCULATED
2013-07-22T20:40:00Z,2013-07-23T02:33:37Z,,,,,,,,CALCULATED
2013-07-22T20:50:00Z,2013-07-23T02:43:37Z,,,,,,,,CALCULATED
2013-07-22T21:00:00Z,2013-07-23T02:53:37Z,,,,,,,,CALCULATED
2013-07-22T21:10:00Z,2013-07-23T03:03:37Z,,,,,,,,CALCULATED
2013-07-22T21:20:00Z,2013-07-23T03:13:37Z,,,,,,,,CALCULATED
2013-07-22T21:30:00Z,2013-07-23T03:23:37Z,,,,,,,,CALCULATED
2013-07-22T21:40:00Z,2013-07-23T03:33:37Z,,,,,,,,CALCULATED
2013-07-22T21:50:00Z,2013-07-23T03:43:37Z,,,,,,,,CALCULATED
2013-07-22T22:00:00Z,2013-07-23T03:53:37Z,,,,,,,,CALCULATED
2013-07-22T22:10:00Z,2013-07-23T04:03:37Z,,,,,,,,CALCULATED
2013-07-22T22:20:00Z,2013-07-23T04:13:37Z,,,,,,,,CALCULATED
2013-07-22T22:30:00Z,2013-07-23T04:23:37Z,,,,,,,,CALCULATED
2013-07-22T22:40:00Z,2013-07-23T04:33:37Z,,,,,,,,CALCULATED
2013-07-22T22:50:00Z,2013-07-23T04:43:37Z,,,,,,,,CALCULATED
2013-07-22T23:00:00Z,2013-07-23T04:53:37Z,,,,,,,,CALCULATED
2013-07-22T23:10:00Z,2013-07-23T05:03:37Z,,,,,,,,CALCULATED
2013-07-22T23:20:00Z,2013-07-23T05:13:37Z,,,,,,,,CALCULATED
2013-07-22T23:30:00Z,2013-07-23T05:23:37Z,,,,,,,,CALCULATED
2013-07-22T23:40:00Z,2013-07-23T05:33:37Z,,,,,,,,CALCULATED
2013-07-22T23:50:00Z,2013-07-23T05:43:37Z,,,,,,,,CALCULATED
2013-07-23T00:00:00Z,2013-07-23T05:53:37Z,,,,,,,,CALCULATED
2013-07-23T00:10:00Z,2013-07-23T06:03:37Z,,,,,,,,CALCULATED
2013-07-23T00:20:00Z,2013-07-23T06:13:37Z,,,,,,,,CALCULATED
2013-07-23T00:30:00Z,2013-07-23T06:23:37Z,,,,,,,,CALCULATED
2013-07-23T00:40:00Z,2013-07-23T06:33:37Z,,,,,,,,CALCULATED
2013-07-23T00:50:00Z,2013-07-23T06:43:37Z,,,,,,,,CALCULATED
2013-07-23T01:00:00Z,2013-07-23T06:53:37Z,,,,,,,,CALCULATED
2013-07-23T01:10:00Z,2013-07-23T07:03:37Z,,,,,,,,CALCULATED
2013-07-23T01:20:00Z,2013-07-23T07:13:37Z,,,,,,,,CALCULATED
2013-07-23T01:30:00Z,2013-07-23T07:23:37Z,,,,,,,,CALCULATED
2013-07-23T01:40:00Z,2013-07-23T07:33:37Z,,,,,,,,CALCULATED
2013-07-23T01:50:00Z,2013-07-23T07:43:37Z,,,,,,,,CALCULATED
2013-07-23T02:00:00Z,2013-07-23T07:53:37Z,,,,,,,,CALCULATED
2013-07-23T02:10:00Z,2013-07-23T08:03:37Z,,,,,,,,CALCULATED
2013-07-23T02:20:00Z,2013-07-23T08:13:37Z,,,,,,,,CALCULATED
2013-07-23T02:30:00Z,2013-07-23T08:23:37Z,,,,,,,,CALCULATED
2013-07-23T02:40:00Z,2013-07-23T08:33:37Z,,,,,,,,CALCULATED
2013-07-23T02:50:00Z,2013-07-23T08:43:37Z,,,,,,,,CALCULATED
2013-07-23T03:00:00Z,2013-07-23T08:53:37Z,,,,,,,,CALCULATED
2013-07-23T03:10:00Z,2013-07-23T09:03:37Z,,,,,,,,CALCULATED
2013-07-23T03:20:00Z,2013-07-23T09:13:37Z,,,,,,,,CALCULATED
2013-07-23T03:30:00Z,2013-07-23T09:23:37Z,,,,,,,,CALCULATED
2013-07-23T03:40:00Z,2013-07-23T09:33:37Z,,,,,,,,CALCULATED
2013-07-23T03:50:00Z,2013-07-23T09:43:37Z,,,,,,,,CALCULATED
2013-07-23T04:00:00Z,2013-07-23T09:53:37Z,,,,,,,,CALCULATED
2013-07-23T04:10:00Z,2013-07-23T10:03:37Z,,,,,,,,CALCULATED
2013-07-23T04:20:00Z,2013-07-23T10:13:37Z,,,,,,,,CALCULATED
2013-07-23T04:30:00Z,2013-07-23T10:23:37Z,,,,,,,,CALCULATED
2013-07-23T04:40:00Z,2013-07-23T10:33:37Z,,,,,,,,CALCULATED
2013-07-23T04:50:00Z,2013-07-23T10:43:37Z,,,,,,,,CALCULATED
2013-07-23T05:00:00Z,2013-07-23T10:53:37Z,,,,,,,,CALCULATED
2013-07-23T05:10:00Z,2013-07-23T11:03:37Z,,,,,,,,CALCULATED
2013-07-23T05:20:00Z,2013-07-23T11:13:37Z,,,,,,,,CALCULATED
2013-07-23T05:30:00Z,2013-07-23T11:23:37Z,,,,,,,,CALCULATED
2013-07-23T05:40:00Z,2013-07-23T11:33:37Z,,,,,,,,CALCULATED
2013-07-23T05:50:00Z,2013-07-23T11:43:37Z,,,,,,,,CALCULATED
2013-07-23T06:00:00Z,2013-07-23T11:53:37Z,,,,,,,,CALCULATED
2013-07-23T06:10:00Z,2013-07-23T12:03:37Z,,,,,,,,CALCULATED
2013-07-23T06:20:00Z,2013-07-23T12:13:37Z,,,,,,,,CALCULATED
2013-07-23T06:30:00Z,2013-07-23T12:23:37Z,,,,,,,,CALCULATED
2013-07-23T06:40:00Z,2013-07-23T12:33:37Z,,,,,,,,CALCULATED
2013-07-23T06:50:00Z,2013-07-23T12:43:37Z,,,,,,,,CALCULATED
2013-07-23T07:00:00Z,2013-07-23T12:53:37Z,,,,,,,,CALCULATED
2013-07-23T07:10:00Z,2013-07-23T13:03:37Z,,,,,,,,CALCULATED
2013-07-23T07:20:00Z,2013-07-23T13:13:37Z,,,,,,,,CALCULATED
2013-07-23T07:30:00Z,2013-07-23T13:23:37Z,,,,,,,,CALCULATED
2013-07-23T07:40:00Z,2013-07-23T13:33:37Z,,,,,,,,CALCULATED
2013-07-23T07:50:00Z,2013-07-23T13:43:37Z,,,,,,,,CALCULATED
2013-07-23T08:00:00Z,2013-07-23T13:53:37Z,,,,,,,,CALCULATED
2013-07-23T08:10:00Z,2013-07-23T14:03:37Z,,,,,,,,CALCULATED
2013-07-23T08:20:00Z,2013-07-23T14:13:37Z,,,,,,,,CALCULATED
2013-07-23T08:30:00Z,2013-07-23T14:23:37Z,,,,,,,,CALCULATED
2013-07-23T08:40:00Z,2013-07-23T14:33:37Z,,,,,,,,CALCULATED
2013-07-23T08:50:00Z,2013-07-23T14:43:37Z,,,,,,,,CALCULATED
2013-07-23T09:00:00Z,2013-07-23T14:53:37Z,,,,,,,,CALCULATED
2013-07-23T09:10:00Z,2013-07-23T15:03:37Z,,,,,,,,CALCULATED
2013-07-23T09:20:00Z,2013-07-23T15:13:37Z,,,,,,,,CALCULATED
2013-07-23T09:30:00Z,2013-07-23T15:23:37Z,,,,,,,,CALCULATED
2013-07-23T09:40:00Z,2013-07-23T15:33:37Z,,,,,,,,CALCULATED
2013-07-23T09:50:00Z,2013-07-23T15:43:37Z,,,,,,,,CALCULATED
2013-07-23T10:00:00Z,2013-07-23T15:53:37Z,,,,,,,,CALCULATED
2013-07-23T10:10:00Z,2013-07-23T16:03:37Z,,,,,,,,CALCULATED
2013-07-23T10:20:00Z,2013-07-23T16:13:37Z,,,,,,,,CALCULATED
2013-07-23T10:30:00Z,2013-07-23T16:23:37Z,,,,,,,,CALCULATED
2013-07-23T10:40:00Z,2013-07-23T16:33:37Z,,,,,,,,CALCULATED
2013-07-23T10:50:00Z,2013-07-23T16:43:37Z,,,,,,,,CALCULATED
2013-07-23T11:00:00Z,2013-07-23T16:53:37Z,,,,,,,,CALCULATED
2013-07-23T11:10:00Z,2013-07-23T17:03:37Z,,,,,,,,CALCULATED
2013-07-23T11:20:00Z,2013-07-23T17:13:37Z,,,,,,,,CALCULATED
2013-07-23T11:30:00Z,2013-07-23T17:23:37Z,,,,,,,,CALCULATED
2013-07-23T11:40:00Z,2013-07-23T17:33:37Z,,,,,,,,CALCULATED
2013-07-23T11:50:00Z,2013-07-23T17:43:37Z,,,,,,,,CALCULATED
2013-07-23T12:00:00Z,2013-07-23T17:53:37Z,,,,,,,,CALCULATED
2013-07-23T12:10:00Z,2013-07-23T18:03:37Z,,,,,,,,CALCULATED
2013-07-23T12:20:00Z,2013-07-23T18:13:37Z,,,,,,,,CALCULATED
2013-07-23T12:30:00Z,2013-07-23T18:23:37Z,,,,,,,,CALCULATED
2013-07-23T12:40:00Z,2013-07-23T18:33:37Z,,,,,,,,CALCULATED
2013-07-23T12:50:00Z,2013-07-23T18:43:37Z,,,,,,,,CALCULATED
2013-07-23T13:00:00Z,2013-07-23T18:53:37Z,,,,,,,,CALCULATED
2013-07-23T13:10:00Z,2013-07-23T19:03:37Z,,,,,,,,CALCULATED
2013-07-23T13:20:00Z,2013-07-23T19:13:37Z,,,,,,,,CALCULATED
2013-07-23T13:30:00Z,2013-07-23T19:23:37Z,,,,,,,,CALCULATED
2013-07-23T13:40:00Z,2013-07-23T19:33:37Z,,,,,,,,CALCULATED
2013-07-23T13:50:00Z,2013-07-23T19:43:37Z,,,,,,,,CALCULATED
2013-07-23T14:00:00Z,2013-07-23T19:53:37Z,,,,,,,,CALCULATED
2013-07-23T14:10:00Z,2013-07-23T20:03:37Z,,,,,,,,CALCULATED
2013-07-23T14:20:00Z,2013-07-23T20:13:37Z,,,,,,,,CALCULATED
2013-07-23T14:30:00Z,2013-07-23T20:23:37Z,,,,,,,,CALCULATED
2013-07-23T14:40:00Z,2013-07-23T20:33:37Z,,,,,,,,CALCULATED
2013-07-23T14:50:00Z,2013-07-23T20:43:37Z,,,,,,,,CALCULATED
2013-07-23T15:00:00Z,2013-07-23T20:53:37Z,,,,,,,,CALCULATED
2013-07-23T15:10:00Z,2013-07-23T21:03:37Z,,,,,,,,CALCULATED
2013-07-23T15:20:00Z,2013-07-23T21:13:37Z,,,,,,,,CALCULATED
2013-07-23T15:30:00Z,2013-07-23T21:23:37Z,,,,,,,,CALCULATED
2013-07-23T15:40:00Z,2013-07-23T21:33:37Z,,,,,,,,CALCULATED
2013-07-23T15:50:00Z,2013-07-23T21:43:37Z,,,,,,,,CALCULATED
2013-07-23T16:00:00Z,2013-07-23T21:53:37Z,,,,,,,,CALCULATED
2013-07-23T16:10:00Z,2013-07-23T22:03:37Z,,,,,,,,CALCULATED
2013-07-23T16:20:00Z,2013-07-23T22:13:37Z,,,,,,,,CALCULATED
2013-07-23T16:30:00Z,2013-07-23T22:23:37Z,,,,,,,,CALCULATED
2013-07-23T16:40:00Z,2013-07-23T22:33:37Z,,,,,,,,CALCULATED
2013-07-23T16:50:00Z,2013-07-23T22:43:37Z,,,,,,,,CALCULATED
2013-07-23T17:00:00Z,2013-07-23T22:53:37Z,,,,,,,,CALCULATED
2013-07-23T17:10:00Z,2013-07-23T23:03:37Z,,,,,,,,CALCULATED
2013-07-23T17:20:00Z,2013-07-23T23:13:37Z,,,,,,,,CALCULATED
2013-07-23T17:30:00Z,2013-07-23T23:23:37Z,,,,,,,,CALCULATED
2013-07-23T17:40:00Z,2013-07-23T23:33:37Z,,,,,,,,CALCULATED
2013-07-23T17:50:00Z,2013-07-23T23:43:37Z,,,,,,,,CALCULATED
2013-07-23T18:00:00Z,2013-07-23T23:53:37Z,,,,,,,,CALCULATED
2013-07-23T18:10:00Z,2013-07-24T00:03:38Z,,,,,,,,CALCULATED
2013-07-23T18:20:00Z,2013-07-24T00:13:38Z,,,,,,,,CALCULATED
2013-07-23T18:30:00Z,2013-07-24T00:23:38Z,,,,,,,,CALCULATED
2013-07-23T18:40:00Z,2013-07-24T00:33:38Z,,,,,,,,CALCULATED
2013-07-23T18:50:00Z,2013-07-24T00:43:38Z,,,,,,,,CALCULATED
2013-07-23T19:00:00Z,2013-07-24T00:53:38Z,,,,,,,,CALCULATED
2013-07-23T19:10:00Z,2013-07-24T01:03:38Z,,,,,,,,CALCULATED
2013-07-23T19:20:00Z,2013-07-24T01:13:38Z,,,,,,,,CALCULATED
2013-07-23T19:30:00Z,2013-07-24T01:23:38Z,,,,,,,,CALCULATED
2013-07-23T19:40:00Z,2013-07-24T01:33:38Z,,,,,,,,CALCULATED
2013-07-23T19:50:00Z,2013-07-24T01:43:38Z,,,,,,,,CALCULATED
2013-07-23T20:00:00Z,2013-07-24T01:53:38Z,,,,,,,,CALCULATED
2013-07-23T20:10:00Z,2013-07-24T02:03:38Z,,,,,,,,CALCULATED
2013-07-23T20:20:00Z,2013-07-24T02:13:38Z,,,,,,,,CALCULATED
2013-07-23T20:30:00Z,2013-07-24T02:23:38Z,,,,,,,,CALCULATED
2013-07-23T20:40:00Z,2013-07-24T02:33:38Z,,,,,,,,CALCULATED
2013-07-23T20:50:00Z,2013-07-24T02:43:38Z,,,,,,,,CALCULATED
2013-07-23T21:00:00Z,2013-07-24T02:53:38Z,,,,,,,,CALCULATED
2013-07-23T21:10:00Z,2013-07-24T03:03:38Z,,,,,,,,CALCULATED
2013-07-23T21:20:00Z,2013-07-24T03:13:38Z,,,,,,,,CALCULATED
2013-07-23T21:30:00Z,2013-07-24T03:23:38Z,,,,,,,,CALCULATED
2013-07-23T21:40:00Z,2013-07-24T03:33:38Z,,,,,,,,CALCULATED
2013-07-23T21:50:00Z,2013-07-24T03:43:38Z,,,,,,,,CALCULATED
2013-07-23T22:00:00Z,2013-07-24T03:53:38Z,,,,,,,,CALCULATED
2013-07-23T22:10:00Z,2013-07-24T04:03:38Z,,,,,,,,CALCULATED
2013-07-23T22:20:00Z,2013-07-24T04:13:38Z,,,,,,,,CALCULATED
2013-07-23T22:30:00Z,2013-07-24T04:23:38Z,,,,,,,,CALCULATED
2013-07-23T22:40:00Z,2013-07-24T04:33:38Z,,,,,,,,CALCULATED
2013-07-23T22:50:00Z,2013-07-24T04:43:38Z,,,,,,,,CALCULATED
2013-07-23T23:00:00Z,2013-07-24T04:53:38Z,,,,,,,,CALCULATED
2013-07-23T23:10:00Z,2013-07-24T05:03:38Z,,,,,,,,CALCULATED
2013-07-23T23:20:00Z,2013-07-24T05:13:38Z,,,,,,,,CALCULATED
2013-07-23T23:30:00Z,2013-07-24T05:23:38Z,,,,,,,,CALCULATED
2013-07-23T23:40:00Z,2013-07-24T05:33:38Z,,,,,,,,CALCULATED
2013-07-23T23:50:00Z,2013-07-24T05:43:38Z,,,,,,,,CALCULATED
2013-07-24T00:00:00Z,2013-07-24T05:53:38Z,,,,,,,,CALCULATED
2013-07-24T00:10:00Z,2013-07-24T06:03:38Z,,,,,,,,CALCULATED
2013-07-24T00:20:00Z,2013-07-24T06:13:38Z,,,,,,,,CALCULATED
2013-07-24T00:30:00Z,2013-07-24T06:23:38Z,,,,,,,,CALCULATED
2013-07-24T00:40:00Z,2013-07-24T06:33:38Z,,,,,,,,CALCULATED
2013-07-24T00:50:00Z,2013-07-24T06:43:38Z,,,,,,,,CALCULATED
2013-07-24T01:00:00Z,2013-07-24T06:53:38Z,,,,,,,,CALCULATED
2013-07-24T01:10:00Z,2013-07-24T07:03:38Z,,,,,,,,CALCULATED
2013-07-24T01:20:00Z,2013-07-24T07:13:38Z,,,,,,,,CALCULATED
2013-07-24T01:30:00Z,2013-07-24T07:23:38Z,,,,,,,,CALCULATED
2013-07-24T01:40:00Z,2013-07-24T07:33:38Z,,,,,,,,CALCULATED
2013-07-24T01:50:00Z,2013-07-24T07:43:38Z,,,,,,,,CALCULATED
2013-07-24T02:00:00Z,2013-07-24T07:53:38Z,,,,,,,,CALCULATED
2013-07-24T02:10:00Z,2013-07-24T08:03:38Z,,,,,,,,CALCULATED
2013-07-24T02:20:00Z,2013-07-24T08:13:38Z,,,,,,,,CALCULATED
2013-07-24T02:30:00Z,2013-07-24T08:23:38Z,,,,,,,,CALCULATED
2013-07-24T02:40:00Z,2013-07-24T08:33:38Z,,,,,,,,CALCULATED
2013-07-24T02:50:00Z,2013-07-24T08:43:38Z,,,,,,,,CALCULATED
2013-07-24T03:00:00Z,2013-07-24T08:53:38Z,,,,,,,,CALCULATED
2013-07-24T03:10:00Z,2013-07-24T09:03:38Z,,,,,,,,CALCULATED
2013-07-24T03:20:00Z,2013-07-24T09:13:38Z,,,,,,,,CALCULATED
2013-07-24T03:30:00Z,2013-07-24T09:23:38Z,,,,,,,,CALCULATED
2013-07-24T03:40:00Z,2013-07-24T09:33:38Z,,,,,,,,CALCULATED
2013-07-24T03:50:00Z,2013-07-24T09:43:38Z,,,,,,,,CALCULATED
2013-07-24T04:00:00Z,2013-07-24T09:53:38Z,,,,,,,,CALCULATED
2013-07-24T04:10:00Z,2013-07-24T10:03:38Z,,,,,,,,CALCULATED
2013-07-24T04:20:00Z,2013-07-24T10:13:38Z,,,,,,,,CALCULATED
2013-07-24T04:30:00Z,2013-07-24T10:23:38Z,,,,,,,,CALCULATED
2013-07-24T04:40:00Z,2013-07-24T10:33:38Z,,,,,,,,CALCULATED
2013-07-24T04:50:00Z,2013-07-24T10:43:38Z,,,,,,,,CALCULATED
2013-07-24T05:00:00Z,2013-07-24T10:53:38Z,,,,,,,,CALCULATED
2013-07-24T05:10:00Z,2013-07-24T11:03:38Z,,,,,,,,CALCULATED
2013-07-24T05:20:00Z,2013-07-24T11:13:38Z,,,,,,,,CALCULATED
2013-07-24T05:30:00Z,2013-07-24T11:23:38Z,,,,,,,,CALCULATED
2013-07-24T05:40:00Z,2013-07-24T11:33:38Z,,,,,,,,CALCULATED
2013-07-24T05:50:00Z,2013-07-24T11:43:38Z,,,,,,,,CALCULATED
2013-07-24T06:00:00Z,2013-07-24T11:53:38Z,,,,,,,,CALCULATED
2013-07-24T06:10:00Z,2013-07-24T12:03:38Z,,,,,,,,CALCULATED
2013-07-24T06:20:00Z,2013-07-24T12:13:38Z,,,,,,,,CALCULATED
2013-07-24T06:30:00Z,2013-07-24T12:23:38Z,,,,,,,,CALCULATED
2013-07-24T06:40:00Z,2013-07-24T12:33:38Z,,,,,,,,CALCULATED
2013-07-24T06:50:00Z,2013-07-24T12:43:38Z,,,,,,,,CALCULATED
2013-07-24T07:00:00Z,2013-07-24T12:53:38Z,,,,,,,,CALCULATED
2013-07-24T07:10:00Z,2013-07-24T13:03:38Z,,,,,,,,CALCULATED
2013-07-24T07:20:00Z,2013-07-24T13:13:38Z,,,,,,,,CALCULATED
2013-07-24T07:30:00Z,2013-07-24T13:23:38Z,,,,,,,,CALCULATED
2013-07-24T07:40:00Z,2013-07-24T13:33:38Z,,,,,,,,CALCULATED
2013-07-24T07:50:00Z,2013-07-24T13:43:38Z,,,,,,,,CALCULATED
2013-07-24T08:00:00Z,2013-07-24T13:53:38Z,,,,,,,,CALCULATED
2013-07-24T08:10:00Z,2013-07-24T14:03:38Z,,,,,,,,CALCULATED
2013-07-24T08:20:00Z,2013-07-24T14:13:38Z,,,,,,,,CALCULATED
2013-07-24T08:30:00Z,2013-07-24T14:23:38Z,,,,,,,,CALCULATED
2013-07-24T08:40:00Z,2013-07-24T14:33:38Z,,,,,,,,CALCULATED
2013-07-24T08:50:00Z,2013-07-24T14:43:38Z,,,,,,,,CALCULATED
2013-07-24T09:00:00Z,2013-07-24T14:53:38Z,,,,,,,,CALCULATED
2013-07-24T09:10:00Z,2013-07-24T15:03:38Z,,,,,,,,CALCULATED
2013-07-24T09:20:00Z,2013-07-24T15:13:38Z,,,,,,,,CALCULATED
2013-07-24T09:30:00Z,2013-07-24T15:23:38Z,,,,,,,,CALCULATED
2013-07-24T09:40:00Z,2013-07-24T15:33:38Z,,,,,,,,CALCULATED
2013-07-24T09:50:00Z,2013-07-24T15:43:38Z,,,,,,,,CALCULATED
2013-07-24T10:00:00Z,2013-07-24T15:53:38Z,,,,,,,,CALCULATED
2013-07-24T10:10:00Z,2013-07-24T16:03:38Z,,,,,,,,CALCULATED
2013-07-24T10:20:00Z,2013-07-24T16:13:38Z,,,,,,,,CALCULATED
2013-07-24T10:30:00Z,2013-07-24T16:23:38Z,,,,,,,,CALCULATED
2013-07-24T10:40:00Z,2013-07-24T16:33:38Z,,,,,,,,CALCULATED
2013-07-24T10:50:00Z,2013-07-24T16:43:38Z,,,,,,,,CALCULATED
2013-07-24T11:00:00Z,2013-07-24T16:53:38Z,,,,,,,,CALCULATED
2013-07-24T11:10:00Z,2013-07-24T17:03:38Z,,,,,,,,CALCULATED
2013-07-24T11:20:00Z,2013-07-24T17:13:38Z,,,,,,,,CALCULATED
2013-07-24T11:30:00Z,2013-07-24T17:23:38Z,,,,,,,,CALCULATED
2013-07-24T11:40:00Z,2013-07-24T17:33:38Z,,,,,,,,CALCULATED
2013-07-24T11:50:00Z,2013-07-24T17:43:38Z,,,,,,,,CALCULATED
2013-07-24T12:00:00Z,2013-07-24T17:53:38Z,,,,,,,,CALCULATED
2013-07-24T12:10:00Z,2013-07-24T18:03:38Z,,,,,,,,CALCULATED
2013-07-24T12:20:00Z,2013-07-24T18:13:38Z,,,,,,,,CALCULATED
2013-07-24T12:30:00Z,2013-07-24T18:23:38Z,,,,,,,,CALCULATED
2013-07-24T12:40:00Z,2013-07-24T18:33:38Z,,,,,,,,CALCULATED
2013-07-24T12:50:00Z,2013-07-24T18:43:38Z,,,,,,,,CALCULATED
2013-07-24T13:00:00Z,2013-07-24T18:53:38Z,,,,,,,,CALCULATED
2013-07-24T13:10:00Z,2013-07-24T19:03:38Z,,,,,,,,CALCULATED
2013-07-24T13:20:00Z,2013-07-24T19:13:38Z,,,,,,,,CALCULATED
2013-07-24T13:30:00Z,2013-07-24T19:23:38Z,,,,,,,,CALCULATED
2013-07-24T13:40:00Z,2013-07-24T19:33:38Z,,,,,,,,CALCULATED
2013-07-24T13:50:00Z,2013-07-24T19:43:38Z,,,,,,,,CALCULATED
2013-07-24T14:00:00Z,2013-07-24T19:53:38Z,,,,,,,,CALCULATED
2013-07-24T14:10:00Z,2013-07-24T20:03:38Z,,,,,,,,CALCULATED
2013-07-24T14:20:00Z,2013-07-24T20:13:38Z,,,,,,,,CALCULATED
2013-07-24T14:30:00Z,2013-07-24T20:23:38Z,,,,,,,,CALCULATED
2013-07-24T14:40:00Z,2013-07-24T20:33:38Z,,,,,,,,CALCULATED
2013-07-24T14:50:00Z,2013-07-24T20:43:38Z,,,,,,,,CALCULATED
2013-07-24T15:00:00Z,2013-07-24T20:53:38Z,,,,,,,,CALCULATED
2013-07-24T15:10:00Z,2013-07-24T21:03:38Z,,,,,,,,CALCULATED
2013-07-24T15:20:00Z,2013-07-24T21:13:38Z,,,,,,,,CALCULATED
2013-07-24T15:30:00Z,2013-07-24T21:23:38Z,,,,,,,,CALCULATED
2013-07-24T15:40:00Z,2013-07-24T21:33:38Z,,,,,,,,CALCULATED
2013-07-24T15:50:00Z,2013-07-24T21:43:38Z,,,,,,,,CALCULATED
2013-07-24T16:00:00Z,2013-07-24T21:53:38Z,,,,,,,,CALCULATED
2013-07-24T16:10:00Z,2013-07-24T22:03:38Z,,,,,,,,CALCULATED
2013-07-24T16:20:00Z,2013-07-24T22:13:38Z,,,,,,,,CALCULATED
2013-07-24T16:30:00Z,2013-07-24T22:23:38Z,,,,,,,,CALCULATED
2013-07-24T16:40:00Z,2013-07-24T22:33:38Z,,,,,,,,CALCULATED
2013-07-24T16:50:00Z,2013-07-24T22:43:38Z,,,,,,,,CALCULATED
2013-07-24T17:00:00Z,2013-07-24T22:53:38Z,,,,,,,,CALCULATED
2013-07-24T17:10:00Z,2013-07-24T23:03:38Z,,,,,,,,CALCULATED
2013-07-24T17:20:00Z,2013-07-24T23:13:38Z,,,,,,,,CALCULATED
2013-07-24T17:30:00Z,2013-07-24T23:23:38Z,,,,,,,,CALCULATED
2013-07-24T17:40:00Z,2013-07-24T23:33:38Z,,,,,,,,CALCULATED
2013-07-24T17:50:00Z,2013-07-24T23:43:38Z,,,,,,,,CALCULATED
2013-07-24T18:00:00Z,2013-07-24T23:53:38Z,,,,,,,,CALCULATED
2013-07-24T18:10:00Z,2013-07-25T00:03:38Z,,,,,,,,CALCULATED
2013-07-24T18:20:00Z,2013-07-25T00:13:38Z,,,,,,,,CALCULATED
2013-07-24T18:30:00Z,2013-07-25T00:23:38Z,,,,,,,,CALCULATED
2013-07-24T18:40:00Z,2013-07-25T00:33:38Z,,,,,,,,CALCULATED
2013-07-24T18:50:00Z,2013-07-25T00:43:38Z,,,,,,,,CALCULATED
2013-07-24T19:00:00Z,2013-07-25T00:53:38Z,,,,,,,,CALCULATED
2013-07-24T19:10:00Z,2013-07-25T01:03:38Z,,,,,,,,CALCULATED
2013-07-24T19:20:00Z,2013-07-25T01:13:38Z,,,,,,,,CALCULATED
2013-07-24T19:30:00Z,2013-07-25T01:23:38Z,,,,,,,,CALCULATED
2013-07-24T19:40:00Z,2013-07-25T01:33:38Z,,,,,,,,CALCULATED
2013-07-24T19:50:00Z,2013-07-25T01:43:38Z,,,,,,,,CALCULATED
2013-07-24T20:00:00Z,2013-07-25T01:53:38Z,,,,,,,,CALCULATED
2013-07-24T20:10:00Z,2013-07-25T02:03:38Z,,,,,,,,CALCULATED
2013-07-24T20:20:00Z,2013-07-25T02:13:38Z,,,,,,,,CALCULATED
2013-07-24T20:30:00Z,2013-07-25T02:23:38Z,,,,,,,,CALCULATED
2013-07-24T20:40:00Z,2013-07-25T02:33:38Z,,,,,,,,CALCULATED
2013-07-24T20:50:00Z,2013-07-25T02:43:38Z,,,,,,,,CALCULATED
2013-07-24T21:00:00Z,2013-07-25T02:53:38Z,,,,,,,,CALCULATED
2013-07-24T21:10:00Z,2013-07-25T03:03:38Z,,,,,,,,CALCULATED
2013-07-24T21:20:00Z,2013-07-25T03:13:38Z,,,,,,,,CALCULATED
2013-07-24T21:30:00Z,2013-07-25T03:23:38Z,,,,,,,,CALCULATED
2013-07-24T21:40:00Z,2013-07-25T03:33:38Z,,,,,,,,CALCULATED
2013-07-24T21:50:00Z,2013-07-25T03:43:38Z,,,,,,,,CALCULATED
2013-07-24T22:00:00Z,2013-07-25T03:53:38Z,,,,,,,,CALCULATED
2013-07-24T22:10:00Z,2013-07-25T04:03:38Z,,,,,,,,CALCULATED
2013-07-24T22:20:00Z,2013-07-25T04:13:38Z,,,,,,,,CALCULATED
2013-07-24T22:30:00Z,2013-07-25T04:23:38Z,,,,,,,,CALCULATED
2013-07-24T22:40:00Z,2013-07-25T04:33:38Z,,,,,,,,CALCULATED
2013-07-24T22:50:00Z,2013-07-25T04:43:38Z,,,,,,,,CALCULATED
2013-07-24T23:00:00Z,2013-07-25T04:53:38Z,,,,,,,,CALCULATED
2013-07-24T23:10:00Z,2013-07-25T05:03:38Z,,,,,,,,CALCULATED
2013-07-24T23:20:00Z,2013-07-25T05:13:38Z,,,,,,,,CALCULATED
2013-07-24T23:30:00Z,2013-07-25T05:23:38Z,,,,,,,,CALCULATED
2013-07-24T23:40:00Z,2013-07-25T05:33:38Z,,,,,,,,CALCULATED
2013-07-24T23:50:00Z,2013-07-25T05:43:38Z,,,,,,,,CALCULATED
2013-07-25T00:00:00Z,2013-07-25T05:53:38Z,,,,,,,,CALCULATED
2013-07-25T00:10:00Z,2013-07-25T06:03:38Z,,,,,,,,CALCULATED
2013-07-25T00:20:00Z,2013-07-25T06:13:38Z,,,,,,,,CALCULATED
2013-07-25T00:30:00Z,2013-07-25T06:23:38Z,,,,,,,,CALCULATED
2013-07-25T00:40:00Z,2013-07-25T06:33:38Z,,,,,,,,CALCULATED
2013-07-25T00:50:00Z,2013-07-25T06:43:38Z,,,,,,,,CALCULATED
2013-07-25T01:00:00Z,2013-07-25T06:53:38Z,,,,,,,,CALCULATED
2013-07-25T01:10:00Z,2013-07-25T07:03:38Z,,,,,,,,CALCULATED
2013-07-25T01:20:00Z,2013-07-25T07:13:38Z,,,,,,,,CALCULATED
2013-07-25T01:30:00Z,2013-07-25T07:23:38Z,,,,,,,,CALCULATED
2013-07-25T01:40:00Z,2013-07-25T07:33:38Z,,,,,,,,CALCULATED
2013-07-25T01:50:00Z,2013-07-25T07:43:38Z,,,,,,,,CALCULATED
2013-07-25T02:00:00Z,2013-07-25T07:53:38Z,,,,,,,,CALCULATED
2013-07-25T02:10:00Z,2013-07-25T08:03:38Z,,,,,,,,CALCULATED
2013-07-25T02:20:00Z,2013-07-25T08:13:38Z,,,,,,,,CALCULATED
2013-07-25T02:30:00Z,2013-07-25T08:23:38Z,,,,,,,,CALCULATED
2013-07-25T02:40:00Z,2013-07-25T08:33:38Z,,,,,,,,CALCULATED
2013-07-25T02:50:00Z,2013-07-25T08:43:38Z,,,,,,,,CALCULATED
2013-07-25T03:00:00Z,2013-07-25T08:53:38Z,,,,,,,,CALCULATED
2013-07-25T03:10:00Z,2013-07-25T09:03:38Z,,,,,,,,CALCULATED
2013-07-25T03:20:00Z,2013-07-25T09:13:38Z,,,,,,,,CALCULATED
2013-07-25T03:30:00Z,2013-07-25T09:23:38Z,,,,,,,,CALCULATED
2013-07-25T03:40:00Z,2013-07-25T09:33:38Z,,,,,,,,CALCULATED
2013-07-25T03:50:00Z,2013-07-25T09:43:38Z,,,,,,,,CALCULATED
2013-07-25T04:00:00Z,2013-07-25T09:53:38Z,,,,,,,,CALCULATED
2013-07-25T04:10:00Z,2013-07-25T10:03:38Z,,,,,,,,CALCULATED
2013-07-25T04:20:00Z,2013-07-25T10:13:38Z,,,,,,,,CALCULATED
2013-07-25T04:30:00Z,2013-07-25T10:23:38Z,,,,,,,,CALCULATED
2013-07-25T04:40:00Z,2013-07-25T10:33:38Z,,,,,,,,CALCULATED
2013-07-25T04:50:00Z,2013-07-25T10:43:38Z,,,,,,,,CALCULATED
2013-07-25T05:00:00Z,2013-07-25T10:53:38Z,,,,,,,,CALCULATED
2013-07-25T05:10:00Z,2013-07-25T11:03:38Z,,,,,,,,CALCULATED
2013-07-25T05:20:00Z,2013-07-25T11:13:38Z,,,,,,,,CALCULATED
2013-07-25T05:30:00Z,2013-07-25T11:23:38Z,,,,,,,,CALCULATED
2013-07-25T05:40:00Z,2013-07-25T11:33:38Z,,,,,,,,CALCULATED
2013-07-25T05:50:00Z,2013-07-25T11:43:38Z,,,,,,,,CALCULATED
2013-07-25T06:00:00Z,2013-07-25T11:53:38Z,,,,,,,,CALCULATED
2013-07-25T06:10:00Z,2013-07-25T12:03:38Z,,,,,,,,CALCULATED
2013-07-25T06:20:00Z,2013-07-25T12:13:38Z,,,,,,,,CALCULATED
2013-07-25T06:30:00Z,2013-07-25T12:23:38Z,,,,,,,,CALCULATED
2013-07-25T06:40:00Z,2013-07-25T12:33:38Z,,,,,,,,CALCULATED
2013-07-25T06:50:00Z,2013-07-25T12:43:38Z,,,,,,,,CALCULATED
2013-07-25T07:00:00Z,2013-07-25T12:53:38Z,,,,,,,,CALCULATED
2013-07-25T07:10:00Z,2013-07-25T13:03:38Z,,,,,,,,CALCULATED
2013-07-25T07:20:00Z,2013-07-25T13:13:38Z,,,,,,,,CALCULATED
2013-07-25T07:30:00Z,2013-07-25T13:23:38Z,,,,,,,,CALCULATED
2013-07-25T07:40:00Z,2013-07-25T13:33:38Z,,,,,,,,CALCULATED
2013-07-25T07:50:00Z,2013-07-25T13:43:38Z,,,,,,,,CALCULATED
2013-07-25T08:00:00Z,2013-07-25T13:53:38Z,,,,,,,,CALCULATED
2013-07-25T08:10:00Z,2013-07-25T14:03:38Z,,,,,,,,CALCULATED
2013-07-25T08:20:00Z,2013-07-25T14:13:38Z,,,,,,,,CALCULATED
2013-07-25T08:30:00Z,2013-07-25T14:23:38Z,,,,,,,,CALCULATED
2013-07-25T08:40:00Z,2013-07-25T14:33:38Z,,,,,,,,CALCULATED
2013-07-25T08:50:00Z,2013-07-25T14:43:38Z,,,,,,,,CALCULATED
2013-07-25T09:00:00Z,2013-07-25T14:53:38Z,,,,,,,,CALCULATED
2013-07-25T09:10:00Z,2013-07-25T15:03:38Z,,,,,,,,CALCULATED
2013-07-25T09:20:00Z,2013-07-25T15:13:38Z,,,,,,,,CALCULATED
2013-07-25T09:30:00Z,2013-07-25T15:23:38Z,,,,,,,,CALCULATED
2013-07-25T09:40:00Z,2013-07-25T15:33:38Z,,,,,,,,CALCULATED
2013-07-25T09:50:00Z,2013-07-25T15:43:38Z,,,,,,,,CALCULATED
2013-07-25T10:00:00Z,2013-07-25T15:53:38Z,,,,,,,,CALCULATED
2013-07-25T10:10:00Z,2013-07-25T16:03:38Z,,,,,,,,CALCULATED
2013-07-25T10:20:00Z,2013-07-25T16:13:38Z,,,,,,,,CALCULATED
2013-07-25T10:30:00Z,2013-07-25T16:23:38Z,,,,,,,,CALCULATED
2013-07-25T10:40:00Z,2013-07-25T16:33:38Z,,,,,,,,CALCULATED
2013-07-25T10:50:00Z,2013-07-25T16:43:38Z,,,,,,,,CALCULATED
2013-07-25T11:00:00Z,2013-07-25T16:53:38Z,,,,,,,,CALCULATED
2013-07-25T11:10:00Z,2013-07-25T17:03:38Z,,,,,,,,CALCULATED
2013-07-25T11:20:00Z,2013-07-25T17:13:38Z,,,,,,,,CALCULATED
2013-07-25T11:30:00Z,2013-07-25T17:23:38Z,,,,,,,,CALCULATED
2013-07-25T11:40:00Z,2013-07-25T17:33:38Z,,,,,,,,CALCULATED
2013-07-25T11:50:00Z,2013-07-25T17:43:38Z,,,,,,,,CALCULATED
2013-07-25T12:00:00Z,2013-07-25T17:53:38Z,,,,,,,,CALCULATED
2013-07-25T12:10:00Z,2013-07-25T18:03:38Z,,,,,,,,CALCULATED
2013-07-25T12:20:00Z,2013-07-25T18:13:38Z,,,,,,,,CALCULATED
2013-07-25T12:30:00Z,2013-07-25T18:23:38Z,,,,,,,,CALCULATED
2013-07-25T12:40:00Z,2013-07-25T18:33:38Z,,,,,,,,CALCULATED
2013-07-25T12:50:00Z,2013-07-25T18:43:38Z,,,,,,,,CALCULATED
2013-07-25T13:00:00Z,2013-07-25T18:53:38Z,,,,,,,,CALCULATED
2013-07-25T13:10:00Z,2013-07-25T19:03:38Z,,,,,,,,CALCULATED
2013-07-25T13:20:00Z,2013-07-25T19:13:38Z,,,,,,,,CALCULATED
2013-07-25T13:30:00Z,2013-07-25T19:23:38Z,,,,,,,,CALCULATED
2013-07-25T13:40:00Z,2013-07-25T19:33:38Z,,,,,,,,CALCULATED
2013-07-25T13:50:00Z,2013-07-25T19:43:38Z,,,,,,,,CALCULATED
2013-07-25T14:00:00Z,2013-07-25T19:53:38Z,,,,,,,,CALCULATED
2013-07-25T14:10:00Z,2013-07-25T20:03:38Z,,,,,,,,CALCULATED
2013-07-25T14:20:00Z,2013-07-25T20:13:38Z,,,,,,,,CALCULATED
2013-07-25T14:30:00Z,2013-07-25T20:23:38Z,,,,,,,,CALCULATED
2013-07-25T14:40:00Z,2013-07-25T20:33:38Z,,,,,,,,CALCULATED
2013-07-25T14:50:00Z,2013-07-25T20:43:38Z,,,,,,,,CALCULATED
2013-07-25T15:00:00Z,2013-07-25T20:53:38Z,,,,,,,,CALCULATED
2013-07-25T15:10:00Z,2013-07-25T21:03:38Z,,,,,,,,CALCULATED
2013-07-25T15:20:00Z,2013-07-25T21:13:38Z,,,,,,,,CALCULATED
2013-07-25T15:30:00Z,2013-07-25T21:23:38Z,,,,,,,,CALCULATED
2013-07-25T15:40:00Z,2013-07-25T21:33:38Z,,,,,,,,CALCULATED
2013-07-25T15:50:00Z,2013-07-25T21:43:38Z,,,,,,OUT_WARN,,CALCULATED
2013-07-25T16:00:00Z,2013-07-25T21:53:38Z,,,,,,OUT_WARN,,CALCULATED
2013-07-25T16:10:00Z,2013-07-25T22:03:38Z,,,,,,OUT_WARN,,CALCULATED
2013-07-25T16:20:00Z,2013-07-25T22:13:38Z,,,,,,OUT_WARN,,CALCULATED
2013-07-25T16:30:00Z,2013-07-25T22:23:38Z,,,,,,OUT_WARN,,CALCULATED
2013-07-25T16:40:00Z,2013-07-25T22:33:38Z,,,,,,,,CALCULATED
2013-07-25T16:50:00Z,2013-07-25T22:43:38Z,,,,,,,,CALCULATED
2013-07-25T17:00:00Z,2013-07-25T22:53:38Z,,,,,,,,CALCULATED
2013-07-25T17:10:00Z,2013-07-25T23:03:38Z,,,,,,,,CALCULATED
2013-07-25T17:20:00Z,2013-07-25T23:13:38Z,,,,,,,,CALCULATED
2013-07-25T17:30:00Z,2013-07-25T23:23:38Z,,,,,,,,CALCULATED
2013-07-25T17:40:00Z,2013-07-25T23:33:38Z,,,,,,OUT_WARN,,CALCULATED
2013-07-25T17:50:00Z,2013-07-25T23:43:38Z,,,,,,,,CALCULATED
2013-07-25T18:00:00Z,2013-07-25T23:53:38Z,,,,,,,,CALCULATED
2013-07-25T18:10:00Z,2013-07-26T00:03:40Z,,,,,,,,CALCULATED
2013-07-25T18:20:00Z,2013-07-26T00:13:40Z,,,,,,,,CALCULATED
2013-07-25T18:30:00Z,2013-07-26T00:23:40Z,,,,,,,,CALCULATED
2013-07-25T18:40:00Z,2013-07-26T00:33:40Z,,,,,,,,CALCULATED
2013-07-25T18:50:00Z,2013-07-26T00:43:40Z,,,,,,,,CALCULATED
2013-07-25T19:00:00Z,2013-07-26T00:53:40Z,,,,,,,,CALCULATED
2013-07-25T19:10:00Z,2013-07-26T01:03:40Z,,,,,,,,CALCULATED
2013-07-25T19:20:00Z,2013-07-26T01:13:40Z,,,,,,,,CALCULATED
2013-07-25T19:30:00Z,2013-07-26T01:23:40Z,,,,,,,,CALCULATED
2013-07-25T19:40:00Z,2013-07-26T01:33:40Z,,,,,,,,CALCULATED
2013-07-25T19:50:00Z,2013-07-26T01:43:40Z,,,,,,,,CALCULATED
2013-07-25T20:00:00Z,2013-07-26T01:53:40Z,,,,,,,,CALCULATED
2013-07-25T20:10:00Z,2013-07-26T02:03:40Z,,,,,,,,CALCULATED
2013-07-25T20:20:00Z,2013-07-26T02:13:40Z,,,,,,,,CALCULATED
2013-07-25T20:30:00Z,2013-07-26T02:23:40Z,,,,,,,,CALCULATED
2013-07-25T20:40:00Z,2013-07-26T02:33:40Z,,,,,,,,CALCULATED
2013-07-25T20:50:00Z,2013-07-26T02:43:40Z,,,,,,,,CALCULATED
2013-07-25T21:00:00Z,2013-07-26T02:53:40Z,,,,,,,,CALCULATED
2013-07-25T21:10:00Z,2013-07-26T03:03:40Z,,,,,,,,CALCULATED
2013-07-25T21:20:00Z,2013-07-26T03:13:40Z,,,,,,,,CALCULATED
2013-07-25T21:30:00Z,2013-07-26T03:23:40Z,,,,,,OUT_WARN,,CALCULATED
2013-07-25T21:40:00Z,2013-07-26T03:33:40Z,,,,,,,,CALCULATED
2013-07-25T21:50:00Z,2013-07-26T03:43:40Z,,,,,,,,CALCULATED
2013-07-25T22:00:00Z,2013-07-26T03:53:40Z,,,,,,,,CALCULATED
2013-07-25T22:10:00Z,2013-07-26T04:03:40Z,,,,,,,,CALCULATED
2013-07-25T22:20:00Z,2013-07-26T04:13:40Z,,,,,,,,CALCULATED
2013-07-25T22:30:00Z,2013-07-26T04:23:40Z,,,,,,,,CALCULATED
2013-07-25T22:40:00Z,2013-07-26T04:33:40Z,,,,,,,,CALCULATED
2013-07-25T22:50:00Z,2013-07-26T04:43:40Z,,,,,,,,CALCULATED
2013-07-25T23:00:00Z,2013-07-26T04:53:40Z,,,,,,,,CALCULATED
2013-07-25T23:10:00Z,2013-07-26T05:03:40Z,,,,,,,,CALCULATED
2013-07-25T23:20:00Z,2013-07-26T05:13:40Z,,,,,,,,CALCULATED
2013-07-25T23:30:00Z,2013-07-26T05:23:40Z,,,,,,,,CALCULATED
2013-07-25T23:40:00Z,2013-07-26T05:33:40Z,,,,,,,,CALCULATED
2013-07-25T23:50:00Z,2013-07-26T05:43:40Z,,,,,,,,CALCULATED
2013-07-26T00:00:00Z,2013-07-26T05:53:40Z,,,,,,,,CALCULATED
2013-07-26T00:10:00Z,2013-07-26T06:03:40Z,,,,,,,,CALCULATED
2013-07-26T00:20:00Z,2013-07-26T06:13:40Z,,,,,,,,CALCULATED
2013-07-26T00:30:00Z,2013-07-26T06:23:40Z,,,,,,,,CALCULATED
2013-07-26T00:40:00Z,2013-07-26T06:33:40Z,,,,,,,,CALCULATED
2013-07-26T00:50:00Z,2013-07-26T06:43:40Z,,,,,,,,CALCULATED
2013-07-26T01:00:00Z,2013-07-26T06:53:40Z,,,,,,,,CALCULATED
2013-07-26T01:10:00Z,2013-07-26T07:03:40Z,,,,,,,,CALCULATED
2013-07-26T01:20:00Z,2013-07-26T07:13:40Z,,,,,,,,CALCULATED
2013-07-26T01:30:00Z,2013-07-26T07:23:40Z,,,,,,,,CALCULATED
2013-07-26T01:40:00Z,2013-07-26T07:33:40Z,,,,,,,,CALCULATED
2013-07-26T01:50:00Z,2013-07-26T07:43:40Z,,,,,,,,CALCULATED
2013-07-26T02:00:00Z,2013-07-26T07:53:40Z,,,,,,,,CALCULATED
2013-07-26T02:10:00Z,2013-07-26T08:03:40Z,,,,,,,,CALCULATED
2013-07-26T02:20:00Z,2013-07-26T08:13:40Z,,,,,,,,CALCULATED
2013-07-26T02:30:00Z,2013-07-26T08:23:40Z,,,,,,,,CALCULATED
2013-07-26T02:40:00Z,2013-07-26T08:33:40Z,,,,,,,,CALCULATED
2013-07-26T02:50:00Z,2013-07-26T08:43:40Z,,,,,,,,CALCULATED
2013-07-26T03:00:00Z,2013-07-26T08:53:40Z,,,,,,,,CALCULATED
2013-07-26T03:10:00Z,2013-07-26T09:03:40Z,,,,,,,,CALCULATED
2013-07-26T03:20:00Z,2013-07-26T09:13:40Z,,,,,,,,CALCULATED
2013-07-26T03:30:00Z,2013-07-26T09:23:40Z,,,,,,,,CALCULATED
2013-07-26T03:40:00Z,2013-07-26T09:33:40Z,,,,,,,,CALCULATED
2013-07-26T03:50:00Z,2013-07-26T09:43:40Z,,,,,,,,CALCULATED
2013-07-26T04:00:00Z,2013-07-26T09:53:40Z,,,,,,,,CALCULATED
2013-07-26T04:10:00Z,2013-07-26T10:03:40Z,,,,,,,,CALCULATED
2013-07-26T04:20:00Z,2013-07-26T10:13:40Z,,,,,,,,CALCULATED
2013-07-26T04:30:00Z,2013-07-26T10:23:40Z,,,,,,,,CALCULATED
2013-07-26T04:40:00Z,2013-07-26T10:33:40Z,,,,,,,,CALCULATED
2013-07-26T04:50:00Z,2013-07-26T10:43:40Z,,,,,,,,CALCULATED
2013-07-26T05:00:00Z,2013-07-26T10:53:40Z,,,,,,,,CALCULATED
2013-07-26T05:10:00Z,2013-07-26T11:03:40Z,,,,,,,,CALCULATED
2013-07-26T05:20:00Z,2013-07-26T11:13:40Z,,,,,,,,CALCULATED
2013-07-26T05:30:00Z,2013-07-26T11:23:40Z,,,,,,,,CALCULATED
2013-07-26T05:40:00Z,2013-07-26T11:33:40Z,,,,,,,,CALCULATED
2013-07-26T05:50:00Z,2013-07-26T11:43:40Z,,,,,,,,CALCULATED
2013-07-26T06:00:00Z,2013-07-26T11:53:40Z,,,,,,,,CALCULATED
2013-07-26T06:10:00Z,2013-07-26T12:03:40Z,,,,,,,,CALCULATED
2013-07-26T06:20:00Z,2013-07-26T12:13:40Z,,,,,,,,CALCULATED
2013-07-26T06:30:00Z,2013-07-26T12:23:40Z,,,,,,,,CALCULATED
2013-07-26T06:40:00Z,2013-07-26T12:33:40Z,,,,,,,,CALCULATED
2013-07-26T06:50:00Z,2013-07-26T12:43:40Z,,,,,,,,CALCULATED
2013-07-26T07:00:00Z,2013-07-26T12:53:40Z,,,,,,,,CALCULATED
2013-07-26T07:10:00Z,2013-07-26T13:03:40Z,,,,,,,,CALCULATED
2013-07-26T07:20:00Z,2013-07-26T13:13:40Z,,,,,,,,CALCULATED
2013-07-26T07:30:00Z,2013-07-26T13:23:40Z,,,,,,,,CALCULATED
2013-07-26T07:40:00Z,2013-07-26T13:33:40Z,,,,,,,,CALCULATED
2013-07-26T07:50:00Z,2013-07-26T13:43:40Z,,,,,,,,CALCULATED
2013-07-26T08:00:00Z,2013-07-26T13:53:40Z,,,,,,,,CALCULATED
2013-07-26T08:10:00Z,2013-07-26T14:03:40Z,,,,,,,,CALCULATED
2013-07-26T08:20:00Z,2013-07-26T14:13:40Z,,,,,,,,CALCULATED
2013-07-26T08:30:00Z,2013-07-26T14:23:40Z,,,,,,,,CALCULATED
2013-07-26T08:40:00Z,2013-07-26T14:33:40Z,,,,,,,,CALCULATED
2013-07-26T08:50:00Z,2013-07-26T14:43:40Z,,,,,,,,CALCULATED
2013-07-26T09:00:00Z,2013-07-26T14:53:40Z,,,,,,,,CALCULATED
2013-07-26T09:10:00Z,2013-07-26T15:03:40Z,,,,,,,,CALCULATED
2013-07-26T09:20:00Z,2013-07-26T15:13:40Z,,,,,,,,CALCULATED
2013-07-26T09:30:00Z,2013-07-26T15:23:40Z,,,,,,,,CALCULATED
2013-07-26T09:40:00Z,2013-07-26T15:33:40Z,,,,,,,,CALCULATED
2013-07-26T09:50:00Z,2013-07-26T15:43:40Z,,,,,,,,CALCULATED
2013-07-26T10:00:00Z,2013-07-26T15:53:40Z,,,,,,,,CALCULATED
2013-07-26T10:10:00Z,2013-07-26T16:03:40Z,,,,,,,,CALCULATED
2013-07-26T10:20:00Z,2013-07-26T16:13:40Z,,,,,,,,CALCULATED
2013-07-26T10:30:00Z,2013-07-26T16:23:40Z,,,,,,,,CALCULATED
2013-07-26T10:40:00Z,2013-07-26T16:33:40Z,,,,,,,,CALCULATED
2013-07-26T10:50:00Z,2013-07-26T16:43:40Z,,,,,,,,CALCULATED
2013-07-26T11:00:00Z,2013-07-26T16:53:40Z,,,,,,,,CALCULATED
2013-07-26T11:10:00Z,2013-07-26T17:03:40Z,,,,,,,,CALCULATED
2013-07-26T11:20:00Z,2013-07-26T17:13:40Z,,,,,,,,CALCULATED
2013-07-26T11:30:00Z,2013-07-26T17:23:40Z,,,,,,,,CALCULATED
2013-07-26T11:40:00Z,2013-07-26T17:33:40Z,,,,,,,,CALCULATED
2013-07-26T11:50:00Z,2013-07-26T17:43:40Z,,,,,,,,CALCULATED
2013-07-26T12:00:00Z,2013-07-26T17:53:40Z,,,,,,,,CALCULATED
2013-07-26T12:10:00Z,2013-07-26T18:03:40Z,,,,,,,,CALCULATED
2013-07-26T12:20:00Z,2013-07-26T18:13:40Z,,,,,,,,CALCULATED
2013-07-26T12:30:00Z,2013-07-26T18:23:40Z,,,,,,,,CALCULATED
2013-07-26T12:40:00Z,2013-07-26T18:33:40Z,,,,,,,,CALCULATED
2013-07-26T12:50:00Z,2013-07-26T18:43:40Z,,,,,,OUT_WARN,,CALCULATED
2013-07-26T13:00:00Z,2013-07-26T18:53:40Z,,,,,,OUT_WARN,,CALCULATED
2013-07-26T13:10:00Z,2013-07-26T19:03:40Z,,,,,,,,CALCULATED
2013-07-26T13:20:00Z,2013-07-26T19:13:40Z,,,,,,,,CALCULATED
2013-07-26T13:30:00Z,2013-07-26T19:23:40Z,,,,,,,,CALCULATED
2013-07-26T13:40:00Z,2013-07-26T19:33:40Z,,,,,,,,CALCULATED
2013-07-26T13:50:00Z,2013-07-26T19:43:40Z,,,,,,,,CALCULATED
2013-07-26T14:00:00Z,2013-07-26T19:53:40Z,,,,,,,,CALCULATED
2013-07-26T14:10:00Z,2013-07-26T20:03:40Z,,,,,,,,CALCULATED
2013-07-26T14:20:00Z,2013-07-26T20:13:40Z,,,,,,,,CALCULATED
2013-07-26T14:30:00Z,2013-07-26T20:23:40Z,,,,,,OUT_WARN,,CALCULATED
2013-07-26T14:40:00Z,2013-07-26T20:33:40Z,,,,,,,,CALCULATED
2013-07-26T14:50:00Z,2013-07-26T20:43:40Z,,,,,,,,CALCULATED
2013-07-26T15:00:00Z,2013-07-26T20:53:40Z,,,,,,,,CALCULATED
2013-07-26T15:10:00Z,2013-07-26T21:03:40Z,,,,,,,,CALCULATED
2013-07-26T15:20:00Z,2013-07-26T21:13:40Z,,,,,,,,CALCULATED
2013-07-26T15:30:00Z,2013-07-26T21:23:40Z,,,,,,,,CALCULATED
2013-07-26T15:40:00Z,2013-07-26T21:33:40Z,,,,,,,,CALCULATED
2013-07-26T15:50:00Z,2013-07-26T21:43:40Z,,,,,,,,CALCULATED
2013-07-26T16:00:00Z,2013-07-26T21:53:40Z,,,,,,,,CALCULATED
2013-07-26T16:10:00Z,2013-07-26T22:03:40Z,,,,,,,,CALCULATED
2013-07-26T16:20:00Z,2013-07-26T22:13:40Z,,,,,,,,CALCULATED
2013-07-26T16:30:00Z,2013-07-26T22:23:40Z,,,,,,,,CALCULATED
2013-07-26T16:40:00Z,2013-07-26T22:33:40Z,,,,,,,,CALCULATED
2013-07-26T16:50:00Z,2013-07-26T22:43:40Z,,,,,,,,CALCULATED
2013-07-26T17:00:00Z,2013-07-26T22:53:40Z,,,,,,,,CALCULATED
2013-07-26T17:10:00Z,2013-07-26T23:03:40Z,,,,,,,,CALCULATED
2013-07-26T17:20:00Z,2013-07-26T23:13:40Z,,,,,,,,CALCULATED
2013-07-26T17:30:00Z,2013-07-26T23:23:40Z,,,,,,,,CALCULATED
2013-07-26T17:40:00Z,2013-07-26T23:33:40Z,,,,,,,,CALCULATED
2013-07-26T17:50:00Z,2013-07-26T23:43:40Z,,,,,,,,CALCULATED
2013-07-26T18:00:00Z,2013-07-26T23:53:40Z,,,,,,,,CALCULATED
2013-07-26T18:10:00Z,2013-07-27T00:03:42Z,,,,,,,,CALCULATED
2013-07-26T18:20:00Z,2013-07-27T00:13:42Z,,,,,,,,CALCULATED
2013-07-26T18:30:00Z,2013-07-27T00:23:42Z,,,,,,,,CALCULATED
2013-07-26T18:40:00Z,2013-07-27T00:33:42Z,,,,,,,,CALCULATED
2013-07-26T18:50:00Z,2013-07-27T00:43:42Z,,,,,,,,CALCULATED
2013-07-26T19:00:00Z,2013-07-27T00:53:42Z,,,,,,,,CALCULATED
2013-07-26T19:10:00Z,2013-07-27T01:03:42Z,,,,,,,,CALCULATED
2013-07-26T19:20:00Z,2013-07-27T01:13:42Z,,,,,,,,CALCULATED
2013-07-26T19:30:00Z,2013-07-27T01:23:42Z,,,,,,,,CALCULATED
2013-07-26T19:40:00Z,2013-07-27T01:33:42Z,,,,,,,,CALCULATED
2013-07-26T19:50:00Z,2013-07-27T01:43:42Z,,,,,,,,CALCULATED
2013-07-26T20:00:00Z,2013-07-27T01:53:42Z,,,,,,,,CALCULATED
2013-07-26T20:10:00Z,2013-07-27T02:03:42Z,,,,,,,,CALCULATED
2013-07-26T20:20:00Z,2013-07-27T02:13:42Z,,,,,,,,CALCULATED
2013-07-26T20:30:00Z,2013-07-27T02:23:42Z,,,,,,,,CALCULATED
2013-07-26T20:40:00Z,2013-07-27T02:33:42Z,,,,,,,,CALCULATED
2013-07-26T20:50:00Z,2013-07-27T02:43:42Z,,,,,,,,CALCULATED
2013-07-26T21:00:00Z,2013-07-27T02:53:42Z,,,,,,,,CALCULATED
2013-07-26T21:10:00Z,2013-07-27T03:03:42Z,,,,,,,,CALCULATED
2013-07-26T21:20:00Z,2013-07-27T03:13:42Z,,,,,,,,CALCULATED
2013-07-26T21:30:00Z,2013-07-27T03:23:42Z,,,,,,,,CALCULATED
2013-07-26T21:40:00Z,2013-07-27T03:33:42Z,,,,,,,,CALCULATED
2013-07-26T21:50:00Z,2013-07-27T03:43:42Z,,,,,,OUT_WARN,,CALCULATED
2013-07-26T22:00:00Z,2013-07-27T03:53:42Z,,,,,,OUT_WARN,,CALCULATED
2013-07-26T22:10:00Z,2013-07-27T04:03:42Z,,,,,,OUT_WARN,,CALCULATED
2013-07-26T22:20:00Z,2013-07-27T04:13:42Z,,,,,,,,CALCULATED
2013-07-26T22:30:00Z,2013-07-27T04:23:42Z,,,,,,,,CALCULATED
2013-07-26T22:40:00Z,2013-07-27T04:33:42Z,,,,,,,,CALCULATED
2013-07-26T22:50:00Z,2013-07-27T04:43:42Z,,,,,,,,CALCULATED
2013-07-26T23:00:00Z,2013-07-27T04:53:42Z,,,,,,,,CALCULATED
2013-07-26T23:10:00Z,2013-07-27T05:03:42Z,,,,,,,,CALCULATED
2013-07-26T23:20:00Z,2013-07-27T05:13:42Z,,,,,,,,CALCULATED
2013-07-26T23:30:00Z,2013-07-27T05:23:42Z,,,,,,,,CALCULATED
2013-07-26T23:40:00Z,2013-07-27T05:33:42Z,,,,,,,,CALCULATED
2013-07-26T23:50:00Z,2013-07-27T05:43:42Z,,,,,,,,CALCULATED
2013-07-27T00:00:00Z,2013-07-27T05:53:42Z,,,,,,,,CALCULATED
2013-07-27T00:10:00Z,2013-07-27T06:03:42Z,,,,,,,,CALCULATED
2013-07-27T00:20:00Z,2013-07-27T06:13:42Z,,,,,,,,CALCULATED
2013-07-27T00:30:00Z,2013-07-27T06:23:42Z,,,,,,,,CALCULATED
2013-07-27T00:40:00Z,2013-07-27T06:33:42Z,,,,,,,,CALCULATED
2013-07-27T00:50:00Z,2013-07-27T06:43:42Z,,,,,,,,CALCULATED
2013-07-27T01:00:00Z,2013-07-27T06:53:42Z,,,,,,,,CALCULATED
2013-07-27T01:10:00Z,2013-07-27T07:03:42Z,,,,,,,,CALCULATED
2013-07-27T01:20:00Z,2013-07-27T07:13:42Z,,,,,,,,CALCULATED
2013-07-27T01:30:00Z,2013-07-27T07:23:42Z,,,,,,,,CALCULATED
2013-07-27T01:40:00Z,2013-07-27T07:33:42Z,,,,,,,,CALCULATED
2013-07-27T01:50:00Z,2013-07-27T07:43:42Z,,,,,,,,CALCULATED
2013-07-27T02:00:00Z,2013-07-27T07:53:42Z,,,,,,,,CALCULATED
2013-07-27T02:10:00Z,2013-07-27T08:03:42Z,,,,,,,,CALCULATED
2013-07-27T02:20:00Z,2013-07-27T08:13:42Z,,,,,,,,CALCULATED
2013-07-27T02:30:00Z,2013-07-27T08:23:42Z,,,,,,,,CALCULATED
2013-07-27T02:40:00Z,2013-07-27T08:33:42Z,,,,,,,,CALCULATED
2013-07-27T02:50:00Z,2013-07-27T08:43:42Z,,,,,,,,CALCULATED
2013-07-27T03:00:00Z,2013-07-27T08:53:42Z,,,,,,,,CALCULATED
2013-07-27T03:10:00Z,2013-07-27T09:03:42Z,,,,,,,,CALCULATED
2013-07-27T03:20:00Z,2013-07-27T09:13:42Z,,,,,,,,CALCULATED
2013-07-27T03:30:00Z,2013-07-27T09:23:42Z,,,,,,,,CALCULATED
2013-07-27T03:40:00Z,2013-07-27T09:33:42Z,,,,,,,,CALCULATED
2013-07-27T03:50:00Z,2013-07-27T09:43:42Z,,,,,,,,CALCULATED
2013-07-27T04:00:00Z,2013-07-27T09:53:42Z,,,,,,,,CALCULATED
2013-07-27T04:10:00Z,2013-07-27T10:03:42Z,,,,,,,,CALCULATED
2013-07-27T04:20:00Z,2013-07-27T10:13:42Z,,,,,,,,CALCULATED
2013-07-27T04:30:00Z,2013-07-27T10:23:42Z,,,,,,,,CALCULATED
2013-07-27T04:40:00Z,2013-07-27T10:33:42Z,,,,,,,,CALCULATED
2013-07-27T04:50:00Z,2013-07-27T10:43:42Z,,,,,,,,CALCULATED
2013-07-27T05:00:00Z,2013-07-27T10:53:42Z,,,,,,,,CALCULATED
2013-07-27T05:10:00Z,2013-07-27T11:03:42Z,,,,,,,,CALCULATED
2013-07-27T05:20:00Z,2013-07-27T11:13:42Z,,,,,,,,CALCULATED
2013-07-27T05:30:00Z,2013-07-27T11:23:42Z,,,,,,,,CALCULATED
2013-07-27T05:40:00Z,2013-07-27T11:33:42Z,,,,,,,,CALCULATED
2013-07-27T05:50:00Z,2013-07-27T11:43:42Z,,,,,,,,CALCULATED
2013-07-27T06:00:00Z,2013-07-27T11:53:42Z,,,,,,,,CALCULATED
2013-07-27T06:10:00Z,2013-07-27T12:03:42Z,,,,,,,,CALCULATED
2013-07-27T06:20:00Z,2013-07-27T12:13:42Z,,,,,,,,CALCULATED
2013-07-27T06:30:00Z,2013-07-27T12:23:42Z,,,,,,,,CALCULATED
2013-07-27T06:40:00Z,2013-07-27T12:33:42Z,,,,,,,,CALCULATED
2013-07-27T06:50:00Z,2013-07-27T12:43:42Z,,,,,,,,CALCULATED
2013-07-27T07:00:00Z,2013-07-27T12:53:42Z,,,,,,,,CALCULATED
2013-07-27T07:10:00Z,2013-07-27T13:03:42Z,,,,,,,,CALCULATED
2013-07-27T07:20:00Z,2013-07-27T13:13:42Z,,,,,,,,CALCULATED
2013-07-27T07:30:00Z,2013-07-27T13:23:42Z,,,,,,,,CALCULATED
2013-07-27T07:40:00Z,2013-07-27T13:33:42Z,,,,,,,,CALCULATED
2013-07-27T07:50:00Z,2013-07-27T13:43:42Z,,,,,,,,CALCULATED
2013-07-27T08:00:00Z,2013-07-27T13:53:42Z,,,,,,,,CALCULATED
2013-07-27T08:10:00Z,2013-07-27T14:03:42Z,,,,,,,,CALCULATED
2013-07-27T08:20:00Z,2013-07-27T14:13:42Z,,,,,,,,CALCULATED
2013-07-27T08:30:00Z,2013-07-27T14:23:42Z,,,,,,,,CALCULATED
2013-07-27T08:40:00Z,2013-07-27T14:33:42Z,,,,,,,,CALCULATED
2013-07-27T08:50:00Z,2013-07-27T14:43:42Z,,,,,,,,CALCULATED
2013-07-27T09:00:00Z,2013-07-27T14:53:42Z,,,,,,,,CALCULATED
2013-07-27T09:10:00Z,2013-07-27T15:03:42Z,,,,,,,,CALCULATED
2013-07-27T09:20:00Z,2013-07-27T15:13:42Z,,,,,,,,CALCULATED
2013-07-27T09:30:00Z,2013-07-27T15:23:42Z,,,,,,,,CALCULATED
2013-07-27T09:40:00Z,2013-07-27T15:33:42Z,,,,,,,,CALCULATED
2013-07-27T09:50:00Z,2013-07-27T15:43:42Z,,,,,,,,CALCULATED
2013-07-27T10:00:00Z,2013-07-27T15:53:42Z,,,,,,,,CALCULATED
2013-07-27T10:10:00Z,2013-07-27T16:03:42Z,,,,,,,,CALCULATED
2013-07-27T10:20:00Z,2013-07-27T16:13:42Z,,,,,,,,CALCULATED
2013-07-27T10:30:00Z,2013-07-27T16:23:42Z,,,,,,,,CALCULATED
2013-07-27T10:40:00Z,2013-07-27T16:33:42Z,,,,,,,,CALCULATED
2013-07-27T10:50:00Z,2013-07-27T16:43:42Z,,,,,,,,CALCULATED
2013-07-27T11:00:00Z,2013-07-27T16:53:42Z,,,,,,,,CALCULATED
2013-07-27T11:10:00Z,2013-07-27T17:03:42Z,,,,,,,,CALCULATED
2013-07-27T11:20:00Z,2013-07-27T17:13:42Z,,,,,,,,CALCULATED
2013-07-27T11:30:00Z,2013-07-27T17:23:42Z,,,,,,,,CALCULATED
2013-07-27T11:40:00Z,2013-07-27T17:33:42Z,,,,,,,,CALCULATED
2013-07-27T11:50:00Z,2013-07-27T17:43:42Z,,,,,,,,CALCULATED
2013-07-27T12:00:00Z,2013-07-27T17:53:42Z,,,,,,,,CALCULATED
2013-07-27T12:10:00Z,2013-07-27T18:03:42Z,,,,,,OUT_WARN,,CALCULATED
2013-07-27T12:20:00Z,2013-07-27T18:13:42Z,,,,,,,,CALCULATED
2013-07-27T12:30:00Z,2013-07-27T18:23:42Z,,,,,,,,CALCULATED
2013-07-27T12:40:00Z,2013-07-27T18:33:42Z,,,,,,,,CALCULATED
2013-07-27T12:50:00Z,2013-07-27T18:43:42Z,,,,,,,,CALCULATED
2013-07-27T13:00:00Z,2013-07-27T18:53:42Z,,,,,,,,CALCULATED
2013-07-27T13:10:00Z,2013-07-27T19:03:42Z,,,,,,,,CALCULATED
2013-07-27T13:20:00Z,2013-07-27T19:13:42Z,,,,,,,,CALCULATED
2013-07-27T13:30:00Z,2013-07-27T19:23:42Z,,,,,,,,CALCULATED
2013-07-27T13:40:00Z,2013-07-27T19:33:42Z,,,,,,,,CALCULATED
2013-07-27T13:50:00Z,2013-07-27T19:43:42Z,,,,,,,,CALCULATED
2013-07-27T14:00:00Z,2013-07-27T19:53:42Z,,,,,,,,CALCULATED
2013-07-27T14:10:00Z,2013-07-27T20:03:42Z,,,,,,,,CALCULATED
2013-07-27T14:20:00Z,2013-07-27T20:13:42Z,,,,,,,,CALCULATED
2013-07-27T14:30:00Z,2013-07-27T20:23:42Z,,,,,,,,CALCULATED
2013-07-27T14:40:00Z,2013-07-27T20:33:42Z,,,,,,,,CALCULATED
2013-07-27T14:50:00Z,2013-07-27T20:43:42Z,,,,,,,,CALCULATED
2013-07-27T15:00:00Z,2013-07-27T20:53:42Z,,,,,,,,CALCULATED
2013-07-27T15:10:00Z,2013-07-27T21:03:42Z,,,,,,,,CALCULATED
2013-07-27T15:20:00Z,2013-07-27T21:13:42Z,,,,,,,,CALCULATED
2013-07-27T15:30:00Z,2013-07-27T21:23:42Z,,,,,,,,CALCULATED
2013-07-27T15:40:00Z,2013-07-27T21:33:42Z,,,,,,,,CALCULATED
2013-07-27T15:50:00Z,2013-07-27T21:43:42Z,,,,,,,,CALCULATED
2013-07-27T16:00:00Z,2013-07-27T21:53:42Z,,,,,,,,CALCULATED
2013-07-27T16:10:00Z,2013-07-27T22:03:42Z,,,,,,,,CALCULATED
2013-07-27T16:20:00Z,2013-07-27T22:13:42Z,,,,,,,,CALCULATED
2013-07-27T16:30:00Z,2013-07-27T22:23:42Z,,,,,,,,CALCULATED
2013-07-27T16:40:00Z,2013-07-27T22:33:42Z,,,,,,,,CALCULATED
2013-07-27T16:50:00Z,2013-07-27T22:43:42Z,,,,,,,,CALCULATED
2013-07-27T17:00:00Z,2013-07-27T22:53:42Z,,,,,,,,CALCULATED
2013-07-27T17:10:00Z,2013-07-27T23:03:42Z,,,,,,,,CALCULATED
2013-07-27T17:20:00Z,2013-07-27T23:13:42Z,,,,,,,,CALCULATED
2013-07-27T17:30:00Z,2013-07-27T23:23:42Z,,,,,,,,CALCULATED
2013-07-27T17:40:00Z,2013-07-27T23:33:42Z,,,,,,,,CALCULATED
2013-07-27T17:50:00Z,2013-07-27T23:43:42Z,,,,,,,,CALCULATED
2013-07-27T18:00:00Z,2013-07-27T23:53:42Z,,,,,,,,CALCULATED
2013-07-27T18:10:00Z,2013-07-28T00:03:44Z,,,,,,,,CALCULATED
2013-07-27T18:20:00Z,2013-07-28T00:13:44Z,,,,,,,,CALCULATED
2013-07-27T18:30:00Z,2013-07-28T00:23:44Z,,,,,,,,CALCULATED
2013-07-27T18:40:00Z,2013-07-28T00:33:44Z,,,,,,,,CALCULATED
2013-07-27T18:50:00Z,2013-07-28T00:43:44Z,,,,,,,,CALCULATED
2013-07-27T19:00:00Z,2013-07-28T00:53:44Z,,,,,,,,CALCULATED
2013-07-27T19:10:00Z,2013-07-28T01:03:44Z,,,,,,,,CALCULATED
2013-07-27T19:20:00Z,2013-07-28T01:13:44Z,,,,,,,,CALCULATED
2013-07-27T19:30:00Z,2013-07-28T01:23:44Z,,,,,,,,CALCULATED
2013-07-27T19:40:00Z,2013-07-28T01:33:44Z,,,,,,,,CALCULATED
2013-07-27T19:50:00Z,2013-07-28T01:43:44Z,,,,,,,,CALCULATED
2013-07-27T20:00:00Z,2013-07-28T01:53:44Z,,,,,,,,CALCULATED
2013-07-27T20:10:00Z,2013-07-28T02:03:44Z,,,,,,,,CALCULATED
2013-07-27T20:20:00Z,2013-07-28T02:13:44Z,,,,,,,,CALCULATED
2013-07-27T20:30:00Z,2013-07-28T02:23:44Z,,,,,,,,CALCULATED
2013-07-27T20:40:00Z,2013-07-28T02:33:44Z,,,,,,OUT_WARN,,CALCULATED
2013-07-27T20:50:00Z,2013-07-28T02:43:44Z,,,,,,,,CALCULATED
2013-07-27T21:00:00Z,2013-07-28T02:53:44Z,,,,,,,,CALCULATED
2013-07-27T21:10:00Z,2013-07-28T03:03:44Z,,,,,,,,CALCULATED
2013-07-27T21:20:00Z,2013-07-28T03:13:44Z,,,,,,,,CALCULATED
2013-07-27T21:30:00Z,2013-07-28T03:23:44Z,,,,,,,,CALCULATED
2013-07-27T21:40:00Z,2013-07-28T03:33:44Z,,,,,,,,CALCULATED
2013-07-27T21:50:00Z,2013-07-28T03:43:44Z,,,,,,OUT_WARN,,CALCULATED
2013-07-27T22:00:00Z,2013-07-28T03:53:44Z,,,,,,,,CALCULATED
2013-07-27T22:10:00Z,2013-07-28T04:03:44Z,,,,,,,,CALCULATED
2013-07-27T22:20:00Z,2013-07-28T04:13:44Z,,,,,,,,CALCULATED
2013-07-27T22:30:00Z,2013-07-28T04:23:44Z,,,,,,,,CALCULATED
2013-07-27T22:40:00Z,2013-07-28T04:33:44Z,,,,,,,,CALCULATED
2013-07-27T22:50:00Z,2013-07-28T04:43:44Z,,,,,,,,CALCULATED
2013-07-27T23:00:00Z,2013-07-28T04:53:44Z,,,,,,,,CALCULATED
2013-07-27T23:10:00Z,2013-07-28T05:03:44Z,,,,,,,,CALCULATED
2013-07-27T23:20:00Z,2013-07-28T05:13:44Z,,,,,,,,CALCULATED
2013-07-27T23:30:00Z,2013-07-28T05:23:44Z,,,,,,,,CALCULATED
2013-07-27T23:40:00Z,2013-07-28T05:33:44Z,,,,,,,,CALCULATED
2013-07-27T23:50:00Z,2013-07-28T05:43:44Z,,,,,,,,CALCULATED
2013-07-28T00:00:00Z,2013-07-28T05:53:44Z,,,,,,,,CALCULATED
2013-07-28T00:10:00Z,2013-07-28T06:03:44Z,,,,,,,,CALCULATED
2013-07-28T00:20:00Z,2013-07-28T06:13:44Z,,,,,,,,CALCULATED
2013-07-28T00:30:00Z,2013-07-28T06:23:44Z,,,,,,,,CALCULATED
2013-07-28T00:40:00Z,2013-07-28T06:33:44Z,,,,,,,,CALCULATED
2013-07-28T00:50:00Z,2013-07-28T06:43:44Z,,,,,,,,CALCULATED
2013-07-28T01:00:00Z,2013-07-28T06:53:44Z,,,,,,,,CALCULATED
2013-07-28T01:10:00Z,2013-07-28T07:03:44Z,,,,,,,,CALCULATED
2013-07-28T01:20:00Z,2013-07-28T07:13:44Z,,,,,,,,CALCULATED
2013-07-28T01:30:00Z,2013-07-28T07:23:44Z,,,,,,,,CALCULATED
2013-07-28T01:40:00Z,2013-07-28T07:33:44Z,,,,,,,,CALCULATED
2013-07-28T01:50:00Z,2013-07-28T07:43:44Z,,,,,,,,CALCULATED
2013-07-28T02:00:00Z,2013-07-28T07:53:44Z,,,,,,,,CALCULATED
2013-07-28T02:10:00Z,2013-07-28T08:03:44Z,,,,,,,,CALCULATED
2013-07-28T02:20:00Z,2013-07-28T08:13:44Z,,,,,,,,CALCULATED
2013-07-28T02:30:00Z,2013-07-28T08:23:44Z,,,,,,,,CALCULATED
2013-07-28T02:40:00Z,2013-07-28T08:33:44Z,,,,,,,,CALCULATED
2013-07-28T02:50:00Z,2013-07-28T08:43:44Z,,,,,,,,CALCULATED
2013-07-28T03:00:00Z,2013-07-28T08:53:44Z,,,,,,,,CALCULATED
2013-07-28T03:10:00Z,2013-07-28T09:03:44Z,,,,,,,,CALCULATED
2013-07-28T03:20:00Z,2013-07-28T09:13:44Z,,,,,,,,CALCULATED
2013-07-28T03:30:00Z,2013-07-28T09:23:44Z,,,,,,,,CALCULATED
2013-07-28T03:40:00Z,2013-07-28T09:33:44Z,,,,,,,,CALCULATED
2013-07-28T03:50:00Z,2013-07-28T09:43:44Z,,,,,,,,CALCULATED
2013-07-28T04:00:00Z,2013-07-28T09:53:44Z,,,,,,,,CALCULATED
2013-07-28T04:10:00Z,2013-07-28T10:03:44Z,,,,,,,,CALCULATED
2013-07-28T04:20:00Z,2013-07-28T10:13:44Z,,,,,,,,CALCULATED
2013-07-28T04:30:00Z,2013-07-28T10:23:44Z,,,,,,,,CALCULATED
2013-07-28T04:40:00Z,2013-07-28T10:33:44Z,,,,,,,,CALCULATED
2013-07-28T04:50:00Z,2013-07-28T10:43:44Z,,,,,,,,CALCULATED
2013-07-28T05:00:00Z,2013-07-28T10:53:44Z,,,,,,,,CALCULATED
2013-07-28T05:10:00Z,2013-07-28T11:03:44Z,,,,,,,,CALCULATED
2013-07-28T05:20:00Z,2013-07-28T11:13:44Z,,,,,,,,CALCULATED
2013-07-28T05:30:00Z,2013-07-28T11:23:44Z,,,,,,,,CALCULATED
2013-07-28T05:40:00Z,2013-07-28T11:33:44Z,,,,,,,,CALCULATED
2013-07-28T05:50:00Z,2013-07-28T11:43:44Z,,,,,,,,CALCULATED
2013-07-28T06:00:00Z,2013-07-28T11:53:44Z,,,,,,,,CALCULATED
2013-07-28T06:10:00Z,2013-07-28T12:03:44Z,,,,,,,,CALCULATED
2013-07-28T06:20:00Z,2013-07-28T12:13:44Z,,,,,,,,CALCULATED
2013-07-28T06:30:00Z,2013-07-28T12:23:44Z,,,,,,,,CALCULATED
2013-07-28T06:40:00Z,2013-07-28T12:33:44Z,,,,,,,,CALCULATED
2013-07-28T06:50:00Z,2013-07-28T12:43:44Z,,,,,,,,CALCULATED
2013-07-28T07:00:00Z,2013-07-28T12:53:44Z,,,,,,,,CALCULATED
2013-07-28T07:10:00Z,2013-07-28T13:03:44Z,,,,,,,,CALCULATED
2013-07-28T07:20:00Z,2013-07-28T13:13:44Z,,,,,,,,CALCULATED
2013-07-28T07:30:00Z,2013-07-28T13:23:44Z,,,,,,,,CALCULATED
2013-07-28T07:40:00Z,2013-07-28T13:33:44Z,,,,,,,,CALCULATED
2013-07-28T07:50:00Z,2013-07-28T13:43:44Z,,,,,,,,CALCULATED
2013-07-28T08:00:00Z,2013-07-28T13:53:44Z,,,,,,,,CALCULATED
2013-07-28T08:10:00Z,2013-07-28T14:03:44Z,,,,,,,,CALCULATED
2013-07-28T08:20:00Z,2013-07-28T14:13:44Z,,,,,,,,CALCULATED
2013-07-28T08:30:00Z,2013-07-28T14:23:44Z,,,,,,,,CALCULATED
2013-07-28T08:40:00Z,2013-07-28T14:33:44Z,,,,,,,,CALCULATED
2013-07-28T08:50:00Z,2013-07-28T14:43:44Z,,,,,,,,CALCULATED
2013-07-28T09:00:00Z,2013-07-28T14:53:44Z,,,,,,,,CALCULATED
2013-07-28T09:10:00Z,2013-07-28T15:03:44Z,,,,,,,,CALCULATED
2013-07-28T09:20:00Z,2013-07-28T15:13:44Z,,,,,,,,CALCULATED
2013-07-28T09:30:00Z,2013-07-28T15:23:44Z,,,,,,,,CALCULATED
2013-07-28T09:40:00Z,2013-07-28T15:33:44Z,,,,,,,,CALCULATED
2013-07-28T09:50:00Z,2013-07-28T15:43:44Z,,,,,,,,CALCULATED
2013-07-28T10:00:00Z,2013-07-28T15:53:44Z,,,,,,,,CALCULATED
2013-07-28T10:10:00Z,2013-07-28T16:03:44Z,,,,,,,,CALCULATED
2013-07-28T10:20:00Z,2013-07-28T16:13:44Z,,,,,,,,CALCULATED
2013-07-28T10:30:00Z,2013-07-28T16:23:44Z,,,,,,,,CALCULATED
2013-07-28T10:40:00Z,2013-07-28T16:33:44Z,,,,,,,,CALCULATED
2013-07-28T10:50:00Z,2013-07-28T16:43:44Z,,,,,,,,CALCULATED
2013-07-28T11:00:00Z,2013-07-28T16:53:44Z,,,,,,,,CALCULATED
2013-07-28T11:10:00Z,2013-07-28T17:03:44Z,,,,,,,,CALCULATED
2013-07-28T11:20:00Z,2013-07-28T17:13:44Z,,,,,,,,CALCULATED
2013-07-28T11:30:00Z,2013-07-28T17:23:44Z,,,,,,,,CALCULATED
2013-07-28T11:40:00Z,2013-07-28T17:33:44Z,,,,,,,,CALCULATED
2013-07-28T11:50:00Z,2013-07-28T17:43:44Z,,,,,,,,CALCULATED
2013-07-28T12:00:00Z,2013-07-28T17:53:44Z,,,,,,,,CALCULATED
2013-07-28T12:10:00Z,2013-07-28T18:03:44Z,,,,,,,,CALCULATED
2013-07-28T12:20:00Z,2013-07-28T18:13:44Z,,,,,,,,CALCULATED
2013-07-28T12:30:00Z,2013-07-28T18:23:44Z,,,,,,,,CALCULATED
2013-07-28T12:40:00Z,2013-07-28T18:33:44Z,,,,,,,,CALCULATED
2013-07-28T12:50:00Z,2013-07-28T18:43:44Z,,,,,,,,CALCULATED
2013-07-28T13:00:00Z,2013-07-28T18:53:44Z,,,,,,,,CALCULATED
2013-07-28T13:10:00Z,2013-07-28T19:03:44Z,,,,,,,,CALCULATED
2013-07-28T13:20:00Z,2013-07-28T19:13:44Z,,,,,,,,CALCULATED
2013-07-28T13:30:00Z,2013-07-28T19:23:44Z,,,,,,,,CALCULATED
2013-07-28T13:40:00Z,2013-07-28T19:33:44Z,,,,,,,,CALCULATED
2013-07-28T13:50:00Z,2013-07-28T19:43:44Z,,,,,,,,CALCULATED
2013-07-28T14:00:00Z,2013-07-28T19:53:44Z,,,,,,,,CALCULATED
2013-07-28T14:10:00Z,2013-07-28T20:03:44Z,,,,,,,,CALCULATED
2013-07-28T14:20:00Z,2013-07-28T20:13:44Z,,,,,,,,CALCULATED
2013-07-28T14:30:00Z,2013-07-28T20:23:44Z,,,,,,,,CALCULATED
2013-07-28T14:40:00Z,2013-07-28T20:33:44Z,,,,,,,,CALCULATED
2013-07-28T14:50:00Z,2013-07-28T20:43:44Z,,,,,,,,CALCULATED
2013-07-28T15:00:00Z,2013-07-28T20:53:44Z,,,,,,,,CALCULATED
2013-07-28T15:10:00Z,2013-07-28T21:03:44Z,,,,,,,,CALCULATED
2013-07-28T15:20:00Z,2013-07-28T21:13:44Z,,,,,,,,CALCULATED
2013-07-28T15:30:00Z,2013-07-28T21:23:44Z,,,,,,,,CALCULATED
2013-07-28T15:40:00Z,2013-07-28T21:33:44Z,,,,,,,,CALCULATED
2013-07-28T15:50:00Z,2013-07-28T21:43:44Z,,,,,,,,CALCULATED
2013-07-28T16:00:00Z,2013-07-28T21:53:44Z,,,,,,,,CALCULATED
2013-07-28T16:10:00Z,2013-07-28T22:03:44Z,,,,,,,,CALCULATED
2013-07-28T16:20:00Z,2013-07-28T22:13:44Z,,,,,,,,CALCULATED
2013-07-28T16:30:00Z,2013-07-28T22:23:44Z,,,,,,,,CALCULATED
2013-07-28T16:40:00Z,2013-07-28T22:33:44Z,,,,,,OUT_WARN,,CALCULATED
2013-07-28T16:50:00Z,2013-07-28T22:43:44Z,,,,,,,,CALCULATED
2013-07-28T17:00:00Z,2013-07-28T22:53:44Z,,,,,,,,CALCULATED
2013-07-28T17:10:00Z,2013-07-28T23:03:44Z,,,,,,,,CALCULATED
2013-07-28T17:20:00Z,2013-07-28T23:13:44Z,,,,,,,,CALCULATED
2013-07-28T17:30:00Z,2013-07-28T23:23:44Z,,,,,,,,CALCULATED
2013-07-28T17:40:00Z,2013-07-28T23:33:44Z,,,,,,,,CALCULATED
2013-07-28T17:50:00Z,2013-07-28T23:43:44Z,,,,,,OUT_WARN,,CALCULATED
2013-07-28T18:00:00Z,2013-07-28T23:53:44Z,,,,,,OUT_WARN,,CALCULATED
2013-07-28T18:10:00Z,2013-07-29T00:03:47Z,,,,,,,,CALCULATED
2013-07-28T18:20:00Z,2013-07-29T00:13:47Z,,,,,,,,CALCULATED
2013-07-28T18:30:00Z,2013-07-29T00:23:47Z,,,,,,OUT_WARN,,CALCULATED
2013-07-28T18:40:00Z,2013-07-29T00:33:47Z,,,,,,,,CALCULATED
2013-07-28T18:50:00Z,2013-07-29T00:43:47Z,,,,,,,,CALCULATED
2013-07-28T19:00:00Z,2013-07-29T00:53:47Z,,,,,,,,CALCULATED
2013-07-28T19:10:00Z,2013-07-29T01:03:47Z,,,,,,OUT_WARN,,CALCULATED
2013-07-28T19:20:00Z,2013-07-29T01:13:47Z,,,,,,,,CALCULATED
2013-07-28T19:30:00Z,2013-07-29T01:23:47Z,,,,,,,,CALCULATED
2013-07-28T19:40:00Z,2013-07-29T01:33:47Z,,,,,,,,CALCULATED
2013-07-28T19:50:00Z,2013-07-29T01:43:47Z,,,,,,,,CALCULATED
2013-07-28T20:00:00Z,2013-07-29T01:53:47Z,,,,,,,,CALCULATED
2013-07-28T20:10:00Z,2013-07-29T02:03:47Z,,,,,,,,CALCULATED
2013-07-28T20:20:00Z,2013-07-29T02:13:47Z,,,,,,,,CALCULATED
2013-07-28T20:30:00Z,2013-07-29T02:23:47Z,,,,,,,,CALCULATED
2013-07-28T20:40:00Z,2013-07-29T02:33:47Z,,,,,,,,CALCULATED
2013-07-28T20:50:00Z,2013-07-29T02:43:47Z,,,,,,,,CALCULATED
2013-07-28T21:00:00Z,2013-07-29T02:53:47Z,,,,,,,,CALCULATED
2013-07-28T21:10:00Z,2013-07-29T03:03:47Z,,,,,,,,CALCULATED
2013-07-28T21:20:00Z,2013-07-29T03:13:47Z,,,,,,OUT_WARN,,CALCULATED
2013-07-28T21:30:00Z,2013-07-29T03:23:47Z,,,,,,OUT_WARN,,CALCULATED
2013-07-28T21:40:00Z,2013-07-29T03:33:47Z,,,,,,,,CALCULATED
2013-07-28T21:50:00Z,2013-07-29T03:43:47Z,,,,,,,,CALCULATED
2013-07-28T22:00:00Z,2013-07-29T03:53:47Z,,,,,,,,CALCULATED
2013-07-28T22:10:00Z,2013-07-29T04:03:47Z,,,,,,,,CALCULATED
2013-07-28T22:20:00Z,2013-07-29T04:13:47Z,,,,,,,,CALCULATED
2013-07-28T22:30:00Z,2013-07-29T04:23:47Z,,,,,,,,CALCULATED
2013-07-28T22:40:00Z,2013-07-29T04:33:47Z,,,,,,,,CALCULATED
2013-07-28T22:50:00Z,2013-07-29T04:43:47Z,,,,,,,,CALCULATED
2013-07-28T23:00:00Z,2013-07-29T04:53:47Z,,,,,,,,CALCULATED
2013-07-28T23:10:00Z,2013-07-29T05:03:47Z,,,,,,,,CALCULATED
2013-07-28T23:20:00Z,2013-07-29T05:13:47Z,,,,,,,,CALCULATED
2013-07-28T23:30:00Z,2013-07-29T05:23:47Z,,,,,,,,CALCULATED
2013-07-28T23:40:00Z,2013-07-29T05:33:47Z,,,,,,,,CALCULATED
2013-07-28T23:50:00Z,2013-07-29T05:43:47Z,,,,,,,,CALCULATED
2013-07-29T00:00:00Z,2013-07-29T05:53:47Z,,,,,,,,CALCULATED
2013-07-29T00:10:00Z,2013-07-29T06:03:47Z,,,,,,,,CALCULATED
2013-07-29T00:20:00Z,2013-07-29T06:13:47Z,,,,,,,,CALCULATED
2013-07-29T00:30:00Z,2013-07-29T06:23:47Z,,,,,,,,CALCULATED
2013-07-29T00:40:00Z,2013-07-29T06:33:47Z,,,,,,,,CALCULATED
2013-07-29T00:50:00Z,2013-07-29T06:43:47Z,,,,,,,,CALCULATED
2013-07-29T01:00:00Z,2013-07-29T06:53:47Z,,,,,,,,CALCULATED
2013-07-29T01:10:00Z,2013-07-29T07:03:47Z,,,,,,,,CALCULATED
2013-07-29T01:20:00Z,2013-07-29T07:13:47Z,,,,,,,,CALCULATED
2013-07-29T01:30:00Z,2013-07-29T07:23:47Z,,,,,,,,CALCULATED
2013-07-29T01:40:00Z,2013-07-29T07:33:47Z,,,,,,,,CALCULATED
2013-07-29T01:50:00Z,2013-07-29T07:43:47Z,,,,,,,,CALCULATED
2013-07-29T02:00:00Z,2013-07-29T07:53:47Z,,,,,,,,CALCULATED
2013-07-29T02:10:00Z,2013-07-29T08:03:47Z,,,,,,,,CALCULATED
2013-07-29T02:20:00Z,2013-07-29T08:13:47Z,,,,,,,,CALCULATED
2013-07-29T02:30:00Z,2013-07-29T08:23:47Z,,,,,,,,CALCULATED
2013-07-29T02:40:00Z,2013-07-29T08:33:47Z,,,,,,,,CALCULATED
2013-07-29T02:50:00Z,2013-07-29T08:43:47Z,,,,,,,,CALCULATED
2013-07-29T03:00:00Z,2013-07-29T08:53:47Z,,,,,,,,CALCULATED
2013-07-29T03:10:00Z,2013-07-29T09:03:47Z,,,,,,,,CALCULATED
2013-07-29T03:20:00Z,2013-07-29T09:13:47Z,,,,,,,,CALCULATED
2013-07-29T03:30:00Z,2013-07-29T09:23:47Z,,,,,,,,CALCULATED
2013-07-29T03:40:00Z,2013-07-29T09:33:47Z,,,,,,,,CALCULATED
2013-07-29T03:50:00Z,2013-07-29T09:43:47Z,,,,,,,,CALCULATED
2013-07-29T04:00:00Z,2013-07-29T09:53:47Z,,,,,,,,CALCULATED
2013-07-29T04:10:00Z,2013-07-29T10:03:47Z,,,,,,,,CALCULATED
2013-07-29T04:20:00Z,2013-07-29T10:13:47Z,,,,,,,,CALCULATED
2013-07-29T04:30:00Z,2013-07-29T10:23:47Z,,,,,,,,CALCULATED
2013-07-29T04:40:00Z,2013-07-29T10:33:47Z,,,,,,,,CALCULATED
2013-07-29T04:50:00Z,2013-07-29T10:43:47Z,,,,,,,,CALCULATED
2013-07-29T05:00:00Z,2013-07-29T10:53:47Z,,,,,,,,CALCULATED
2013-07-29T05:10:00Z,2013-07-29T11:03:47Z,,,,,,,,CALCULATED
2013-07-29T05:20:00Z,2013-07-29T11:13:47Z,,,,,,,,CALCULATED
2013-07-29T05:30:00Z,2013-07-29T11:23:47Z,,,,,,,,CALCULATED
2013-07-29T05:40:00Z,2013-07-29T11:33:47Z,,,,,,,,CALCULATED
2013-07-29T05:50:00Z,2013-07-29T11:43:47Z,,,,,,,,CALCULATED
2013-07-29T06:00:00Z,2013-07-29T11:53:47Z,,,,,,,,CALCULATED
2013-07-29T06:10:00Z,2013-07-29T12:03:47Z,,,,,,,,CALCULATED
2013-07-29T06:20:00Z,2013-07-29T12:13:47Z,,,,,,,,CALCULATED
2013-07-29T06:30:00Z,2013-07-29T12:23:47Z,,,,,,,,CALCULATED
2013-07-29T06:40:00Z,2013-07-29T12:33:47Z,,,,,,,,CALCULATED
2013-07-29T06:50:00Z,2013-07-29T12:43:47Z,,,,,,,,CALCULATED
2013-07-29T07:00:00Z,2013-07-29T12:53:47Z,,,,,,,,CALCULATED
2013-07-29T07:10:00Z,2013-07-29T13:03:47Z,,,,,,,,CALCULATED
2013-07-29T07:20:00Z,2013-07-29T13:13:47Z,,,,,,,,CALCULATED
2013-07-29T07:30:00Z,2013-07-29T13:23:47Z,,,,,,,,CALCULATED
2013-07-29T07:40:00Z,2013-07-29T13:33:47Z,,,,,,,,CALCULATED
2013-07-29T07:50:00Z,2013-07-29T13:43:47Z,,,,,,,,CALCULATED
2013-07-29T08:00:00Z,2013-07-29T13:53:47Z,,,,,,,,CALCULATED
2013-07-29T08:10:00Z,2013-07-29T14:03:47Z,,,,,,,,CALCULATED
2013-07-29T08:20:00Z,2013-07-29T14:13:47Z,,,,,,,,CALCULATED
2013-07-29T08:30:00Z,2013-07-29T14:23:47Z,,,,,,,,CALCULATED
2013-07-29T08:40:00Z,2013-07-29T14:33:47Z,,,,,,,,CALCULATED
2013-07-29T08:50:00Z,2013-07-29T14:43:47Z,,,,,,,,CALCULATED
2013-07-29T09:00:00Z,2013-07-29T14:53:47Z,,,,,,,,CALCULATED
2013-07-29T09:10:00Z,2013-07-29T15:03:47Z,,,,,,,,CALCULATED
2013-07-29T09:20:00Z,2013-07-29T15:13:47Z,,,,,,,,CALCULATED
2013-07-29T09:30:00Z,2013-07-29T15:23:47Z,,,,,,,,CALCULATED
2013-07-29T09:40:00Z,2013-07-29T15:33:47Z,,,,,,,,CALCULATED
2013-07-29T09:50:00Z,2013-07-29T15:43:47Z,,,,,,,,CALCULATED
2013-07-29T10:00:00Z,2013-07-29T15:53:47Z,,,,,,,,CALCULATED
2013-07-29T10:10:00Z,2013-07-29T16:03:47Z,,,,,,,,CALCULATED
2013-07-29T10:20:00Z,2013-07-29T16:13:47Z,,,,,,,,CALCULATED
2013-07-29T10:30:00Z,2013-07-29T16:23:47Z,,,,,,,,CALCULATED
2013-07-29T10:40:00Z,2013-07-29T16:33:47Z,,,,,,,,CALCULATED
2013-07-29T10:50:00Z,2013-07-29T16:43:47Z,,,,,,,,CALCULATED
2013-07-29T11:00:00Z,2013-07-29T16:53:47Z,,,,,,,,CALCULATED
2013-07-29T11:10:00Z,2013-07-29T17:03:47Z,,,,,,,,CALCULATED
2013-07-29T11:20:00Z,2013-07-29T17:13:47Z,,,,,,,,CALCULATED
2013-07-29T11:30:00Z,2013-07-29T17:23:47Z,,,,,,,,CALCULATED
2013-07-29T11:40:00Z,2013-07-29T17:33:47Z,,,,,,,,CALCULATED
2013-07-29T11:50:00Z,2013-07-29T17:43:47Z,,,,,,,,CALCULATED
2013-07-29T12:00:00Z,2013-07-29T17:53:47Z,,,,,,,,CALCULATED
2013-07-29T12:10:00Z,2013-07-29T18:03:47Z,,,,,,,,CALCULATED
2013-07-29T12:20:00Z,2013-07-29T18:13:47Z,,,,,,,,CALCULATED
2013-07-29T12:30:00Z,2013-07-29T18:23:47Z,,,,,,,,CALCULATED
2013-07-29T12:40:00Z,2013-07-29T18:33:47Z,,,,,,,,CALCULATED
2013-07-29T12:50:00Z,2013-07-29T18:43:47Z,,,,,,,,CALCULATED
2013-07-29T13:00:00Z,2013-07-29T18:53:47Z,,,,,,,,CALCULATED
2013-07-29T13:10:00Z,2013-07-29T19:03:47Z,,,,,,,,CALCULATED
2013-07-29T13:20:00Z,2013-07-29T19:13:47Z,,,,,,,,CALCULATED
2013-07-29T13:30:00Z,2013-07-29T19:23:47Z,,,,,,,,CALCULATED
2013-07-29T13:40:00Z,2013-07-29T19:33:47Z,,,,,,,,CALCULATED
2013-07-29T13:50:00Z,2013-07-29T19:43:47Z,,,,,,,,CALCULATED
2013-07-29T14:00:00Z,2013-07-29T19:53:47Z,,,,,,,,CALCULATED
2013-07-29T14:10:00Z,2013-07-29T20:03:47Z,,,,,,,,CALCULATED
2013-07-29T14:20:00Z,2013-07-29T20:13:47Z,,,,,,,,CALCULATED
2013-07-29T14:30:00Z,2013-07-29T20:23:47Z,,,,,,,,CALCULATED
2013-07-29T14:40:00Z,2013-07-29T20:33:47Z,,,,,,,,CALCULATED
2013-07-29T14:50:00Z,2013-07-29T20:43:47Z,,,,,,,,CALCULATED
2013-07-29T15:00:00Z,2013-07-29T20:53:47Z,,,,,,,,CALCULATED
2013-07-29T15:10:00Z,2013-07-29T21:03:47Z,,,,,,,,CALCULATED
2013-07-29T15:20:00Z,2013-07-29T21:13:47Z,,,,,,,,CALCULATED
2013-07-29T15:30:00Z,2013-07-29T21:23:47Z,,,,,,,,CALCULATED
2013-07-29T15:40:00Z,2013-07-29T21:33:47Z,,,,,,,,CALCULATED
2013-07-29T15:50:00Z,2013-07-29T21:43:47Z,,,,,,,,CALCULATED
2013-07-29T16:00:00Z,2013-07-29T21:53:47Z,,,,,,,,CALCULATED
2013-07-29T16:10:00Z,2013-07-29T22:03:47Z,,,,,,,,CALCULATED
2013-07-29T16:20:00Z,2013-07-29T22:13:47Z,,,,,,,,CALCULATED
2013-07-29T16:30:00Z,2013-07-29T22:23:47Z,,,,,,,,CALCULATED
2013-07-29T16:40:00Z,2013-07-29T22:33:47Z,,,,,,,,CALCULATED
2013-07-29T16:50:00Z,2013-07-29T22:43:47Z,,,,,,,,CALCULATED
2013-07-29T17:00:00Z,2013-07-29T22:53:47Z,,,,,,,,CALCULATED
2013-07-29T17:10:00Z,2013-07-29T23:03:47Z,,,,,,,,CALCULATED
2013-07-29T17:20:00Z,2013-07-29T23:13:47Z,,,,,,,,CALCULATED
2013-07-29T17:30:00Z,2013-07-29T23:23:47Z,,,,,,,,CALCULATED
2013-07-29T17:40:00Z,2013-07-29T23:33:47Z,,,,,,,,CALCULATED
2013-07-29T17:50:00Z,2013-07-29T23:43:47Z,,,,,,,,CALCULATED
2013-07-29T18:00:00Z,2013-07-29T23:53:47Z,,,,,,,,CALCULATED
2013-07-29T18:10:00Z,2013-07-30T00:03:51Z,,,,,,,,CALCULATED
2013-07-29T18:20:00Z,2013-07-30T00:13:51Z,,,,,,,,CALCULATED
2013-07-29T18:30:00Z,2013-07-30T00:23:51Z,,,,,,,,CALCULATED
2013-07-29T18:40:00Z,2013-07-30T00:33:51Z,,,,,,,,CALCULATED
2013-07-29T18:50:00Z,2013-07-30T00:43:51Z,,,,,,,,CALCULATED
2013-07-29T19:00:00Z,2013-07-30T00:53:51Z,,,,,,,,CALCULATED
2013-07-29T19:10:00Z,2013-07-30T01:03:51Z,,,,,,,,CALCULATED
2013-07-29T19:20:00Z,2013-07-30T01:13:51Z,,,,,,,,CALCULATED
2013-07-29T19:30:00Z,2013-07-30T01:23:51Z,,,,,,,,CALCULATED
2013-07-29T19:40:00Z,2013-07-30T01:33:51Z,,,,,,,,CALCULATED
2013-07-29T19:50:00Z,2013-07-30T01:43:51Z,,,,,,,,CALCULATED
2013-07-29T20:00:00Z,2013-07-30T01:53:51Z,,,,,,,,CALCULATED
2013-07-29T20:10:00Z,2013-07-30T02:03:51Z,,,,,,,,CALCULATED
2013-07-29T20:20:00Z,2013-07-30T02:13:51Z,,,,,,,,CALCULATED
2013-07-29T20:30:00Z,2013-07-30T02:23:51Z,,,,,,OUT_WARN,,CALCULATED
2013-07-29T20:40:00Z,2013-07-30T02:33:51Z,,,,,,OUT_WARN,,CALCULATED
2013-07-29T20:50:00Z,2013-07-30T02:43:51Z,,,,,,,,CALCULATED
2013-07-29T21:00:00Z,2013-07-30T02:53:51Z,,,,,,,,CALCULATED
2013-07-29T21:10:00Z,2013-07-30T03:03:51Z,,,,,,,,CALCULATED
2013-07-29T21:20:00Z,2013-07-30T03:13:51Z,,,,,,,,CALCULATED
2013-07-29T21:30:00Z,2013-07-30T03:23:51Z,,,,,,,,CALCULATED
2013-07-29T21:40:00Z,2013-07-30T03:33:51Z,,,,,,,,CALCULATED
2013-07-29T21:50:00Z,2013-07-30T03:43:51Z,,,,,,,,CALCULATED
2013-07-29T22:00:00Z,2013-07-30T03:53:51Z,,,,,,,,CALCULATED
2013-07-29T22:10:00Z,2013-07-30T04:03:51Z,,,,,,,,CALCULATED
2013-07-29T22:20:00Z,2013-07-30T04:13:51Z,,,,,,,,CALCULATED
2013-07-29T22:30:00Z,2013-07-30T04:23:51Z,,,,,,,,CALCULATED
2013-07-29T22:40:00Z,2013-07-30T04:33:51Z,,,,,,,,CALCULATED
2013-07-29T22:50:00Z,2013-07-30T04:43:51Z,,,,,,,,CALCULATED
2013-07-29T23:00:00Z,2013-07-30T04:53:51Z,,,,,,,,CALCULATED
2013-07-29T23:10:00Z,2013-07-30T05:03:51Z,,,,,,,,CALCULATED
2013-07-29T23:20:00Z,2013-07-30T05:13:51Z,,,,,,,,CALCULATED
2013-07-29T23:30:00Z,2013-07-30T05:23:51Z,,,,,,,,CALCULATED
2013-07-29T23:40:00Z,2013-07-30T05:33:51Z,,,,,,,,CALCULATED
2013-07-29T23:50:00Z,2013-07-30T05:43:51Z,,,,,,,,CALCULATED
2013-07-30T00:00:00Z,2013-07-30T05:53:51Z,,,,,,,,CALCULATED
2013-07-30T00:10:00Z,2013-07-30T06:03:51Z,,,,,,,,CALCULATED
2013-07-30T00:20:00Z,2013-07-30T06:13:51Z,,,,,,,,CALCULATED
2013-07-30T00:30:00Z,2013-07-30T06:23:51Z,,,,,,,,CALCULATED
2013-07-30T00:40:00Z,2013-07-30T06:33:51Z,,,,,,,,CALCULATED
2013-07-30T00:50:00Z,2013-07-30T06:43:51Z,,,,,,,,CALCULATED
2013-07-30T01:00:00Z,2013-07-30T06:53:51Z,,,,,,,,CALCULATED
2013-07-30T01:10:00Z,2013-07-30T07:03:51Z,,,,,,,,CALCULATED
2013-07-30T01:20:00Z,2013-07-30T07:13:51Z,,,,,,,,CALCULATED
2013-07-30T01:30:00Z,2013-07-30T07:23:51Z,,,,,,,,CALCULATED
2013-07-30T01:40:00Z,2013-07-30T07:33:51Z,,,,,,,,CALCULATED
2013-07-30T01:50:00Z,2013-07-30T07:43:51Z,,,,,,,,CALCULATED
2013-07-30T02:00:00Z,2013-07-30T07:53:51Z,,,,,,,,CALCULATED
2013-07-30T02:10:00Z,2013-07-30T08:03:51Z,,,,,,,,CALCULATED
2013-07-30T02:20:00Z,2013-07-30T08:13:51Z,,,,,,,,CALCULATED
2013-07-30T02:30:00Z,2013-07-30T08:23:51Z,,,,,,,,CALCULATED
2013-07-30T02:40:00Z,2013-07-30T08:33:51Z,,,,,,,,CALCULATED
2013-07-30T02:50:00Z,2013-07-30T08:43:51Z,,,,,,,,CALCULATED
2013-07-30T03:00:00Z,2013-07-30T08:53:51Z,,,,,,,,CALCULATED
2013-07-30T03:10:00Z,2013-07-30T09:03:51Z,,,,,,,,CALCULATED
2013-07-30T03:20:00Z,2013-07-30T09:13:51Z,,,,,,,,CALCULATED
2013-07-30T03:30:00Z,2013-07-30T09:23:51Z,,,,,,,,CALCULATED
2013-07-30T03:40:00Z,2013-07-30T09:33:51Z,,,,,,,,CALCULATED
2013-07-30T03:50:00Z,2013-07-30T09:43:51Z,,,,,,,,CALCULATED
2013-07-30T04:00:00Z,2013-07-30T09:53:51Z,,,,,,,,CALCULATED
2013-07-30T04:10:00Z,2013-07-30T10:03:51Z,,,,,,,,CALCULATED
2013-07-30T04:20:00Z,2013-07-30T10:13:51Z,,,,,,,,CALCULATED
2013-07-30T04:30:00Z,2013-07-30T10:23:51Z,,,,,,,,CALCULATED
2013-07-30T04:40:00Z,2013-07-30T10:33:51Z,,,,,,,,CALCULATED
2013-07-30T04:50:00Z,2013-07-30T10:43:51Z,,,,,,,,CALCULATED
2013-07-30T05:00:00Z,2013-07-30T10:53:51Z,,,,,,,,CALCULATED
2013-07-30T05:10:00Z,2013-07-30T11:03:51Z,,,,,,,,CALCULATED
2013-07-30T05:20:00Z,2013-07-30T11:13:51Z,,,,,,,,CALCULATED
2013-07-30T05:30:00Z,2013-07-30T11:23:51Z,,,,,,,,CALCULATED
2013-07-30T05:40:00Z,2013-07-30T11:33:51Z,,,,,,,,CALCULATED
2013-07-30T05:50:00Z,2013-07-30T11:43:51Z,,,,,,,,CALCULATED
2013-07-30T06:00:00Z,2013-07-30T11:53:51Z,,,,,,,,CALCULATED
2013-07-30T06:10:00Z,2013-07-30T12:03:51Z,,,,,,,,CALCULATED
2013-07-30T06:20:00Z,2013-07-30T12:13:51Z,,,,,,,,CALCULATED
2013-07-30T06:30:00Z,2013-07-30T12:23:51Z,,,,,,,,CALCULATED
2013-07-30T06:40:00Z,2013-07-30T12:33:51Z,,,,,,,,CALCULATED
2013-07-30T06:50:00Z,2013-07-30T12:43:51Z,,,,,,,,CALCULATED
2013-07-30T07:00:00Z,2013-07-30T12:53:51Z,,,,,,,,CALCULATED
2013-07-30T07:10:00Z,2013-07-30T13:03:51Z,,,,,,,,CALCULATED
2013-07-30T07:20:00Z,2013-07-30T13:13:51Z,,,,,,,,CALCULATED
2013-07-30T07:30:00Z,2013-07-30T13:23:51Z,,,,,,,,CALCULATED
2013-07-30T07:40:00Z,2013-07-30T13:33:51Z,,,,,,,,CALCULATED
2013-07-30T07:50:00Z,2013-07-30T13:43:51Z,,,,,,,,CALCULATED
2013-07-30T08:00:00Z,2013-07-30T13:53:51Z,,,,,,,,CALCULATED
2013-07-30T08:10:00Z,2013-07-30T14:03:51Z,,,,,,,,CALCULATED
2013-07-30T08:20:00Z,2013-07-30T14:13:51Z,,,,,,,,CALCULATED
2013-07-30T08:30:00Z,2013-07-30T14:23:51Z,,,,,,,,CALCULATED
2013-07-30T08:40:00Z,2013-07-30T14:33:51Z,,,,,,,,CALCULATED
2013-07-30T08:50:00Z,2013-07-30T14:43:51Z,,,,,,,,CALCULATED
2013-07-30T09:00:00Z,2013-07-30T14:53:51Z,,,,,,,,CALCULATED
2013-07-30T09:10:00Z,2013-07-30T15:03:51Z,,,,,,,,CALCULATED
2013-07-30T09:20:00Z,2013-07-30T15:13:51Z,,,,,,,,CALCULATED
2013-07-30T09:30:00Z,2013-07-30T15:23:51Z,,,,,,,,CALCULATED
2013-07-30T09:40:00Z,2013-07-30T15:33:51Z,,,,,,,,CALCULATED
2013-07-30T09:50:00Z,2013-07-30T15:43:51Z,,,,,,,,CALCULATED
2013-07-30T10:00:00Z,2013-07-30T15:53:51Z,,,,,,,,CALCULATED
2013-07-30T10:10:00Z,2013-07-30T16:03:51Z,,,,,,,,CALCULATED
2013-07-30T10:20:00Z,2013-07-30T16:13:51Z,,,,,,,,CALCULATED
2013-07-30T10:30:00Z,2013-07-30T16:23:51Z,,,,,,,,CALCULATED
2013-07-30T10:40:00Z,2013-07-30T16:33:51Z,,,,,,,,CALCULATED
2013-07-30T10:50:00Z,2013-07-30T16:43:51Z,,,,,,,,CALCULATED
2013-07-30T11:00:00Z,2013-07-30T16:53:51Z,,,,,,,,CALCULATED
2013-07-30T11:10:00Z,2013-07-30T17:03:51Z,,,,,,,,CALCULATED
2013-07-30T11:20:00Z,2013-07-30T17:13:51Z,,,,,,,,CALCULATED
2013-07-30T11:30:00Z,2013-07-30T17:23:51Z,,,,,,,,CALCULATED
2013-07-30T11:40:00Z,2013-07-30T17:33:51Z,,,,,,,,CALCULATED
2013-07-30T11:50:00Z,2013-07-30T17:43:51Z,,,,,,,,CALCULATED
2013-07-30T12:00:00Z,2013-07-30T17:53:51Z,,,,,,,,CALCULATED
2013-07-30T12:10:00Z,2013-07-30T18:03:51Z,,,,,,,,CALCULATED
2013-07-30T12:20:00Z,2013-07-30T18:13:51Z,,,,,,,,CALCULATED
2013-07-30T12:30:00Z,2013-07-30T18:23:51Z,,,,,,,,CALCULATED
2013-07-30T12:40:00Z,2013-07-30T18:33:51Z,,,,,,,,CALCULATED
2013-07-30T12:50:00Z,2013-07-30T18:43:51Z,,,,,,,,CALCULATED
2013-07-30T13:00:00Z,2013-07-30T18:53:51Z,,,,,,,,CALCULATED
2013-07-30T13:10:00Z,2013-07-30T19:03:51Z,,,,,,,,CALCULATED
2013-07-30T13:20:00Z,2013-07-30T19:13:51Z,,,,,,,,CALCULATED
2013-07-30T13:30:00Z,2013-07-30T19:23:51Z,,,,,,,,CALCULATED
2013-07-30T13:40:00Z,2013-07-30T19:33:51Z,,,,,,,,CALCULATED
2013-07-30T13:50:00Z,2013-07-30T19:43:51Z,,,,,,,,CALCULATED
2013-07-30T14:00:00Z,2013-07-30T19:53:51Z,,,,,,,,CALCULATED
2013-07-30T14:10:00Z,2013-07-30T20:03:51Z,,,,,,,,CALCULATED
2013-07-30T14:20:00Z,2013-07-30T20:13:51Z,,,,,,,,CALCULATED
2013-07-30T14:30:00Z,2013-07-30T20:23:51Z,,,,,,,,CALCULATED
2013-07-30T14:40:00Z,2013-07-30T20:33:51Z,,,,,,,,CALCULATED
2013-07-30T14:50:00Z,2013-07-30T20:43:51Z,,,,,,,,CALCULATED
2013-07-30T15:00:00Z,2013-07-30T20:53:51Z,,,,,,,,CALCULATED
2013-07-30T15:10:00Z,2013-07-30T21:03:51Z,,,,,,,,CALCULATED
2013-07-30T15:20:00Z,2013-07-30T21:13:51Z,,,,,,,,CALCULATED
2013-07-30T15:30:00Z,2013-07-30T21:23:51Z,,,,,,,,CALCULATED
2013-07-30T15:40:00Z,2013-07-30T21:33:51Z,,,,,,,,CALCULATED
2013-07-30T15:50:00Z,2013-07-30T21:43:51Z,,,,,,,,CALCULATED
2013-07-30T16:00:00Z,2013-07-30T21:53:51Z,,,,,,,,CALCULATED
2013-07-30T16:10:00Z,2013-07-30T22:03:51Z,,,,,,,,CALCULATED
2013-07-30T16:20:00Z,2013-07-30T22:13:51Z,,,,,,,,CALCULATED
2013-07-30T16:30:00Z,2013-07-30T22:23:51Z,,,,,,,,CALCULATED
2013-07-30T16:40:00Z,2013-07-30T22:33:51Z,,,,,,,,CALCULATED
2013-07-30T16:50:00Z,2013-07-30T22:43:51Z,,,,,,,,CALCULATED
2013-07-30T17:00:00Z,2013-07-30T22:53:51Z,,,,,,,,CALCULATED
2013-07-30T17:10:00Z,2013-07-30T23:03:51Z,,,,,,,,CALCULATED
2013-07-30T17:20:00Z,2013-07-30T23:13:51Z,,,,,,,,CALCULATED
2013-07-30T17:30:00Z,2013-07-30T23:23:51Z,,,,,,,,CALCULATED
2013-07-30T17:40:00Z,2013-07-30T23:33:51Z,,,,,,,,CALCULATED
2013-07-30T17:50:00Z,2013-07-30T23:43:51Z,,,,,,,,CALCULATED
2013-07-30T18:00:00Z,2013-07-30T23:53:51Z,,,,,,,,CALCULATED
2013-07-30T18:10:00Z,2013-07-31T00:03:55Z,,,,,,,,CALCULATED
2013-07-30T18:20:00Z,2013-07-31T00:13:55Z,,,,,,,,CALCULATED
2013-07-30T18:30:00Z,2013-07-31T00:23:55Z,,,,,,,,CALCULATED
2013-07-30T18:40:00Z,2013-07-31T00:33:55Z,,,,,,,,CALCULATED
2013-07-30T18:50:00Z,2013-07-31T00:43:55Z,,,,,,,,CALCULATED
2013-07-30T19:00:00Z,2013-07-31T00:53:55Z,,,,,,,,CALCULATED
2013-07-30T19:10:00Z,2013-07-31T01:03:55Z,,,,,,,,CALCULATED
2013-07-30T19:20:00Z,2013-07-31T01:13:55Z,,,,,,,,CALCULATED
2013-07-30T19:30:00Z,2013-07-31T01:23:55Z,,,,,,,,CALCULATED
2013-07-30T19:40:00Z,2013-07-31T01:33:55Z,,,,,,,,CALCULATED
2013-07-30T19:50:00Z,2013-07-31T01:43:55Z,,,,,,,,CALCULATED
2013-07-30T20:00:00Z,2013-07-31T01:53:55Z,,,,,,,,CALCULATED
2013-07-30T20:10:00Z,2013-07-31T02:03:55Z,,,,,,,,CALCULATED
2013-07-30T20:20:00Z,2013-07-31T02:13:55Z,,,,,,,,CALCULATED
2013-07-30T20:30:00Z,2013-07-31T02:23:55Z,,,,,,,,CALCULATED
2013-07-30T20:40:00Z,2013-07-31T02:33:55Z,,,,,,,,CALCULATED
2013-07-30T20:50:00Z,2013-07-31T02:43:55Z,,,,,,,,CALCULATED
2013-07-30T21:00:00Z,2013-07-31T02:53:55Z,,,,,,,,CALCULATED
2013-07-30T21:10:00Z,2013-07-31T03:03:55Z,,,,,,,,CALCULATED
2013-07-30T21:20:00Z,2013-07-31T03:13:55Z,,,,,,,,CALCULATED
2013-07-30T21:30:00Z,2013-07-31T03:23:55Z,,,,,,,,CALCULATED
2013-07-30T21:40:00Z,2013-07-31T03:33:55Z,,,,,,,,CALCULATED
2013-07-30T21:50:00Z,2013-07-31T03:43:55Z,,,,,,,,CALCULATED
2013-07-30T22:00:00Z,2013-07-31T03:53:55Z,,,,,,,,CALCULATED
2013-07-30T22:10:00Z,2013-07-31T04:03:55Z,,,,,,,,CALCULATED
2013-07-30T22:20:00Z,2013-07-31T04:13:55Z,,,,,,,,CALCULATED
2013-07-30T22:30:00Z,2013-07-31T04:23:55Z,,,,,,,,CALCULATED
2013-07-30T22:40:00Z,2013-07-31T04:33:55Z,,,,,,,,CALCULATED
2013-07-30T22:50:00Z,2013-07-31T04:43:55Z,,,,,,,,CALCULATED
2013-07-30T23:00:00Z,2013-07-31T04:53:55Z,,,,,,,,CALCULATED
2013-07-30T23:10:00Z,2013-07-31T05:03:55Z,,,,,,,,CALCULATED
2013-07-30T23:20:00Z,2013-07-31T05:13:55Z,,,,,,,,CALCULATED
2013-07-30T23:30:00Z,2013-07-31T05:23:55Z,,,,,,,,CALCULATED
2013-07-30T23:40:00Z,2013-07-31T05:33:55Z,,,,,,,,CALCULATED
2013-07-30T23:50:00Z,2013-07-31T05:43:55Z,,,,,,,,CALCULATED
2013-07-31T00:00:00Z,2013-07-31T05:53:55Z,,,,,,,,CALCULATED
2013-07-31T00:10:00Z,2013-07-31T06:03:55Z,,,,,,,,CALCULATED
2013-07-31T00:20:00Z,2013-07-31T06:13:55Z,,,,,,,,CALCULATED
2013-07-31T00:30:00Z,2013-07-31T06:23:55Z,,,,,,,,CALCULATED
2013-07-31T00:40:00Z,2013-07-31T06:33:55Z,,,,,,,,CALCULATED
2013-07-31T00:50:00Z,2013-07-31T06:43:55Z,,,,,,,,CALCULATED
2013-07-31T01:00:00Z,2013-07-31T06:53:55Z,,,,,,,,CALCULATED
2013-07-31T01:10:00Z,2013-07-31T07:03:55Z,,,,,,,,CALCULATED
2013-07-31T01:20:00Z,2013-07-31T07:13:55Z,,,,,,,,CALCULATED
2013-07-31T01:30:00Z,2013-07-31T07:23:55Z,,,,,,,,CALCULATED
2013-07-31T01:40:00Z,2013-07-31T07:33:55Z,,,,,,,,CALCULATED
2013-07-31T01:50:00Z,2013-07-31T07:43:55Z,,,,,,,,CALCULATED
2013-07-31T02:00:00Z,2013-07-31T07:53:55Z,,,,,,,,CALCULATED
2013-07-31T02:10:00Z,2013-07-31T08:03:55Z,,,,,,,,CALCULATED
2013-07-31T02:20:00Z,2013-07-31T08:13:55Z,,,,,,,,CALCULATED
2013-07-31T02:30:00Z,2013-07-31T08:23:55Z,,,,,,,,CALCULATED
2013-07-31T02:40:00Z,2013-07-31T08:33:55Z,,,,,,,,CALCULATED
2013-07-31T02:50:00Z,2013-07-31T08:43:55Z,,,,,,,,CALCULATED
2013-07-31T03:00:00Z,2013-07-31T08:53:55Z,,,,,,,,CALCULATED
2013-07-31T03:10:00Z,2013-07-31T09:03:55Z,,,,,,,,CALCULATED
2013-07-31T03:20:00Z,2013-07-31T09:13:55Z,,,,,,,,CALCULATED
2013-07-31T03:30:00Z,2013-07-31T09:23:55Z,,,,,,,,CALCULATED
2013-07-31T03:40:00Z,2013-07-31T09:33:55Z,,,,,,,,CALCULATED
2013-07-31T03:50:00Z,2013-07-31T09:43:55Z,,,,,,,,CALCULATED
2013-07-31T04:00:00Z,2013-07-31T09:53:55Z,,,,,,,,CALCULATED
2013-07-31T04:10:00Z,2013-07-31T10:03:55Z,,,,,,,,CALCULATED
2013-07-31T04:20:00Z,2013-07-31T10:13:55Z,,,,,,,,CALCULATED
2013-07-31T04:30:00Z,2013-07-31T10:23:55Z,,,,,,,,CALCULATED
2013-07-31T04:40:00Z,2013-07-31T10:33:55Z,,,,,,,,CALCULATED
2013-07-31T04:50:00Z,2013-07-31T10:43:55Z,,,,,,,,CALCULATED
2013-07-31T05:00:00Z,2013-07-31T10:53:55Z,,,,,,,,CALCULATED
2013-07-31T05:10:00Z,2013-07-31T11:03:55Z,,,,,,,,CALCULATED
2013-07-31T05:20:00Z,2013-07-31T11:13:55Z,,,,,,,,CALCULATED
2013-07-31T05:30:00Z,2013-07-31T11:23:55Z,,,,,,,,CALCULATED
2013-07-31T05:40:00Z,2013-07-31T11:33:55Z,,,,,,,,CALCULATED
2013-07-31T05:50:00Z,2013-07-31T11:43:55Z,,,,,,,,CALCULATED
2013-07-31T06:00:00Z,2013-07-31T11:53:55Z,,,,,,,,CALCULATED
2013-07-31T06:10:00Z,2013-07-31T12:03:55Z,,,,,,,,CALCULATED
2013-07-31T06:20:00Z,2013-07-31T12:13:55Z,,,,,,,,CALCULATED
2013-07-31T06:30:00Z,2013-07-31T12:23:55Z,,,,,,,,CALCULATED
2013-07-31T06:40:00Z,2013-07-31T12:33:55Z,,,,,,,,CALCULATED
2013-07-31T06:50:00Z,2013-07-31T12:43:55Z,,,,,,,,CALCULATED
2013-07-31T07:00:00Z,2013-07-31T12:53:55Z,,,,,,,,CALCULATED
2013-07-31T07:10:00Z,2013-07-31T13:03:55Z,,,,,,,,CALCULATED
2013-07-31T07:20:00Z,2013-07-31T13:13:55Z,,,,,,,,CALCULATED
2013-07-31T07:30:00Z,2013-07-31T13:23:55Z,,,,,,,,CALCULATED
2013-07-31T07:40:00Z,2013-07-31T13:33:55Z,,,,,,,,CALCULATED
2013-07-31T07:50:00Z,2013-07-31T13:43:55Z,,,,,,,,CALCULATED
2013-07-31T08:00:00Z,2013-07-31T13:53:55Z,,,,,,,,CALCULATED
2013-07-31T08:10:00Z,2013-07-31T14:03:55Z,,,,,,,,CALCULATED
2013-07-31T08:20:00Z,2013-07-31T14:13:55Z,,,,,,,,CALCULATED
2013-07-31T08:30:00Z,2013-07-31T14:23:55Z,,,,,,,,CALCULATED
2013-07-31T08:40:00Z,2013-07-31T14:33:55Z,,,,,,,,CALCULATED
2013-07-31T08:50:00Z,2013-07-31T14:43:55Z,,,,,,,,CALCULATED
2013-07-31T09:00:00Z,2013-07-31T14:53:55Z,,,,,,,,CALCULATED
2013-07-31T09:10:00Z,2013-07-31T15:03:55Z,,,,,,,,CALCULATED
2013-07-31T09:20:00Z,2013-07-31T15:13:55Z,,,,,,,,CALCULATED
2013-07-31T09:30:00Z,2013-07-31T15:23:55Z,,,,,,,,CALCULATED
2013-07-31T09:40:00Z,2013-07-31T15:33:55Z,,,,,,,,CALCULATED
2013-07-31T09:50:00Z,2013-07-31T15:43:55Z,,,,,,,,CALCULATED
2013-07-31T10:00:00Z,2013-07-31T15:53:55Z,,,,,,,,CALCULATED
2013-07-31T10:10:00Z,2013-07-31T16:03:55Z,,,,,,,,CALCULATED
2013-07-31T10:20:00Z,2013-07-31T16:13:55Z,,,,,,,,CALCULATED
2013-07-31T10:30:00Z,2013-07-31T16:23:55Z,,,,,,,,CALCULATED
2013-07-31T10:40:00Z,2013-07-31T16:33:55Z,,,,,,,,CALCULATED
2013-07-31T10:50:00Z,2013-07-31T16:43:55Z,,,,,,,,CALCULATED
2013-07-31T11:00:00Z,2013-07-31T16:53:55Z,,,,,,,,CALCULATED
2013-07-31T11:10:00Z,2013-07-31T17:03:55Z,,,,,,,,CALCULATED
2013-07-31T11:20:00Z,2013-07-31T17:13:55Z,,,,,,,,CALCULATED
2013-07-31T11:30:00Z,2013-07-31T17:23:55Z,,,,,,,,CALCULATED
2013-07-31T11:40:00Z,2013-07-31T17:33:55Z,,,,,,,,CALCULATED
2013-07-31T11:50:00Z,2013-07-31T17:43:55Z,,,,,,,,CALCULATED
2013-07-31T12:00:00Z,2013-07-31T17:53:55Z,,,,,,,,CALCULATED
2013-07-31T12:10:00Z,2013-07-31T18:03:55Z,,,,,,OUT_WARN,,CALCULATED
2013-07-31T12:20:00Z,2013-07-31T18:13:55Z,,,,,,,,CALCULATED
2013-07-31T12:30:00Z,2013-07-31T18:23:55Z,,,,,,,,CALCULATED
2013-07-31T12:40:00Z,2013-07-31T18:33:55Z,,,,,,,,CALCULATED
2013-07-31T12:50:00Z,2013-07-31T18:43:55Z,,,,,,,,CALCULATED
2013-07-31T13:00:00Z,2013-07-31T18:53:55Z,,,,,,,,CALCULATED
2013-07-31T13:10:00Z,2013-07-31T19:03:55Z,,,,,,,,CALCULATED
2013-07-31T13:20:00Z,2013-07-31T19:13:55Z,,,,,,,,CALCULATED
2013-07-31T13:30:00Z,2013-07-31T19:23:55Z,,,,,,,,CALCULATED
2013-07-31T13:40:00Z,2013-07-31T19:33:55Z,,,,,,,,CALCULATED
2013-07-31T13:50:00Z,2013-07-31T19:43:55Z,,,,,,,,CALCULATED
2013-07-31T14:00:00Z,2013-07-31T19:53:55Z,,,,,,,,CALCULATED
2013-07-31T14:10:00Z,2013-07-31T20:03:55Z,,,,,,,,CALCULATED
2013-07-31T14:20:00Z,2013-07-31T20:13:55Z,,,,,,,,CALCULATED
2013-07-31T14:30:00Z,2013-07-31T20:23:55Z,,,,,,,,CALCULATED
2013-07-31T14:40:00Z,2013-07-31T20:33:55Z,,,,,,,,CALCULATED
2013-07-31T14:50:00Z,2013-07-31T20:43:55Z,,,,,,,,CALCULATED
2013-07-31T15:00:00Z,2013-07-31T20:53:55Z,,,,,,,,CALCULATED
2013-07-31T15:10:00Z,2013-07-31T21:03:55Z,,,,,,,,CALCULATED
2013-07-31T15:20:00Z,2013-07-31T21:13:55Z,,,,,,,,CALCULATED
2013-07-31T15:30:00Z,2013-07-31T21:23:55Z,,,,,,,,CALCULATED
2013-07-31T15:40:00Z,2013-07-31T21:33:55Z,,,,,,,,CALCULATED
2013-07-31T15:50:00Z,2013-07-31T21:43:55Z,,,,,,,,CALCULATED
2013-07-31T16:00:00Z,2013-07-31T21:53:55Z,,,,,,,,CALCULATED
2013-07-31T16:10:00Z,2013-07-31T22:03:55Z,,,,,,,,CALCULATED
2013-07-31T16:20:00Z,2013-07-31T22:13:55Z,,,,,,,,CALCULATED
2013-07-31T16:30:00Z,2013-07-31T22:23:55Z,,,,,,,,CALCULATED
2013-07-31T16:40:00Z,2013-07-31T22:33:55Z,,,,,,,,CALCULATED
2013-07-31T16:50:00Z,2013-07-31T22:43:55Z,,,,,,,,CALCULATED
2013-07-31T17:00:00Z,2013-07-31T22:53:55Z,,,,,,,,CALCULATED
2013-07-31T17:10:00Z,2013-07-31T23:03:55Z,,,,,,,,CALCULATED
2013-07-31T17:20:00Z,2013-07-31T23:13:55Z,,,,,,,,CALCULATED
2013-07-31T17:30:00Z,2013-07-31T23:23:55Z,,,,,,,,CALCULATED
2013-07-31T17:40:00Z,2013-07-31T23:33:55Z,,,,,,,,CALCULATED
2013-07-31T17:50:00Z,2013-07-31T23:43:55Z,,,,,,,,CALCULATED
2013-07-31T18:00:00Z,2013-07-31T23:53:55Z,,,,,,,,CALCULATED
2013-07-31T18:10:00Z,2013-08-01T00:04:00Z,,,,,,,,CALCULATED
2013-07-31T18:20:00Z,2013-08-01T00:14:00Z,,,,,,,,CALCULATED
2013-07-31T18:30:00Z,2013-08-01T00:24:00Z,,,,,,,,CALCULATED
2013-07-31T18:40:00Z,2013-08-01T00:34:00Z,,,,,,,,CALCULATED
2013-07-31T18:50:00Z,2013-08-01T00:44:00Z,,,,,,,,CALCULATED
2013-07-31T19:00:00Z,2013-08-01T00:54:00Z,,,,,,,,CALCULATED
2013-07-31T19:10:00Z,2013-08-01T01:04:00Z,,,,,,,,CALCULATED
2013-07-31T19:20:00Z,2013-08-01T01:14:00Z,,,,,,,,CALCULATED
2013-07-31T19:30:00Z,2013-08-01T01:24:00Z,,,,,,,,CALCULATED
2013-07-31T19:40:00Z,2013-08-01T01:34:00Z,,,,,,,,CALCULATED
2013-07-31T19:50:00Z,2013-08-01T01:44:00Z,,,,,,,,CALCULATED
2013-07-31T20:00:00Z,2013-08-01T01:54:00Z,,,,,,,,CALCULATED
2013-07-31T20:10:00Z,2013-08-01T02:04:00Z,,,,,,,,CALCULATED
2013-07-31T20:20:00Z,2013-08-01T02:14:00Z,,,,,,,,CALCULATED
2013-07-31T20:30:00Z,2013-08-01T02:24:00Z,,,,,,,,CALCULATED
2013-07-31T20:40:00Z,2013-08-01T02:34:00Z,,,,,,,,CALCULATED
2013-07-31T20:50:00Z,2013-08-01T02:44:00Z,,,,,,,,CALCULATED
2013-07-31T21:00:00Z,2013-08-01T02:54:00Z,,,,,,,,CALCULATED
2013-07-31T21:10:00Z,2013-08-01T03:04:00Z,,,,,,,,CALCULATED
2013-07-31T21:20:00Z,2013-08-01T03:14:00Z,,,,,,,,CALCULATED
2013-07-31T21:30:00Z,2013-08-01T03:24:00Z,,,,,,,,CALCULATED
2013-07-31T21:40:00Z,2013-08-01T03:34:00Z,,,,,,,,CALCULATED
2013-07-31T21:50:00Z,2013-08-01T03:44:00Z,,,,,,,,CALCULATED
2013-07-31T22:00:00Z,2013-08-01T03:54:00Z,,,,,,,,CALCULATED
2013-07-31T22:10:00Z,2013-08-01T04:04:00Z,,,,,,,,CALCULATED
2013-07-31T22:20:00Z,2013-08-01T04:14:00Z,,,,,,,,CALCULATED
2013-07-31T22:30:00Z,2013-08-01T04:24:00Z,,,,,,,,CALCULATED
2013-07-31T22:40:00Z,2013-08-01T04:34:00Z,,,,,,,,CALCULATED
2013-07-31T22:50:00Z,2013-08-01T04:44:00Z,,,,,,,,CALCULATED
2013-07-31T23:00:00Z,2013-08-01T04:54:00Z,,,,,,,,CALCULATED
2013-07-31T23:10:00Z,2013-08-01T05:04:00Z,,,,,,,,CALCULATED
2013-07-31T23:20:00Z,2013-08-01T05:14:00Z,,,,,,,,CALCULATED
2013-07-31T23:30:00Z,2013-08-01T05:24:00Z,,,,,,,,CALCULATED
2013-07-31T23:40:00Z,2013-08-01T05:34:00Z,,,,,,,,CALCULATED
2013-07-31T23:50:00Z,2013-08-01T05:44:00Z,,,,,,,,CALCULATED
2013-08-01T00:00:00Z,2013-08-01T05:54:00Z,,,,,,,,CALCULATED
2013-08-01T00:10:00Z,2013-08-01T06:04:00Z,,,,,,,,CALCULATED
2013-08-01T00:20:00Z,2013-08-01T06:14:00Z,,,,,,,,CALCULATED
2013-08-01T00:30:00Z,2013-08-01T06:24:00Z,,,,,,,,CALCULATED
2013-08-01T00:40:00Z,2013-08-01T06:34:00Z,,,,,,,,CALCULATED
2013-08-01T00:50:00Z,2013-08-01T06:44:00Z,,,,,,,,CALCULATED
2013-08-01T01:00:00Z,2013-08-01T06:54:00Z,,,,,,,,CALCULATED
2013-08-01T01:10:00Z,2013-08-01T07:04:00Z,,,,,,,,CALCULATED
2013-08-01T01:20:00Z,2013-08-01T07:14:00Z,,,,,,,,CALCULATED
2013-08-01T01:30:00Z,2013-08-01T07:24:00Z,,,,,,,,CALCULATED
2013-08-01T01:40:00Z,2013-08-01T07:34:00Z,,,,,,,,CALCULATED
2013-08-01T01:50:00Z,2013-08-01T07:44:00Z,,,,,,,,CALCULATED
2013-08-01T02:00:00Z,2013-08-01T07:54:00Z,,,,,,,,CALCULATED
2013-08-01T02:10:00Z,2013-08-01T08:04:00Z,,,,,,,,CALCULATED
2013-08-01T02:20:00Z,2013-08-01T08:14:00Z,,,,,,,,CALCULATED
2013-08-01T02:30:00Z,2013-08-01T08:24:00Z,,,,,,,,CALCULATED
2013-08-01T02:40:00Z,2013-08-01T08:34:00Z,,,,,,,,CALCULATED
2013-08-01T02:50:00Z,2013-08-01T08:44:00Z,,,,,,,,CALCULATED
2013-08-01T03:00:00Z,2013-08-01T08:54:00Z,,,,,,,,CALCULATED
2013-08-01T03:10:00Z,2013-08-01T09:04:00Z,,,,,,,,CALCULATED
2013-08-01T03:20:00Z,2013-08-01T09:14:00Z,,,,,,,,CALCULATED
2013-08-01T03:30:00Z,2013-08-01T09:24:00Z,,,,,,,,CALCULATED
2013-08-01T03:40:00Z,2013-08-01T09:34:00Z,,,,,,,,CALCULATED
2013-08-01T03:50:00Z,2013-08-01T09:44:00Z,,,,,,,,CALCULATED
2013-08-01T04:00:00Z,2013-08-01T09:54:00Z,,,,,,,,CALCULATED
2013-08-01T04:10:00Z,2013-08-01T10:04:00Z,,,,,,,,CALCULATED
2013-08-01T04:20:00Z,2013-08-01T10:14:00Z,,,,,,,,CALCULATED
2013-08-01T04:30:00Z,2013-08-01T10:24:00Z,,,,,,,,CALCULATED
2013-08-01T04:40:00Z,2013-08-01T10:34:00Z,,,,,,,,CALCULATED
2013-08-01T04:50:00Z,2013-08-01T10:44:00Z,,,,,,,,CALCULATED
2013-08-01T05:00:00Z,2013-08-01T10:54:00Z,,,,,,,,CALCULATED
2013-08-01T05:10:00Z,2013-08-01T11:04:00Z,,,,,,,,CALCULATED
2013-08-01T05:20:00Z,2013-08-01T11:14:00Z,,,,,,,,CALCULATED
2013-08-01T05:30:00Z,2013-08-01T11:24:00Z,,,,,,,,CALCULATED
2013-08-01T05:40:00Z,2013-08-01T11:34:00Z,,,,,,,,CALCULATED
2013-08-01T05:50:00Z,2013-08-01T11:44:00Z,,,,,,,,CALCULATED
2013-08-01T06:00:00Z,2013-08-01T11:54:00Z,,,,,,,,CALCULATED
2013-08-01T06:10:00Z,2013-08-01T12:04:00Z,,,,,,,,CALCULATED
2013-08-01T06:20:00Z,2013-08-01T12:14:00Z,,,,,,,,CALCULATED
2013-08-01T06:30:00Z,2013-08-01T12:24:00Z,,,,,,,,CALCULATED
2013-08-01T06:40:00Z,2013-08-01T12:34:00Z,,,,,,,,CALCULATED
2013-08-01T06:50:00Z,2013-08-01T12:44:00Z,,,,,,,,CALCULATED
2013-08-01T07:00:00Z,2013-08-01T12:54:00Z,,,,,,,,CALCULATED
2013-08-01T07:10:00Z,2013-08-01T13:04:00Z,,,,,,,,CALCULATED
2013-08-01T07:20:00Z,2013-08-01T13:14:00Z,,,,,,,,CALCULATED
2013-08-01T07:30:00Z,2013-08-01T13:24:00Z,,,,,,,,CALCULATED
2013-08-01T07:40:00Z,2013-08-01T13:34:00Z,,,,,,,,CALCULATED
2013-08-01T07:50:00Z,2013-08-01T13:44:00Z,,,,,,,,CALCULATED
2013-08-01T08:00:00Z,2013-08-01T13:54:00Z,,,,,,,,CALCULATED
2013-08-01T08:10:00Z,2013-08-01T14:04:00Z,,,,,,,,CALCULATED
2013-08-01T08:20:00Z,2013-08-01T14:14:00Z,,,,,,,,CALCULATED
2013-08-01T08:30:00Z,2013-08-01T14:24:00Z,,,,,,,,CALCULATED
2013-08-01T08:40:00Z,2013-08-01T14:34:00Z,,,,,,,,CALCULATED
2013-08-01T08:50:00Z,2013-08-01T14:44:00Z,,,,,,,,CALCULATED
2013-08-01T09:00:00Z,2013-08-01T14:54:00Z,,,,,,,,CALCULATED
2013-08-01T09:10:00Z,2013-08-01T15:04:00Z,,,,,,,,CALCULATED
2013-08-01T09:20:00Z,2013-08-01T15:14:00Z,,,,,,,,CALCULATED
2013-08-01T09:30:00Z,2013-08-01T15:24:00Z,,RANGE_WARN,,,,,,CALCULATED
2013-08-01T09:40:00Z,2013-08-01T15:34:00Z,,RANGE_WARN,,,,,,CALCULATED
2013-08-01T09:50:00Z,2013-08-01T15:44:00Z,,RANGE_WARN,,,,,,CALCULATED
2013-08-01T10:00:00Z,2013-08-01T15:54:00Z,,,,,,,,CALCULATED
2013-08-01T10:10:00Z,2013-08-01T16:04:00Z,,RANGE_WARN,,,,,,CALCULATED
2013-08-01T10:20:00Z,2013-08-01T16:14:00Z,,RANGE_WARN,,,,,,CALCULATED
2013-08-01T10:30:00Z,2013-08-01T16:24:00Z,,RANGE_WARN,,,,,,CALCULATED
2013-08-01T10:40:00Z,2013-08-01T16:34:00Z,,,,,,,,CALCULATED
2013-08-01T10:50:00Z,2013-08-01T16:44:00Z,,RANGE_WARN,,,,,,CALCULATED
2013-08-01T11:00:00Z,2013-08-01T16:54:00Z,,,,,,,,CALCULATED
2013-08-01T11:10:00Z,2013-08-01T17:04:00Z,,,,,,,,CALCULATED
2013-08-01T11:20:00Z,2013-08-01T17:14:00Z,,,,,,,,CALCULATED
2013-08-01T11:30:00Z,2013-08-01T17:24:00Z,,,,,,,,CALCULATED
2013-08-01T11:40:00Z,2013-08-01T17:34:00Z,,,,,,,,CALCULATED
2013-08-01T11:50:00Z,2013-08-01T17:44:00Z,,,,,,,,CALCULATED
2013-08-01T12:00:00Z,2013-08-01T17:54:00Z,,,,,,,,CALCULATED
2013-08-01T12:10:00Z,2013-08-01T18:04:00Z,,,,,,,,CALCULATED
2013-08-01T12:20:00Z,2013-08-01T18:14:00Z,,,,,,,,CALCULATED
2013-08-01T12:30:00Z,2013-08-01T18:24:00Z,,,,,,,,CALCULATED
2013-08-01T12:40:00Z,2013-08-01T18:34:00Z,,,,,,,,CALCULATED
2013-08-01T12:50:00Z,2013-08-01T18:44:00Z,,,,,,,,CALCULATED
2013-08-01T13:00:00Z,2013-08-01T18:54:00Z,,,,,,,,CALCULATED
2013-08-01T13:10:00Z,2013-08-01T19:04:00Z,,,,,,,,CALCULATED
2013-08-01T13:20:00Z,2013-08-01T19:14:00Z,,,,,,,,CALCULATED
2013-08-01T13:30:00Z,2013-08-01T19:24:00Z,,,,,,,,CALCULATED
2013-08-01T13:40:00Z,2013-08-01T19:34:00Z,,,,,,,,CALCULATED
2013-08-01T13:50:00Z,2013-08-01T19:44:00Z,,,,,,,,CALCULATED
2013-08-01T14:00:00Z,2013-08-01T19:54:00Z,,,,,,,,CALCULATED
2013-08-01T14:10:00Z,2013-08-01T20:04:00Z,,,,,,,,CALCULATED
2013-08-01T14:20:00Z,2013-08-01T20:14:00Z,,,,,,,,CALCULATED
2013-08-01T14:30:00Z,2013-08-01T20:24:00Z,,,,,,,,CALCULATED
2013-08-01T14:40:00Z,2013-08-01T20:34:00Z,,,,,,,,CALCULATED
2013-08-01T14:50:00Z,2013-08-01T20:44:00Z,,,,,,,,CALCULATED
2013-08-01T15:00:00Z,2013-08-01T20:54:00Z,,,,,,OUT_WARN,,CALCULATED
2013-08-01T15:10:00Z,2013-08-01T21:04:00Z,,,,,,OUT_WARN,,CALCULATED
2013-08-01T15:20:00Z,2013-08-01T21:14:00Z,,,,,,OUT_WARN,,CALCULATED
2013-08-01T15:30:00Z,2013-08-01T21:24:00Z,,,,,,OUT_WARN,,CALCULATED
2013-08-01T15:40:00Z,2013-08-01T21:34:00Z,,,,,,,,CALCULATED
2013-08-01T15:50:00Z,2013-08-01T21:44:00Z,,,,,,,,CALCULATED
2013-08-01T16:00:00Z,2013-08-01T21:54:00Z,,,,,,,,CALCULATED
2013-08-01T16:10:00Z,2013-08-01T22:04:00Z,,,,,,,,CALCULATED
2013-08-01T16:20:00Z,2013-08-01T22:14:00Z,,,,,,,,CALCULATED
2013-08-01T16:30:00Z,2013-08-01T22:24:00Z,,,,,,,,CALCULATED
2013-08-01T16:40:00Z,2013-08-01T22:34:00Z,,,,,,,,CALCULATED
2013-08-01T16:50:00Z,2013-08-01T22:44:00Z,,,,,,,,CALCULATED
2013-08-01T17:00:00Z,2013-08-01T22:54:00Z,,,,,,,,CALCULATED
2013-08-01T17:10:00Z,2013-08-01T23:04:00Z,,,,,,,,CALCULATED
2013-08-01T17:20:00Z,2013-08-01T23:14:00Z,,,,,,,,CALCULATED
2013-08-01T17:30:00Z,2013-08-01T23:24:00Z,,,,,,,,CALCULATED
2013-08-01T17:40:00Z,2013-08-01T23:34:00Z,,,,,,,,CALCULATED
2013-08-01T17:50:00Z,2013-08-01T23:44:00Z,,,,,,,,CALCULATED
2013-08-01T18:00:00Z,2013-08-01T23:54:00Z,,,,,,,,CALCULATED
2013-08-01T18:10:00Z,2013-08-02T00:04:06Z,,,,,,,,CALCULATED
2013-08-01T18:20:00Z,2013-08-02T00:14:06Z,,,,,,,,CALCULATED
2013-08-01T18:30:00Z,2013-08-02T00:24:06Z,,,,,,,,CALCULATED
2013-08-01T18:40:00Z,2013-08-02T00:34:06Z,,,,,,,,CALCULATED
2013-08-01T18:50:00Z,2013-08-02T00:44:06Z,,,,,,,,CALCULATED
2013-08-01T19:00:00Z,2013-08-02T00:54:06Z,,,,,,,,CALCULATED
2013-08-01T19:10:00Z,2013-08-02T01:04:06Z,,,,,,,,CALCULATED
2013-08-01T19:20:00Z,2013-08-02T01:14:06Z,,,,,,,,CALCULATED
2013-08-01T19:30:00Z,2013-08-02T01:24:06Z,,,,,,,,CALCULATED
2013-08-01T19:40:00Z,2013-08-02T01:34:06Z,,,,,,,,CALCULATED
2013-08-01T19:50:00Z,2013-08-02T01:44:06Z,,,,,,,,CALCULATED
2013-08-01T20:00:00Z,2013-08-02T01:54:06Z,,,,,,,,CALCULATED
2013-08-01T20:10:00Z,2013-08-02T02:04:06Z,,,,,,,,CALCULATED
2013-08-01T20:20:00Z,2013-08-02T02:14:06Z,,,,,,,,CALCULATED
2013-08-01T20:30:00Z,2013-08-02T02:24:06Z,,,,,,,,CALCULATED
2013-08-01T20:40:00Z,2013-08-02T02:34:06Z,,,,,,,,CALCULATED
2013-08-01T20:50:00Z,2013-08-02T02:44:06Z,,,,,,,,CALCULATED
2013-08-01T21:00:00Z,2013-08-02T02:54:06Z,,,,,,,,CALCULATED
2013-08-01T21:10:00Z,2013-08-02T03:04:06Z,,,,,,,,CALCULATED
2013-08-01T21:20:00Z,2013-08-02T03:14:06Z,,,,,,,,CALCULATED
2013-08-01T21:30:00Z,2013-08-02T03:24:06Z,,,,,,,,CALCULATED
2013-08-01T21:40:00Z,2013-08-02T03:34:06Z,,,,,,,,CALCULATED
2013-08-01T21:50:00Z,2013-08-02T03:44:06Z,,,,,,,,CALCULATED
2013-08-01T22:00:00Z,2013-08-02T03:54:06Z,,,,,,,,CALCULATED
2013-08-01T22:10:00Z,2013-08-02T04:04:06Z,,,,,,,,CALCULATED
2013-08-01T22:20:00Z,2013-08-02T04:14:06Z,,,,,,,,CALCULATED
2013-08-01T22:30:00Z,2013-08-02T04:24:06Z,,,,,,,,CALCULATED
2013-08-01T22:40:00Z,2013-08-02T04:34:06Z,,,,,,,,CALCULATED
2013-08-01T22:50:00Z,2013-08-02T04:44:06Z,,,,,,,,CALCULATED
2013-08-01T23:00:00Z,2013-08-02T04:54:06Z,,,,,,,,CALCULATED
2013-08-01T23:10:00Z,2013-08-02T05:04:06Z,,,,,,,,CALCULATED
2013-08-01T23:20:00Z,2013-08-02T05:14:06Z,,,,,,,,CALCULATED
2013-08-01T23:30:00Z,2013-08-02T05:24:06Z,,,,,,,,CALCULATED
2013-08-01T23:40:00Z,2013-08-02T05:34:06Z,,,,,,,,CALCULATED
2013-08-01T23:50:00Z,2013-08-02T05:44:06Z,,,,,,,,CALCULATED
2013-08-02T00:00:00Z,2013-08-02T05:54:06Z,,,,,,,,CALCULATED
2013-08-02T00:10:00Z,2013-08-02T06:04:06Z,,,,,,,,CALCULATED
2013-08-02T00:20:00Z,2013-08-02T06:14:06Z,,,,,,,,CALCULATED
2013-08-02T00:30:00Z,2013-08-02T06:24:06Z,,,,,,,,CALCULATED
2013-08-02T00:40:00Z,2013-08-02T06:34:06Z,,,,,,,,CALCULATED
2013-08-02T00:50:00Z,2013-08-02T06:44:06Z,,,,,,,,CALCULATED
2013-08-02T01:00:00Z,2013-08-02T06:54:06Z,,,,,,,,CALCULATED
2013-08-02T01:10:00Z,2013-08-02T07:04:06Z,,,,,,,,CALCULATED
2013-08-02T01:20:00Z,2013-08-02T07:14:06Z,,,,,,,,CALCULATED
2013-08-02T01:30:00Z,2013-08-02T07:24:06Z,,,,,,,,CALCULATED
2013-08-02T01:40:00Z,2013-08-02T07:34:06Z,,,,,,,,CALCULATED
2013-08-02T01:50:00Z,2013-08-02T07:44:06Z,,,,,,,,CALCULATED
2013-08-02T02:00:00Z,2013-08-02T07:54:06Z,,,,,,,,CALCULATED
2013-08-02T02:10:00Z,2013-08-02T08:04:06Z,,,,,,,,CALCULATED
2013-08-02T02:20:00Z,2013-08-02T08:14:06Z,,,,,,,,CALCULATED
2013-08-02T02:30:00Z,2013-08-02T08:24:06Z,,,,,,,,CALCULATED
2013-08-02T02:40:00Z,2013-08-02T08:34:06Z,,,,,,,,CALCULATED
2013-08-02T02:50:00Z,2013-08-02T08:44:06Z,,,,,,,,CALCULATED
2013-08-02T03:00:00Z,2013-08-02T08:54:06Z,,,,,,,,CALCULATED
2013-08-02T03:10:00Z,2013-08-02T09:04:06Z,,,,,,,,CALCULATED
2013-08-02T03:20:00Z,2013-08-02T09:14:06Z,,,,,,,,CALCULATED
2013-08-02T03:30:00Z,2013-08-02T09:24:06Z,,,,,,,,CALCULATED
2013-08-02T03:40:00Z,2013-08-02T09:34:06Z,,,,,,,,CALCULATED
2013-08-02T03:50:00Z,2013-08-02T09:44:06Z,,,,,,,,CALCULATED
2013-08-02T04:00:00Z,2013-08-02T09:54:06Z,,,,,,,,CALCULATED
2013-08-02T04:10:00Z,2013-08-02T10:04:06Z,,,,,,,,CALCULATED
2013-08-02T04:20:00Z,2013-08-02T10:14:06Z,,,,,,,,CALCULATED
2013-08-02T04:30:00Z,2013-08-02T10:24:06Z,,,,,,,,CALCULATED
2013-08-02T04:40:00Z,2013-08-02T10:34:06Z,,,,,,,,CALCULATED
2013-08-02T04:50:00Z,2013-08-02T10:44:06Z,,,,,,,,CALCULATED
2013-08-02T05:00:00Z,2013-08-02T10:54:06Z,,,,,,,,CALCULATED
2013-08-02T05:10:00Z,2013-08-02T11:04:06Z,,,,,,,,CALCULATED
2013-08-02T05:20:00Z,2013-08-02T11:14:06Z,,RANGE_WARN,,,,,,CALCULATED
2013-08-02T05:30:00Z,2013-08-02T11:24:06Z,,RANGE_WARN,,,,,,CALCULATED
2013-08-02T05:40:00Z,2013-08-02T11:34:06Z,,,,,,,,CALCULATED
2013-08-02T05:50:00Z,2013-08-02T11:44:06Z,,RANGE_WARN,,,,,,CALCULATED
2013-08-02T06:00:00Z,2013-08-02T11:54:06Z,,RANGE_WARN,,,,,,CALCULATED
2013-08-02T06:10:00Z,2013-08-02T12:04:06Z,,RANGE_WARN,,,,,,CALCULATED
2013-08-02T06:20:00Z,2013-08-02T12:14:06Z,,RANGE_WARN,,,,,,CALCULATED
2013-08-02T06:30:00Z,2013-08-02T12:24:06Z,,RANGE_WARN,,,,,,CALCULATED
2013-08-02T06:40:00Z,2013-08-02T12:34:06Z,,RANGE_WARN,,,,,,CALCULATED
2013-08-02T06:50:00Z,2013-08-02T12:44:06Z,,RANGE_WARN,,,,,,CALCULATED
2013-08-02T07:00:00Z,2013-08-02T12:54:06Z,,RANGE_WARN,,,,,,CALCULATED
2013-08-02T07:10:00Z,2013-08-02T13:04:06Z,,,,,,,,CALCULATED
2013-08-02T07:20:00Z,2013-08-02T13:14:06Z,,RANGE_WARN,,,,,,CALCULATED
2013-08-02T07:30:00Z,2013-08-02T13:24:06Z,,RANGE_WARN,,,,,,CALCULATED
2013-08-02T07:40:00Z,2013-08-02T13:34:06Z,,RANGE_WARN,,,,,,CALCULATED
2013-08-02T07:50:00Z,2013-08-02T13:44:06Z,,RANGE_WARN,,,,,,CALCULATED
2013-08-02T08:00:00Z,2013-08-02T13:54:06Z,,RANGE_WARN,,,,,,CALCULATED
2013-08-02T08:10:00Z,2013-08-02T14:04:06Z,,RANGE_WARN,,,,,,CALCULATED
2013-08-02T08:20:00Z,2013-08-02T14:14:06Z,,RANGE_WARN,,,,,,CALCULATED
2013-08-02T08:30:00Z,2013-08-02T14:24:06Z,,RANGE_WARN,,,,,,CALCULATED
2013-08-02T08:40:00Z,2013-08-02T14:34:06Z,,RANGE_WARN,,,,,,CALCULATED
2013-08-02T08:50:00Z,2013-08-02T14:44:06Z,,RANGE_WARN,,,,,,CALCULATED
2013-08-02T09:00:00Z,2013-08-02T14:54:06Z,,RANGE_WARN,,,,,,CALCULATED
2013-08-02T09:10:00Z,2013-08-02T15:04:06Z,,RANGE_WARN,,,,,,CALCULATED
2013-08-02T09:20:00Z,2013-08-02T15:14:06Z,,RANGE_WARN,,,,,,CALCULATED
2013-08-02T09:30:00Z,2013-08-02T15:24:06Z,,RANGE_WARN,,,,,,CALCULATED
2013-08-02T09:40:00Z,2013-08-02T15:34:06Z,,RANGE_WARN,,,,,,CALCULATED
2013-08-02T09:50:00Z,2013-08-02T15:44:06Z,,RANGE_WARN,,,,,,CALCULATED
2013-08-02T10:00:00Z,2013-08-02T15:54:06Z,,RANGE_WARN,,,,,,CALCULATED
2013-08-02T10:10:00Z,2013-08-02T16:04:06Z,,RANGE_WARN,,,,,,CALCULATED
2013-08-02T10:20:00Z,2013-08-02T16:14:06Z,,RANGE_WARN,,,,,,CALCULATED
2013-08-02T10:30:00Z,2013-08-02T16:24:06Z,,RANGE_WARN,,,,,,CALCULATED
2013-08-02T10:40:00Z,2013-08-02T16:34:06Z,,RANGE_WARN,,,,,,CALCULATED
2013-08-02T10:50:00Z,2013-08-02T16:44:06Z,,RANGE_WARN,,,,,,CALCULATED
2013-08-02T11:00:00Z,2013-08-02T16:54:06Z,,RANGE_WARN,,,,,,CALCULATED
2013-08-02T11:10:00Z,2013-08-02T17:04:06Z,,RANGE_WARN,,,,,,CALCULATED
2013-08-02T11:20:00Z,2013-08-02T17:14:06Z,,RANGE_WARN,,,,,,CALCULATED
2013-08-02T11:30:00Z,2013-08-02T17:24:06Z,,RANGE_WARN,,,,,,CALCULATED
2013-08-02T11:40:00Z,2013-08-02T17:34:06Z,,RANGE_WARN,,,,,,CALCULATED
2013-08-02T11:50:00Z,2013-08-02T17:44:06Z,,RANGE_WARN,,,,,,CALCULATED
2013-08-02T12:00:00Z,2013-08-02T17:54:06Z,,RANGE_WARN,,,,,,CALCULATED
2013-08-02T12:10:00Z,2013-08-02T18:04:06Z,,RANGE_WARN,,,,,,CALCULATED
2013-08-02T12:20:00Z,2013-08-02T18:14:06Z,,RANGE_WARN,,,,,,CALCULATED
2013-08-02T12:30:00Z,2013-08-02T18:24:06Z,,RANGE_WARN,,,,,,CALCULATED
2013-08-02T12:40:00Z,2013-08-02T18:34:06Z,,RANGE_WARN,,,,,,CALCULATED
2013-08-02T12:50:00Z,2013-08-02T18:44:06Z,,RANGE_WARN,,,,,,CALCULATED
2013-08-02T13:00:00Z,2013-08-02T18:54:06Z,,RANGE_WARN,,,,,,CALCULATED
2013-08-02T13:10:00Z,2013-08-02T19:04:06Z,,RANGE_WARN,,,,,,CALCULATED
2013-08-02T13:20:00Z,2013-08-02T19:14:06Z,,,,,,,,CALCULATED
2013-08-02T13:30:00Z,2013-08-02T19:24:06Z,,,,,,,,CALCULATED
2013-08-02T13:40:00Z,2013-08-02T19:34:06Z,,,,,,,,CALCULATED
2013-08-02T13:50:00Z,2013-08-02T19:44:06Z,,,,,,,,CALCULATED
2013-08-02T14:00:00Z,2013-08-02T19:54:06Z,,,,,,,,CALCULATED
2013-08-02T14:10:00Z,2013-08-02T20:04:06Z,,,,,,,,CALCULATED
2013-08-02T14:20:00Z,2013-08-02T20:14:06Z,,,,,,,,CALCULATED
2013-08-02T14:30:00Z,2013-08-02T20:24:06Z,,,,,,,,CALCULATED
2013-08-02T14:40:00Z,2013-08-02T20:34:06Z,,,,,,,,CALCULATED
2013-08-02T14:50:00Z,2013-08-02T20:44:06Z,,,,,,,,CALCULATED
2013-08-02T15:00:00Z,2013-08-02T20:54:06Z,,,,,,,,CALCULATED
2013-08-02T15:10:00Z,2013-08-02T21:04:06Z,,,,,,,,CALCULATED
2013-08-02T15:20:00Z,2013-08-02T21:14:06Z,,,,,,,,CALCULATED
2013-08-02T15:30:00Z,2013-08-02T21:24:06Z,,,,,,,,CALCULATED
2013-08-02T15:40:00Z,2013-08-02T21:34:06Z,,,,,,,,CALCULATED
2013-08-02T15:50:00Z,2013-08-02T21:44:06Z,,,,,,,,CALCULATED
2013-08-02T16:00:00Z,2013-08-02T21:54:06Z,,,,,,,,CALCULATED
2013-08-02T16:10:00Z,2013-08-02T22:04:06Z,,,,,,,,CALCULATED
2013-08-02T16:20:00Z,2013-08-02T22:14:06Z,,,,,,,,CALCULATED
2013-08-02T16:30:00Z,2013-08-02T22:24:06Z,,,,,,,,CALCULATED
2013-08-02T16:40:00Z,2013-08-02T22:34:06Z,,,,,,,,CALCULATED
2013-08-02T16:50:00Z,2013-08-02T22:44:06Z,,,,,,,,CALCULATED
2013-08-02T17:00:00Z,2013-08-02T22:54:06Z,,,,,,,,CALCULATED
2013-08-02T17:10:00Z,2013-08-02T23:04:06Z,,,,,,,,CALCULATED
2013-08-02T17:20:00Z,2013-08-02T23:14:06Z,,,,,,,,CALCULATED
2013-08-02T17:30:00Z,2013-08-02T23:24:06Z,,,,,,,,CALCULATED
2013-08-02T17:40:00Z,2013-08-02T23:34:06Z,,,,,,,,CALCULATED
2013-08-02T17:50:00Z,2013-08-02T23:44:06Z,,,,,,,,CALCULATED
2013-08-02T18:00:00Z,2013-08-02T23:54:06Z,,,,,,,,CALCULATED
2013-08-02T18:10:00Z,2013-08-03T00:04:12Z,,,,,,,,CALCULATED
2013-08-02T18:20:00Z,2013-08-03T00:14:12Z,,,,,,,,CALCULATED
2013-08-02T18:30:00Z,2013-08-03T00:24:12Z,,,,,,,,CALCULATED
2013-08-02T18:40:00Z,2013-08-03T00:34:12Z,,,,,,,,CALCULATED
2013-08-02T18:50:00Z,2013-08-03T00:44:12Z,,,,,,,,CALCULATED
2013-08-02T19:00:00Z,2013-08-03T00:54:12Z,,,,,,,,CALCULATED
2013-08-02T19:10:00Z,2013-08-03T01:04:12Z,,,,,,,,CALCULATED
2013-08-02T19:20:00Z,2013-08-03T01:14:12Z,,,,,,,,CALCULATED
2013-08-02T19:30:00Z,2013-08-03T01:24:12Z,,,,,,,,CALCULATED
2013-08-02T19:40:00Z,2013-08-03T01:34:12Z,,,,,,,,CALCULATED
2013-08-02T19:50:00Z,2013-08-03T01:44:12Z,,,,,,,,CALCULATED
2013-08-02T20:00:00Z,2013-08-03T01:54:12Z,,,,,,,,CALCULATED
2013-08-02T20:10:00Z,2013-08-03T02:04:12Z,,,,,,,,CALCULATED
2013-08-02T20:20:00Z,2013-08-03T02:14:12Z,,,,,,,,CALCULATED
2013-08-02T20:30:00Z,2013-08-03T02:24:12Z,,,,,,,,CALCULATED
2013-08-02T20:40:00Z,2013-08-03T02:34:12Z,,,,,,,,CALCULATED
2013-08-02T20:50:00Z,2013-08-03T02:44:12Z,,,,,,,,CALCULATED
2013-08-02T21:00:00Z,2013-08-03T02:54:12Z,,,,,,,,CALCULATED
2013-08-02T21:10:00Z,2013-08-03T03:04:12Z,,,,,,,,CALCULATED
2013-08-02T21:20:00Z,2013-08-03T03:14:12Z,,,,,,,,CALCULATED
2013-08-02T21:30:00Z,2013-08-03T03:24:12Z,,,,,,,,CALCULATED
2013-08-02T21:40:00Z,2013-08-03T03:34:12Z,,,,,,,,CALCULATED
2013-08-02T21:50:00Z,2013-08-03T03:44:12Z,,,,,,,,CALCULATED
2013-08-02T22:00:00Z,2013-08-03T03:54:12Z,,,,,,,,CALCULATED
2013-08-02T22:10:00Z,2013-08-03T04:04:12Z,,,,,,,,CALCULATED
2013-08-02T22:20:00Z,2013-08-03T04:14:12Z,,,,,,,,CALCULATED
2013-08-02T22:30:00Z,2013-08-03T04:24:12Z,,,,,,,,CALCULATED
2013-08-02T22:40:00Z,2013-08-03T04:34:12Z,,,,,,,,CALCULATED
2013-08-02T22:50:00Z,2013-08-03T04:44:12Z,,,,,,,,CALCULATED
2013-08-02T23:00:00Z,2013-08-03T04:54:12Z,,,,,,,,CALCULATED
2013-08-02T23:10:00Z,2013-08-03T05:04:12Z,,,,,,,,CALCULATED
2013-08-02T23:20:00Z,2013-08-03T05:14:12Z,,,,,,,,CALCULATED
2013-08-02T23:30:00Z,2013-08-03T05:24:12Z,,,,,,,,CALCULATED
2013-08-02T23:40:00Z,2013-08-03T05:34:12Z,,,,,,,,CALCULATED
2013-08-02T23:50:00Z,2013-08-03T05:44:12Z,,,,,,,,CALCULATED
2013-08-03T00:00:00Z,2013-08-03T05:54:12Z,,,,,,,,CALCULATED
2013-08-03T00:10:00Z,2013-08-03T06:04:12Z,,,,,,,,CALCULATED
2013-08-03T00:20:00Z,2013-08-03T06:14:12Z,,,,,,,,CALCULATED
2013-08-03T00:30:00Z,2013-08-03T06:24:12Z,,,,,,,,CALCULATED
2013-08-03T00:40:00Z,2013-08-03T06:34:12Z,,,,,,,,CALCULATED
2013-08-03T00:50:00Z,2013-08-03T06:44:12Z,,,,,,,,CALCULATED
2013-08-03T01:00:00Z,2013-08-03T06:54:12Z,,,,,,,,CALCULATED
2013-08-03T01:10:00Z,2013-08-03T07:04:12Z,,,,,,,,CALCULATED
2013-08-03T01:20:00Z,2013-08-03T07:14:12Z,,,,,,,,CALCULATED
2013-08-03T01:30:00Z,2013-08-03T07:24:12Z,,,,,,,,CALCULATED
2013-08-03T01:40:00Z,2013-08-03T07:34:12Z,,,,,,,,CALCULATED
2013-08-03T01:50:00Z,2013-08-03T07:44:12Z,,,,,,,,CALCULATED
2013-08-03T02:00:00Z,2013-08-03T07:54:12Z,,,,,,,,CALCULATED
2013-08-03T02:10:00Z,2013-08-03T08:04:12Z,,,,,,,,CALCULATED
2013-08-03T02:20:00Z,2013-08-03T08:14:12Z,,,,,,,,CALCULATED
2013-08-03T02:30:00Z,2013-08-03T08:24:12Z,,,,,,,,CALCULATED
2013-08-03T02:40:00Z,2013-08-03T08:34:12Z,,,,,,,,CALCULATED
2013-08-03T02:50:00Z,2013-08-03T08:44:12Z,,RANGE_WARN,,,,,,CALCULATED
2013-08-03T03:00:00Z,2013-08-03T08:54:12Z,,RANGE_WARN,,,,,,CALCULATED
2013-08-03T03:10:00Z,2013-08-03T09:04:12Z,,RANGE_WARN,,,,,,CALCULATED
2013-08-03T03:20:00Z,2013-08-03T09:14:12Z,,RANGE_WARN,,,,,,CALCULATED
2013-08-03T03:30:00Z,2013-08-03T09:24:12Z,,RANGE_WARN,,,,,,CALCULATED
2013-08-03T03:40:00Z,2013-08-03T09:34:12Z,,RANGE_WARN,,,,,,CALCULATED
2013-08-03T03:50:00Z,2013-08-03T09:44:12Z,,RANGE_WARN,,,,,,CALCULATED
2013-08-03T04:00:00Z,2013-08-03T09:54:12Z,,RANGE_WARN,,,,,,CALCULATED
2013-08-03T04:10:00Z,2013-08-03T10:04:12Z,,RANGE_WARN,,,,,,CALCULATED
2013-08-03T04:20:00Z,2013-08-03T10:14:12Z,,RANGE_WARN,,,,,,CALCULATED
2013-08-03T04:30:00Z,2013-08-03T10:24:12Z,,RANGE_WARN,,,,,,CALCULATED
2013-08-03T04:40:00Z,2013-08-03T10:34:12Z,,RANGE_WARN,,,,,,CALCULATED
2013-08-03T04:50:00Z,2013-08-03T10:44:12Z,,RANGE_WARN,,,,,,CALCULATED
2013-08-03T05:00:00Z,2013-08-03T10:54:12Z,,RANGE_WARN,,,,,,CALCULATED
2013-08-03T05:10:00Z,2013-08-03T11:04:12Z,,RANGE_WARN,,,,,,CALCULATED
2013-08-03T05:20:00Z,2013-08-03T11:14:12Z,,RANGE_WARN,,,,,,CALCULATED
2013-08-03T05:30:00Z,2013-08-03T11:24:12Z,,RANGE_WARN,,,,,,CALCULATED
2013-08-03T05:40:00Z,2013-08-03T11:34:12Z,,RANGE_WARN,,,,,,CALCULATED
2013-08-03T05:50:00Z,2013-08-03T11:44:12Z,,RANGE_WARN,,,,,,CALCULATED
2013-08-03T06:00:00Z,2013-08-03T11:54:12Z,,RANGE_WARN,,,,,,CALCULATED
2013-08-03T06:10:00Z,2013-08-03T12:04:12Z,,RANGE_WARN,,,,,,CALCULATED
2013-08-03T06:20:00Z,2013-08-03T12:14:12Z,,RANGE_WARN,,,,,,CALCULATED
2013-08-03T06:30:00Z,2013-08-03T12:24:12Z,,RANGE_WARN,,,,,,CALCULATED
2013-08-03T06:40:00Z,2013-08-03T12:34:12Z,,RANGE_WARN,,,,,,CALCULATED
2013-08-03T06:50:00Z,2013-08-03T12:44:12Z,,RANGE_WARN,,,,,,CALCULATED
2013-08-03T07:00:00Z,2013-08-03T12:54:12Z,,RANGE_WARN,,,,,,CALCULATED
2013-08-03T07:10:00Z,2013-08-03T13:04:12Z,,RANGE_WARN,,,,,,CALCULATED
2013-08-03T07:20:00Z,2013-08-03T13:14:12Z,,RANGE_WARN,,,,,,CALCULATED
2013-08-03T07:30:00Z,2013-08-03T13:24:12Z,,RANGE_WARN,,,,,,CALCULATED
2013-08-03T07:40:00Z,2013-08-03T13:34:12Z,,RANGE_WARN,,,,,,CALCULATED
2013-08-03T07:50:00Z,2013-08-03T13:44:12Z,,RANGE_WARN,,,,,,CALCULATED
2013-08-03T08:00:00Z,2013-08-03T13:54:12Z,,RANGE_WARN,,,,,,CALCULATED
2013-08-03T08:10:00Z,2013-08-03T14:04:12Z,,RANGE_WARN,,,,,,CALCULATED
2013-08-03T08:20:00Z,2013-08-03T14:14:12Z,,RANGE_WARN,,,,,,CALCULATED
2013-08-03T08:30:00Z,2013-08-03T14:24:12Z,,RANGE_WARN,,,,,,CALCULATED
2013-08-03T08:40:00Z,2013-08-03T14:34:12Z,,RANGE_WARN,,,,,,CALCULATED
2013-08-03T08:50:00Z,2013-08-03T14:44:12Z,,RANGE_WARN,,,,,,CALCULATED
2013-08-03T09:00:00Z,2013-08-03T14:54:12Z,,RANGE_WARN,,,,,,CALCULATED
2013-08-03T09:10:00Z,2013-08-03T15:04:12Z,,RANGE_WARN,,,,,,CALCULATED
2013-08-03T09:20:00Z,2013-08-03T15:14:12Z,,RANGE_WARN,,,,,,CALCULATED
2013-08-03T09:30:00Z,2013-08-03T15:24:12Z,,RANGE_WARN,,,,,,CALCULATED
2013-08-03T09:40:00Z,2013-08-03T15:34:12Z,,RANGE_WARN,,,,,,CALCULATED
2013-08-03T09:50:00Z,2013-08-03T15:44:12Z,,RANGE_WARN,,,,,,CALCULATED
2013-08-03T10:00:00Z,2013-08-03T15:54:12Z,,RANGE_WARN,,,,,,CALCULATED
2013-08-03T10:10:00Z,2013-08-03T16:04:12Z,,RANGE_WARN,,,,,,CALCULATED
2013-08-03T10:20:00Z,2013-08-03T16:14:12Z,,RANGE_WARN,,,,,,CALCULATED
2013-08-03T10:30:00Z,2013-08-03T16:24:12Z,,RANGE_WARN,,,,,,CALCULATED
2013-08-03T10:40:00Z,2013-08-03T16:34:12Z,,RANGE_WARN,,,,,,CALCULATED
2013-08-03T10:50:00Z,2013-08-03T16:44:12Z,,RANGE_WARN,,,,,,CALCULATED
2013-08-03T11:00:00Z,2013-08-03T16:54:12Z,,RANGE_WARN,,,,,,CALCULATED
2013-08-03T11:10:00Z,2013-08-03T17:04:12Z,,RANGE_WARN,,,,,,CALCULATED
2013-08-03T11:20:00Z,2013-08-03T17:14:12Z,,RANGE_WARN,,,,,,CALCULATED
2013-08-03T11:30:00Z,2013-08-03T17:24:12Z,,RANGE_WARN,,,,,,CALCULATED
2013-08-03T11:40:00Z,2013-08-03T17:34:12Z,,RANGE_WARN,,,,,,CALCULATED
2013-08-03T11:50:00Z,2013-08-03T17:44:12Z,,RANGE_WARN,,,,,,CALCULATED
2013-08-03T12:00:00Z,2013-08-03T17:54:12Z,,RANGE_WARN,,,,,,CALCULATED
2013-08-03T12:10:00Z,2013-08-03T18:04:12Z,,RANGE_WARN,,,,,,CALCULATED
2013-08-03T12:20:00Z,2013-08-03T18:14:12Z,,RANGE_WARN,,,,,,CALCULATED
2013-08-03T12:30:00Z,2013-08-03T18:24:12Z,,RANGE_WARN,,,,,,CALCULATED
2013-08-03T12:40:00Z,2013-08-03T18:34:12Z,,RANGE_WARN,,,,,,CALCULATED
2013-08-03T12:50:00Z,2013-08-03T18:44:12Z,,RANGE_WARN,,,,,,CALCULATED
2013-08-03T13:00:00Z,2013-08-03T18:54:12Z,,RANGE_WARN,,,,,,CALCULATED
2013-08-03T13:10:00Z,2013-08-03T19:04:12Z,,RANGE_WARN,,,,,,CALCULATED
2013-08-03T13:20:00Z,2013-08-03T19:14:12Z,,,,,,,,CALCULATED
2013-08-03T13:30:00Z,2013-08-03T19:24:12Z,,,,,,,,CALCULATED
2013-08-03T13:40:00Z,2013-08-03T19:34:12Z,,,,,,,,CALCULATED
2013-08-03T13:50:00Z,2013-08-03T19:44:12Z,,,,,,,,CALCULATED
2013-08-03T14:00:00Z,2013-08-03T19:54:12Z,,,,,,,,CALCULATED
2013-08-03T14:10:00Z,2013-08-03T20:04:12Z,,,,,,,,CALCULATED
2013-08-03T14:20:00Z,2013-08-03T20:14:12Z,,,,,,,,CALCULATED
2013-08-03T14:30:00Z,2013-08-03T20:24:12Z,,,,,,,,CALCULATED
2013-08-03T14:40:00Z,2013-08-03T20:34:12Z,,,,,,,,CALCULATED
2013-08-03T14:50:00Z,2013-08-03T20:44:12Z,,,,,,,,CALCULATED
2013-08-03T15:00:00Z,2013-08-03T20:54:12Z,,,,,,,,CALCULATED
2013-08-03T15:10:00Z,2013-08-03T21:04:12Z,,,,,,,,CALCULATED
2013-08-03T15:20:00Z,2013-08-03T21:14:12Z,,,,,,,,CALCULATED
2013-08-03T15:30:00Z,2013-08-03T21:24:12Z,,,,,,,,CALCULATED
2013-08-03T15:40:00Z,2013-08-03T21:34:12Z,,,,,,,,CALCULATED
2013-08-03T15:50:00Z,2013-08-03T21:44:12Z,,,,,,,,CALCULATED
2013-08-03T16:00:00Z,2013-08-03T21:54:12Z,,,,,,,,CALCULATED
2013-08-03T16:10:00Z,2013-08-03T22:04:12Z,,,,,,,,CALCULATED
2013-08-03T16:20:00Z,2013-08-03T22:14:12Z,,,,,,,,CALCULATED
2013-08-03T16:30:00Z,2013-08-03T22:24:12Z,,,,,,,,CALCULATED
2013-08-03T16:40:00Z,2013-08-03T22:34:12Z,,,,,,,,CALCULATED
2013-08-03T16:50:00Z,2013-08-03T22:44:12Z,,,,,,,,CALCULATED
2013-08-03T17:00:00Z,2013-08-03T22:54:12Z,,,,,,,,CALCULATED
2013-08-03T17:10:00Z,2013-08-03T23:04:12Z,,,,,,,,CALCULATED
2013-08-03T17:20:00Z,2013-08-03T23:14:12Z,,,,,,,,CALCULATED
2013-08-03T17:30:00Z,2013-08-03T23:24:12Z,,,,,,,,CALCULATED
2013-08-03T17:40:00Z,2013-08-03T23:34:12Z,,,,,,,,CALCULATED
2013-08-03T17:50:00Z,2013-08-03T23:44:12Z,,,,,,,,CALCULATED
2013-08-03T18:00:00Z,2013-08-03T23:54:12Z,,,,,,,,CALCULATED
2013-08-03T18:10:00Z,2013-08-04T00:04:19Z,,,,,,,,CALCULATED
2013-08-03T18:20:00Z,2013-08-04T00:14:19Z,,,,,,,,CALCULATED
2013-08-03T18:30:00Z,2013-08-04T00:24:19Z,,,,,,,,CALCULATED
2013-08-03T18:40:00Z,2013-08-04T00:34:19Z,,,,,,,,CALCULATED
2013-08-03T18:50:00Z,2013-08-04T00:44:19Z,,,,,,,,CALCULATED
2013-08-03T19:00:00Z,2013-08-04T00:54:19Z,,,,,,,,CALCULATED
2013-08-03T19:10:00Z,2013-08-04T01:04:19Z,,,,,,,,CALCULATED
2013-08-03T19:20:00Z,2013-08-04T01:14:19Z,,,,,,,,CALCULATED
2013-08-03T19:30:00Z,2013-08-04T01:24:19Z,,,,,,,,CALCULATED
2013-08-03T19:40:00Z,2013-08-04T01:34:19Z,,,,,,,,CALCULATED
2013-08-03T19:50:00Z,2013-08-04T01:44:19Z,,,,,,,,CALCULATED
2013-08-03T20:00:00Z,2013-08-04T01:54:19Z,,,,,,,,CALCULATED
2013-08-03T20:10:00Z,2013-08-04T02:04:19Z,,,,,,,,CALCULATED
2013-08-03T20:20:00Z,2013-08-04T02:14:19Z,,,,,,,,CALCULATED
2013-08-03T20:30:00Z,2013-08-04T02:24:19Z,,,,,,,,CALCULATED
2013-08-03T20:40:00Z,2013-08-04T02:34:19Z,,,,,,,,CALCULATED
2013-08-03T20:50:00Z,2013-08-04T02:44:19Z,,,,,,,,CALCULATED
2013-08-03T21:00:00Z,2013-08-04T02:54:19Z,,,,,,,,CALCULATED
2013-08-03T21:10:00Z,2013-08-04T03:04:19Z,,,,,,,,CALCULATED
2013-08-03T21:20:00Z,2013-08-04T03:14:19Z,,,,,,,,CALCULATED
2013-08-03T21:30:00Z,2013-08-04T03:24:19Z,,,,,,,,CALCULATED
2013-08-03T21:40:00Z,2013-08-04T03:34:19Z,,,,,,,,CALCULATED
2013-08-03T21:50:00Z,2013-08-04T03:44:19Z,,,,,,,,CALCULATED
2013-08-03T22:00:00Z,2013-08-04T03:54:19Z,,,,,,,,CALCULATED
2013-08-03T22:10:00Z,2013-08-04T04:04:19Z,,,,,,,,CALCULATED
2013-08-03T22:20:00Z,2013-08-04T04:14:19Z,,,,,,,,CALCULATED
2013-08-03T22:30:00Z,2013-08-04T04:24:19Z,,,,,,,,CALCULATED
2013-08-03T22:40:00Z,2013-08-04T04:34:19Z,,,,,,,,CALCULATED
2013-08-03T22:50:00Z,2013-08-04T04:44:19Z,,,,,,,,CALCULATED
2013-08-03T23:00:00Z,2013-08-04T04:54:19Z,,,,,,,,CALCULATED
2013-08-03T23:10:00Z,2013-08-04T05:04:19Z,,,,,,,,CALCULATED
2013-08-03T23:20:00Z,2013-08-04T05:14:19Z,,,,,,,,CALCULATED
2013-08-03T23:30:00Z,2013-08-04T05:24:19Z,,,,,,,,CALCULATED
2013-08-03T23:40:00Z,2013-08-04T05:34:19Z,,,,,,,,CALCULATED
2013-08-03T23:50:00Z,2013-08-04T05:44:19Z,,,,,,,,CALCULATED
2013-08-04T00:00:00Z,2013-08-04T05:54:19Z,,,,,,,,CALCULATED
2013-08-04T00:10:00Z,2013-08-04T06:04:19Z,,,,,,,,CALCULATED
2013-08-04T00:20:00Z,2013-08-04T06:14:19Z,,,,,,,,CALCULATED
2013-08-04T00:30:00Z,2013-08-04T06:24:19Z,,,,,,,,CALCULATED
2013-08-04T00:40:00Z,2013-08-04T06:34:19Z,,,,,,,,CALCULATED
2013-08-04T00:50:00Z,2013-08-04T06:44:19Z,,,,,,,,CALCULATED
2013-08-04T01:00:00Z,2013-08-04T06:54:19Z,,,,,,,,CALCULATED
2013-08-04T01:10:00Z,2013-08-04T07:04:19Z,,,,,,,,CALCULATED
2013-08-04T01:20:00Z,2013-08-04T07:14:19Z,,,,,,,,CALCULATED
2013-08-04T01:30:00Z,2013-08-04T07:24:19Z,,,,,,,,CALCULATED
2013-08-04T01:40:00Z,2013-08-04T07:34:19Z,,,,,,,,CALCULATED
2013-08-04T01:50:00Z,2013-08-04T07:44:19Z,,,,,,,,CALCULATED
2013-08-04T02:00:00Z,2013-08-04T07:54:19Z,,,,,,,,CALCULATED
2013-08-04T02:10:00Z,2013-08-04T08:04:19Z,,,,,,,,CALCULATED
2013-08-04T02:20:00Z,2013-08-04T08:14:19Z,,,,,,,,CALCULATED
2013-08-04T02:30:00Z,2013-08-04T08:24:19Z,,,,,,,,CALCULATED
2013-08-04T02:40:00Z,2013-08-04T08:34:19Z,,,,,,,,CALCULATED
2013-08-04T02:50:00Z,2013-08-04T08:44:19Z,,,,,,,,CALCULATED
2013-08-04T03:00:00Z,2013-08-04T08:54:19Z,,,,,,,,CALCULATED
2013-08-04T03:10:00Z,2013-08-04T09:04:19Z,,,,,,,,CALCULATED
2013-08-04T03:20:00Z,2013-08-04T09:14:19Z,,,,,,,,CALCULATED
2013-08-04T03:30:00Z,2013-08-04T09:24:19Z,,,,,,,,CALCULATED
2013-08-04T03:40:00Z,2013-08-04T09:34:19Z,,,,,,,,CALCULATED
2013-08-04T03:50:00Z,2013-08-04T09:44:19Z,,,,,,,,CALCULATED
2013-08-04T04:00:00Z,2013-08-04T09:54:19Z,,,,,,,,CALCULATED
2013-08-04T04:10:00Z,2013-08-04T10:04:19Z,,,,,,,,CALCULATED
2013-08-04T04:20:00Z,2013-08-04T10:14:19Z,,,,,,,,CALCULATED
2013-08-04T04:30:00Z,2013-08-04T10:24:19Z,,,,,,,,CALCULATED
2013-08-04T04:40:00Z,2013-08-04T10:34:19Z,,,,,,,,CALCULATED
2013-08-04T04:50:00Z,2013-08-04T10:44:19Z,,,,,,,,CALCULATED
2013-08-04T05:00:00Z,2013-08-04T10:54:19Z,,,,,,,,CALCULATED
2013-08-04T05:10:00Z,2013-08-04T11:04:19Z,,,,,,,,CALCULATED
2013-08-04T05:20:00Z,2013-08-04T11:14:19Z,,,,,,,,CALCULATED
2013-08-04T05:30:00Z,2013-08-04T11:24:19Z,,,,,,,,CALCULATED
2013-08-04T05:40:00Z,2013-08-04T11:34:19Z,,,,,,,,CALCULATED
2013-08-04T05:50:00Z,2013-08-04T11:44:19Z,,,,,,,,CALCULATED
2013-08-04T06:00:00Z,2013-08-04T11:54:19Z,,,,,,,,CALCULATED
2013-08-04T06:10:00Z,2013-08-04T12:04:19Z,,,,,,,,CALCULATED
2013-08-04T06:20:00Z,2013-08-04T12:14:19Z,,,,,,,,CALCULATED
2013-08-04T06:30:00Z,2013-08-04T12:24:19Z,,,,,,,,CALCULATED
2013-08-04T06:40:00Z,2013-08-04T12:34:19Z,,,,,,,,CALCULATED
2013-08-04T06:50:00Z,2013-08-04T12:44:19Z,,,,,,,,CALCULATED
2013-08-04T07:00:00Z,2013-08-04T12:54:19Z,,,,,,,,CALCULATED
2013-08-04T07:10:00Z,2013-08-04T13:04:19Z,,,,,,,,CALCULATED
2013-08-04T07:20:00Z,2013-08-04T13:14:19Z,,,,,,,,CALCULATED
2013-08-04T07:30:00Z,2013-08-04T13:24:19Z,,,,,,,,CALCULATED
2013-08-04T07:40:00Z,2013-08-04T13:34:19Z,,,,,,,,CALCULATED
2013-08-04T07:50:00Z,2013-08-04T13:44:19Z,,,,,,,,CALCULATED
2013-08-04T08:00:00Z,2013-08-04T13:54:19Z,,,,,,,,CALCULATED
2013-08-04T08:10:00Z,2013-08-04T14:04:19Z,,,,,,,,CALCULATED
2013-08-04T08:20:00Z,2013-08-04T14:14:19Z,,,,,,,,CALCULATED
2013-08-04T08:30:00Z,2013-08-04T14:24:19Z,,,,,,,,CALCULATED
2013-08-04T08:40:00Z,2013-08-04T14:34:19Z,,,,,,,,CALCULATED
2013-08-04T08:50:00Z,2013-08-04T14:44:19Z,,,,,,,,CALCULATED
2013-08-04T09:00:00Z,2013-08-04T14:54:19Z,,RANGE_WARN,,,,,,CALCULATED
2013-08-04T09:10:00Z,2013-08-04T15:04:19Z,,,,,,,,CALCULATED
2013-08-04T09:20:00Z,2013-08-04T15:14:19Z,,,,,,,,CALCULATED
2013-08-04T09:30:00Z,2013-08-04T15:24:19Z,,,,,,,,CALCULATED
2013-08-04T09:40:00Z,2013-08-04T15:34:19Z,,,,,,,,CALCULATED
2013-08-04T09:50:00Z,2013-08-04T15:44:19Z,,,,,,,,CALCULATED
2013-08-04T10:00:00Z,2013-08-04T15:54:19Z,,,,,,,,CALCULATED
2013-08-04T10:10:00Z,2013-08-04T16:04:19Z,,,,,,,,CALCULATED
2013-08-04T10:20:00Z,2013-08-04T16:14:19Z,,,,,,,,CALCULATED
2013-08-04T10:30:00Z,2013-08-04T16:24:19Z,,,,,,,,CALCULATED
2013-08-04T10:40:00Z,2013-08-04T16:34:19Z,,,,,,,,CALCULATED
2013-08-04T10:50:00Z,2013-08-04T16:44:19Z,,,,,,,,CALCULATED
2013-08-04T11:00:00Z,2013-08-04T16:54:19Z,,,,,,,,CALCULATED
2013-08-04T11:10:00Z,2013-08-04T17:04:19Z,,,,,,,,CALCULATED
2013-08-04T11:20:00Z,2013-08-04T17:14:19Z,,,,,,,,CALCULATED
2013-08-04T11:30:00Z,2013-08-04T17:24:19Z,,,,,,,,CALCULATED
2013-08-04T11:40:00Z,2013-08-04T17:34:19Z,,,,,,,,CALCULATED
2013-08-04T11:50:00Z,2013-08-04T17:44:19Z,,,,,,,,CALCULATED
2013-08-04T12:00:00Z,2013-08-04T17:54:19Z,,,,,,,,CALCULATED
2013-08-04T12:10:00Z,2013-08-04T18:04:19Z,,,,,,,,CALCULATED
2013-08-04T12:20:00Z,2013-08-04T18:14:19Z,,,,,,,,CALCULATED
2013-08-04T12:30:00Z,2013-08-04T18:24:19Z,,,,,,,,CALCULATED
2013-08-04T12:40:00Z,2013-08-04T18:34:19Z,,,,,,,,CALCULATED
2013-08-04T12:50:00Z,2013-08-04T18:44:19Z,,,,,,,,CALCULATED
2013-08-04T13:00:00Z,2013-08-04T18:54:19Z,,,,,,,,CALCULATED
2013-08-04T13:10:00Z,2013-08-04T19:04:19Z,,,,,,,,CALCULATED
2013-08-04T13:20:00Z,2013-08-04T19:14:19Z,,,,,,,,CALCULATED
2013-08-04T13:30:00Z,2013-08-04T19:24:19Z,,,,,,,,CALCULATED
2013-08-04T13:40:00Z,2013-08-04T19:34:19Z,,,,,,,,CALCULATED
2013-08-04T13:50:00Z,2013-08-04T19:44:19Z,,,,,,,,CALCULATED
2013-08-04T14:00:00Z,2013-08-04T19:54:19Z,,,,,,,,CALCULATED
2013-08-04T14:10:00Z,2013-08-04T20:04:19Z,,,,,,,,CALCULATED
2013-08-04T14:20:00Z,2013-08-04T20:14:19Z,,,,,,,,CALCULATED
2013-08-04T14:30:00Z,2013-08-04T20:24:19Z,,,,,,,,CALCULATED
2013-08-04T14:40:00Z,2013-08-04T20:34:19Z,,,,,,,,CALCULATED
2013-08-04T14:50:00Z,2013-08-04T20:44:19Z,,,,,,,,CALCULATED
2013-08-04T15:00:00Z,2013-08-04T20:54:19Z,,,,,,,,CALCULATED
2013-08-04T15:10:00Z,2013-08-04T21:04:19Z,,,,,,,,CALCULATED
2013-08-04T15:20:00Z,2013-08-04T21:14:19Z,,,,,,,,CALCULATED
2013-08-04T15:30:00Z,2013-08-04T21:24:19Z,,,,,,,,CALCULATED
2013-08-04T15:40:00Z,2013-08-04T21:34:19Z,,,,,,,,CALCULATED
2013-08-04T15:50:00Z,2013-08-04T21:44:19Z,,,,,,,,CALCULATED
2013-08-04T16:00:00Z,2013-08-04T21:54:19Z,,,,,,,,CALCULATED
2013-08-04T16:10:00Z,2013-08-04T22:04:19Z,,,,,,,,CALCULATED
2013-08-04T16:20:00Z,2013-08-04T22:14:19Z,,,,,,,,CALCULATED
2013-08-04T16:30:00Z,2013-08-04T22:24:19Z,,,,,,,,CALCULATED
2013-08-04T16:40:00Z,2013-08-04T22:34:19Z,,,,,,,,CALCULATED
2013-08-04T16:50:00Z,2013-08-04T22:44:19Z,,,,,,,,CALCULATED
2013-08-04T17:00:00Z,2013-08-04T22:54:19Z,,,,,,,,CALCULATED
2013-08-04T17:10:00Z,2013-08-04T23:04:19Z,,,,,,,,CALCULATED
2013-08-04T17:20:00Z,2013-08-04T23:14:19Z,,,,,,,,CALCULATED
2013-08-04T17:30:00Z,2013-08-04T23:24:19Z,,,,,,,,CALCULATED
2013-08-04T17:40:00Z,2013-08-04T23:34:19Z,,,,,,,,CALCULATED
2013-08-04T17:50:00Z,2013-08-04T23:44:19Z,,,,,,,,CALCULATED
2013-08-04T18:00:00Z,2013-08-04T23:54:19Z,,,,,,,,CALCULATED
2013-08-04T18:10:00Z,2013-08-05T00:04:26Z,,,,,,,,CALCULATED
2013-08-04T18:20:00Z,2013-08-05T00:14:26Z,,,,,,,,CALCULATED
2013-08-04T18:30:00Z,2013-08-05T00:24:26Z,,,,,,,,CALCULATED
2013-08-04T18:40:00Z,2013-08-05T00:34:26Z,,,,,,,,CALCULATED
2013-08-04T18:50:00Z,2013-08-05T00:44:26Z,,,,,,,,CALCULATED
2013-08-04T19:00:00Z,2013-08-05T00:54:26Z,,,,,,,,CALCULATED
2013-08-04T19:10:00Z,2013-08-05T01:04:26Z,,,,,,,,CALCULATED
2013-08-04T19:20:00Z,2013-08-05T01:14:26Z,,,,,,,,CALCULATED
2013-08-04T19:30:00Z,2013-08-05T01:24:26Z,,,,,,,,CALCULATED
2013-08-04T19:40:00Z,2013-08-05T01:34:26Z,,,,,,,,CALCULATED
2013-08-04T19:50:00Z,2013-08-05T01:44:26Z,,,,,,,,CALCULATED
2013-08-04T20:00:00Z,2013-08-05T01:54:26Z,,,,,,,,CALCULATED
2013-08-04T20:10:00Z,2013-08-05T02:04:26Z,,,,,,,,CALCULATED
2013-08-04T20:20:00Z,2013-08-05T02:14:26Z,,,,,,,,CALCULATED
2013-08-04T20:30:00Z,2013-08-05T02:24:26Z,,,,,,,,CALCULATED
2013-08-04T20:40:00Z,2013-08-05T02:34:26Z,,,,,,,,CALCULATED
2013-08-04T20:50:00Z,2013-08-05T02:44:26Z,,,,,,,,CALCULATED
2013-08-04T21:00:00Z,2013-08-05T02:54:26Z,,,,,,,,CALCULATED
2013-08-04T21:10:00Z,2013-08-05T03:04:26Z,,,,,,,,CALCULATED
2013-08-04T21:20:00Z,2013-08-05T03:14:26Z,,,,,,,,CALCULATED
2013-08-04T21:30:00Z,2013-08-05T03:24:26Z,,,,,,,,CALCULATED
2013-08-04T21:40:00Z,2013-08-05T03:34:26Z,,,,,,,,CALCULATED
2013-08-04T21:50:00Z,2013-08-05T03:44:26Z,,,,,,,,CALCULATED
2013-08-04T22:00:00Z,2013-08-05T03:54:26Z,,,,,,,,CALCULATED
2013-08-04T22:10:00Z,2013-08-05T04:04:26Z,,,,,,,,CALCULATED
2013-08-04T22:20:00Z,2013-08-05T04:14:26Z,,,,,,,,CALCULATED
2013-08-04T22:30:00Z,2013-08-05T04:24:26Z,,,,,,,,CALCULATED
2013-08-04T22:40:00Z,2013-08-05T04:34:26Z,,,,,,,,CALCULATED
2013-08-04T22:50:00Z,2013-08-05T04:44:26Z,,,,,,,,CALCULATED
2013-08-04T23:00:00Z,2013-08-05T04:54:26Z,,,,,,,,CALCULATED
2013-08-04T23:10:00Z,2013-08-05T05:04:26Z,,,,,,,,CALCULATED
2013-08-04T23:20:00Z,2013-08-05T05:14:26Z,,,,,,,,CALCULATED
2013-08-04T23:30:00Z,2013-08-05T05:24:26Z,,,,,,,,CALCULATED
2013-08-04T23:40:00Z,2013-08-05T05:34:26Z,,,,,,,,CALCULATED
2013-08-04T23:50:00Z,2013-08-05T05:44:26Z,,,,,,,,CALCULATED
2013-08-05T00:00:00Z,2013-08-05T05:54:26Z,,,,,,,,CALCULATED
2013-08-05T00:10:00Z,2013-08-05T06:04:26Z,,,,,,,,CALCULATED
2013-08-05T00:20:00Z,2013-08-05T06:14:26Z,,,,,,,,CALCULATED
2013-08-05T00:30:00Z,2013-08-05T06:24:26Z,,,,,,,,CALCULATED
2013-08-05T00:40:00Z,2013-08-05T06:34:26Z,,,,,,,,CALCULATED
2013-08-05T00:50:00Z,2013-08-05T06:44:26Z,,,,,,,,CALCULATED
2013-08-05T01:00:00Z,2013-08-05T06:54:26Z,,,,,,,,CALCULATED
2013-08-05T01:10:00Z,2013-08-05T07:04:26Z,,,,,,,,CALCULATED
2013-08-05T01:20:00Z,2013-08-05T07:14:26Z,,,,,,,,CALCULATED
2013-08-05T01:30:00Z,2013-08-05T07:24:26Z,,,,,,,,CALCULATED
2013-08-05T01:40:00Z,2013-08-05T07:34:26Z,,,,,,,,CALCULATED
2013-08-05T01:50:00Z,2013-08-05T07:44:26Z,,,,,,,,CALCULATED
2013-08-05T02:00:00Z,2013-08-05T07:54:26Z,,,,,,,,CALCULATED
2013-08-05T02:10:00Z,2013-08-05T08:04:26Z,,,,,,,,CALCULATED
2013-08-05T02:20:00Z,2013-08-05T08:14:26Z,,,,,,,,CALCULATED
2013-08-05T02:30:00Z,2013-08-05T08:24:26Z,,,,,,,,CALCULATED
2013-08-05T02:40:00Z,2013-08-05T08:34:26Z,,,,,,,,CALCULATED
2013-08-05T02:50:00Z,2013-08-05T08:44:26Z,,,,,,,,CALCULATED
2013-08-05T03:00:00Z,2013-08-05T08:54:26Z,,,,,,,,CALCULATED
2013-08-05T03:10:00Z,2013-08-05T09:04:26Z,,,,,,,,CALCULATED
2013-08-05T03:20:00Z,2013-08-05T09:14:26Z,,,,,,,,CALCULATED
2013-08-05T03:30:00Z,2013-08-05T09:24:26Z,,,,,,,,CALCULATED
2013-08-05T03:40:00Z,2013-08-05T09:34:26Z,,,,,,,,CALCULATED
2013-08-05T03:50:00Z,2013-08-05T09:44:26Z,,,,,,,,CALCULATED
2013-08-05T04:00:00Z,2013-08-05T09:54:26Z,,,,,,,,CALCULATED
2013-08-05T04:10:00Z,2013-08-05T10:04:26Z,,,,,,,,CALCULATED
2013-08-05T04:20:00Z,2013-08-05T10:14:26Z,,,,,,,,CALCULATED
2013-08-05T04:30:00Z,2013-08-05T10:24:26Z,,,,,,,,CALCULATED
2013-08-05T04:40:00Z,2013-08-05T10:34:26Z,,,,,,,,CALCULATED
2013-08-05T04:50:00Z,2013-08-05T10:44:26Z,,,,,,,,CALCULATED
2013-08-05T05:00:00Z,2013-08-05T10:54:26Z,,,,,,,,CALCULATED
2013-08-05T05:10:00Z,2013-08-05T11:04:26Z,,,,,,,,CALCULATED
2013-08-05T05:20:00Z,2013-08-05T11:14:26Z,,,,,,,,CALCULATED
2013-08-05T05:30:00Z,2013-08-05T11:24:26Z,,,,,,,,CALCULATED
2013-08-05T05:40:00Z,2013-08-05T11:34:26Z,,,,,,,,CALCULATED
2013-08-05T05:50:00Z,2013-08-05T11:44:26Z,,,,,,,,CALCULATED
2013-08-05T06:00:00Z,2013-08-05T11:54:26Z,,,,,,,,CALCULATED
2013-08-05T06:10:00Z,2013-08-05T12:04:26Z,,,,,,,,CALCULATED
2013-08-05T06:20:00Z,2013-08-05T12:14:26Z,,,,,,,,CALCULATED
2013-08-05T06:30:00Z,2013-08-05T12:24:26Z,,,,,,,,CALCULATED
2013-08-05T06:40:00Z,2013-08-05T12:34:26Z,,,,,,,,CALCULATED
2013-08-05T06:50:00Z,2013-08-05T12:44:26Z,,,,,,,,CALCULATED
2013-08-05T07:00:00Z,2013-08-05T12:54:26Z,,,,,,,,CALCULATED
2013-08-05T07:10:00Z,2013-08-05T13:04:26Z,,,,,,,,CALCULATED
2013-08-05T07:20:00Z,2013-08-05T13:14:26Z,,,,,,,,CALCULATED
2013-08-05T07:30:00Z,2013-08-05T13:24:26Z,,,,,,,,CALCULATED
2013-08-05T07:40:00Z,2013-08-05T13:34:26Z,,,,,,,,CALCULATED
2013-08-05T07:50:00Z,2013-08-05T13:44:26Z,,,,,,,,CALCULATED
2013-08-05T08:00:00Z,2013-08-05T13:54:26Z,,,,,,,,CALCULATED
2013-08-05T08:10:00Z,2013-08-05T14:04:26Z,,,,,,,,CALCULATED
2013-08-05T08:20:00Z,2013-08-05T14:14:26Z,,,,,,,,CALCULATED
2013-08-05T08:30:00Z,2013-08-05T14:24:26Z,,,,,,,,CALCULATED
2013-08-05T08:40:00Z,2013-08-05T14:34:26Z,,,,,,,,CALCULATED
2013-08-05T08:50:00Z,2013-08-05T14:44:26Z,,,,,,,,CALCULATED
2013-08-05T09:00:00Z,2013-08-05T14:54:26Z,,,,,,,,CALCULATED
2013-08-05T09:10:00Z,2013-08-05T15:04:26Z,,,,,,,,CALCULATED
2013-08-05T09:20:00Z,2013-08-05T15:14:26Z,,,,,,,,CALCULATED
2013-08-05T09:30:00Z,2013-08-05T15:24:26Z,,,,,,,,CALCULATED
2013-08-05T09:40:00Z,2013-08-05T15:34:26Z,,,,,,,,CALCULATED
2013-08-05T09:50:00Z,2013-08-05T15:44:26Z,,,,,,,,CALCULATED
2013-08-05T10:00:00Z,2013-08-05T15:54:26Z,,,,,,,,CALCULATED
2013-08-05T10:10:00Z,2013-08-05T16:04:26Z,,,,,,,,CALCULATED
2013-08-05T10:20:00Z,2013-08-05T16:14:26Z,,,,,,,,CALCULATED
2013-08-05T10:30:00Z,2013-08-05T16:24:26Z,,,,,,,,CALCULATED
2013-08-05T10:40:00Z,2013-08-05T16:34:26Z,,,,,,,,CALCULATED
2013-08-05T10:50:00Z,2013-08-05T16:44:26Z,,,,,,,,CALCULATED
2013-08-05T11:00:00Z,2013-08-05T16:54:26Z,,,,,,,,CALCULATED
2013-08-05T11:10:00Z,2013-08-05T17:04:26Z,,,,,,,,CALCULATED
2013-08-05T11:20:00Z,2013-08-05T17:14:26Z,,,,,,,,CALCULATED
2013-08-05T11:30:00Z,2013-08-05T17:24:26Z,,,,,,,,CALCULATED
2013-08-05T11:40:00Z,2013-08-05T17:34:26Z,,,,,,,,CALCULATED
2013-08-05T11:50:00Z,2013-08-05T17:44:26Z,,,,,,,,CALCULATED
2013-08-05T12:00:00Z,2013-08-05T17:54:26Z,,,,,,,,CALCULATED
2013-08-05T12:10:00Z,2013-08-05T18:04:26Z,,,,,,,,CALCULATED
2013-08-05T12:20:00Z,2013-08-05T18:14:26Z,,,,,,,,CALCULATED
2013-08-05T12:30:00Z,2013-08-05T18:24:26Z,,,,,,OUT_WARN,,CALCULATED
2013-08-05T12:40:00Z,2013-08-05T18:34:26Z,,,,,,OUT_WARN,,CALCULATED
2013-08-05T12:50:00Z,2013-08-05T18:44:26Z,,,,,,OUT_WARN,,CALCULATED
2013-08-05T13:00:00Z,2013-08-05T18:54:26Z,,,,,,,,CALCULATED
2013-08-05T13:10:00Z,2013-08-05T19:04:26Z,,,,,,OUT_WARN,,CALCULATED
2013-08-05T13:20:00Z,2013-08-05T19:14:26Z,,,,,,OUT_WARN,,CALCULATED
2013-08-05T13:30:00Z,2013-08-05T19:24:26Z,,,,,,,,CALCULATED
2013-08-05T13:40:00Z,2013-08-05T19:34:26Z,,,,,,,,CALCULATED
2013-08-05T13:50:00Z,2013-08-05T19:44:26Z,,,,,,,,CALCULATED
2013-08-05T14:00:00Z,2013-08-05T19:54:26Z,,,,,,,,CALCULATED
2013-08-05T14:10:00Z,2013-08-05T20:04:26Z,,,,,,,,CALCULATED
2013-08-05T14:20:00Z,2013-08-05T20:14:26Z,,,,,,,,CALCULATED
2013-08-05T14:30:00Z,2013-08-05T20:24:26Z,,,,,,,,CALCULATED
2013-08-05T14:40:00Z,2013-08-05T20:34:26Z,,,,,,,,CALCULATED
2013-08-05T14:50:00Z,2013-08-05T20:44:26Z,,,,,,,,CALCULATED
2013-08-05T15:00:00Z,2013-08-05T20:54:26Z,,,,,,,,CALCULATED
2013-08-05T15:10:00Z,2013-08-05T21:04:26Z,,,,,,,,CALCULATED
2013-08-05T15:20:00Z,2013-08-05T21:14:26Z,,,,,,,,CALCULATED
2013-08-05T15:30:00Z,2013-08-05T21:24:26Z,,,,,,,,CALCULATED
2013-08-05T15:40:00Z,2013-08-05T21:34:26Z,,,,,,,,CALCULATED
2013-08-05T15:50:00Z,2013-08-05T21:44:26Z,,,,,,,,CALCULATED
2013-08-05T16:00:00Z,2013-08-05T21:54:26Z,,,,,,,,CALCULATED
2013-08-05T16:10:00Z,2013-08-05T22:04:26Z,,,,,,,,CALCULATED
2013-08-05T16:20:00Z,2013-08-05T22:14:26Z,,,,,,,,CALCULATED
2013-08-05T16:30:00Z,2013-08-05T22:24:26Z,,,,,,,,CALCULATED
2013-08-05T16:40:00Z,2013-08-05T22:34:26Z,,,,,,,,CALCULATED
2013-08-05T16:50:00Z,2013-08-05T22:44:26Z,,,,,,,,CALCULATED
2013-08-05T17:00:00Z,2013-08-05T22:54:26Z,,,,,,,,CALCULATED
2013-08-05T17:10:00Z,2013-08-05T23:04:26Z,,,,,,,,CALCULATED
2013-08-05T17:20:00Z,2013-08-05T23:14:26Z,,,,,,,,CALCULATED
2013-08-05T17:30:00Z,2013-08-05T23:24:26Z,,,,,,,,CALCULATED
2013-08-05T17:40:00Z,2013-08-05T23:34:26Z,,,,,,,,CALCULATED
2013-08-05T17:50:00Z,2013-08-05T23:44:26Z,,,,,,,,CALCULATED
2013-08-05T18:00:00Z,2013-08-05T23:54:26Z,,,,,,,,CALCULATED
2013-08-05T18:10:00Z,2013-08-06T00:04:34Z,,,,,,,,CALCULATED
2013-08-05T18:20:00Z,2013-08-06T00:14:34Z,,,,,,,,CALCULATED
2013-08-05T18:30:00Z,2013-08-06T00:24:34Z,,,,,,,,CALCULATED
2013-08-05T18:40:00Z,2013-08-06T00:34:34Z,,,,,,,,CALCULATED
2013-08-05T18:50:00Z,2013-08-06T00:44:34Z,,,,,,,,CALCULATED
2013-08-05T19:00:00Z,2013-08-06T00:54:34Z,,,,,,OUT_WARN,,CALCULATED
2013-08-05T19:10:00Z,2013-08-06T01:04:34Z,,,,,,,,CALCULATED
2013-08-05T19:20:00Z,2013-08-06T01:14:34Z,,,,,,OUT_WARN,,CALCULATED
2013-08-05T19:30:00Z,2013-08-06T01:24:34Z,,,,,,OUT_WARN,,CALCULATED
2013-08-05T19:40:00Z,2013-08-06T01:34:34Z,,,,,,,,CALCULATED
2013-08-05T19:50:00Z,2013-08-06T01:44:34Z,,,,,,OUT_WARN,,CALCULATED
2013-08-05T20:00:00Z,2013-08-06T01:54:34Z,,,,,,OUT_WARN,,CALCULATED
2013-08-05T20:10:00Z,2013-08-06T02:04:34Z,,,,,,OUT_WARN,,CALCULATED
2013-08-05T20:20:00Z,2013-08-06T02:14:34Z,,,,,,,,CALCULATED
2013-08-05T20:30:00Z,2013-08-06T02:24:34Z,,,,,,,,CALCULATED
2013-08-05T20:40:00Z,2013-08-06T02:34:34Z,,,,,,,,CALCULATED
2013-08-05T20:50:00Z,2013-08-06T02:44:34Z,,,,,,,,CALCULATED
2013-08-05T21:00:00Z,2013-08-06T02:54:34Z,,,,,,,,CALCULATED
2013-08-05T21:10:00Z,2013-08-06T03:04:34Z,,,,,,,,CALCULATED
2013-08-05T21:20:00Z,2013-08-06T03:14:34Z,,,,,,,,CALCULATED
2013-08-05T21:30:00Z,2013-08-06T03:24:34Z,,,,,,,,CALCULATED
2013-08-05T21:40:00Z,2013-08-06T03:34:34Z,,,,,,OUT_WARN,,CALCULATED
2013-08-05T21:50:00Z,2013-08-06T03:44:34Z,,,,,,,,CALCULATED
2013-08-05T22:00:00Z,2013-08-06T03:54:34Z,,,,,,,,CALCULATED
2013-08-05T22:10:00Z,2013-08-06T04:04:34Z,,,,,,,,CALCULATED
2013-08-05T22:20:00Z,2013-08-06T04:14:34Z,,,,,,,,CALCULATED
2013-08-05T22:30:00Z,2013-08-06T04:24:34Z,,,,,,,,CALCULATED
2013-08-05T22:40:00Z,2013-08-06T04:34:34Z,,,,,,,,CALCULATED
2013-08-05T22:50:00Z,2013-08-06T04:44:34Z,,,,,,,,CALCULATED
2013-08-05T23:00:00Z,2013-08-06T04:54:34Z,,,,,,,,CALCULATED
2013-08-05T23:10:00Z,2013-08-06T05:04:34Z,,,,,,,,CALCULATED
2013-08-05T23:20:00Z,2013-08-06T05:14:34Z,,,,,,,,CALCULATED
2013-08-05T23:30:00Z,2013-08-06T05:24:34Z,,,,,,,,CALCULATED
2013-08-05T23:40:00Z,2013-08-06T05:34:34Z,,,,,,,,CALCULATED
2013-08-05T23:50:00Z,2013-08-06T05:44:34Z,,,,,,,,CALCULATED
2013-08-06T00:00:00Z,2013-08-06T05:54:34Z,,,,,,,,CALCULATED
2013-08-06T00:10:00Z,2013-08-06T06:04:34Z,,,,,,,,CALCULATED
2013-08-06T00:20:00Z,2013-08-06T06:14:34Z,,,,,,,,CALCULATED
2013-08-06T00:30:00Z,2013-08-06T06:24:34Z,,,,,,,,CALCULATED
2013-08-06T00:40:00Z,2013-08-06T06:34:34Z,,,,,,,,CALCULATED
2013-08-06T00:50:00Z,2013-08-06T06:44:34Z,,,,,,,,CALCULATED
2013-08-06T01:00:00Z,2013-08-06T06:54:34Z,,,,,,,,CALCULATED
2013-08-06T01:10:00Z,2013-08-06T07:04:34Z,,,,,,,,CALCULATED
2013-08-06T01:20:00Z,2013-08-06T07:14:34Z,,,,,,,,CALCULATED
2013-08-06T01:30:00Z,2013-08-06T07:24:34Z,,,,,,,,CALCULATED
2013-08-06T01:40:00Z,2013-08-06T07:34:34Z,,,,,,,,CALCULATED
2013-08-06T01:50:00Z,2013-08-06T07:44:34Z,,,,,,,,CALCULATED
2013-08-06T02:00:00Z,2013-08-06T07:54:34Z,,,,,,,,CALCULATED
2013-08-06T02:10:00Z,2013-08-06T08:04:34Z,,,,,,,,CALCULATED
2013-08-06T02:20:00Z,2013-08-06T08:14:34Z,,,,,,,,CALCULATED
2013-08-06T02:30:00Z,2013-08-06T08:24:34Z,,,,,,,,CALCULATED
2013-08-06T02:40:00Z,2013-08-06T08:34:34Z,,,,,,,,CALCULATED
2013-08-06T02:50:00Z,2013-08-06T08:44:34Z,,,,,,,,CALCULATED
2013-08-06T03:00:00Z,2013-08-06T08:54:34Z,,,,,,,,CALCULATED
2013-08-06T03:10:00Z,2013-08-06T09:04:34Z,,,,,,,,CALCULATED
2013-08-06T03:20:00Z,2013-08-06T09:14:34Z,,,,,,,,CALCULATED
2013-08-06T03:30:00Z,2013-08-06T09:24:34Z,,,,,,,,CALCULATED
2013-08-06T03:40:00Z,2013-08-06T09:34:34Z,,,,,,,,CALCULATED
2013-08-06T03:50:00Z,2013-08-06T09:44:34Z,,,,,,,,CALCULATED
2013-08-06T04:00:00Z,2013-08-06T09:54:34Z,,,,,,,,CALCULATED
2013-08-06T04:10:00Z,2013-08-06T10:04:34Z,,,,,,,,CALCULATED
2013-08-06T04:20:00Z,2013-08-06T10:14:34Z,,,,,,,,CALCULATED
2013-08-06T04:30:00Z,2013-08-06T10:24:34Z,,,,,,,,CALCULATED
2013-08-06T04:40:00Z,2013-08-06T10:34:34Z,,,,,,,,CALCULATED
2013-08-06T04:50:00Z,2013-08-06T10:44:34Z,,,,,,,,CALCULATED
2013-08-06T05:00:00Z,2013-08-06T10:54:34Z,,,,,,,,CALCULATED
2013-08-06T05:10:00Z,2013-08-06T11:04:34Z,,,,,,,,CALCULATED
2013-08-06T05:20:00Z,2013-08-06T11:14:34Z,,,,,,,,CALCULATED
2013-08-06T05:30:00Z,2013-08-06T11:24:34Z,,,,,,,,CALCULATED
2013-08-06T05:40:00Z,2013-08-06T11:34:34Z,,,,,,,,CALCULATED
2013-08-06T05:50:00Z,2013-08-06T11:44:34Z,,,,,,,,CALCULATED
2013-08-06T06:00:00Z,2013-08-06T11:54:34Z,,,,,,,,CALCULATED
2013-08-06T06:10:00Z,2013-08-06T12:04:34Z,,,,,,,,CALCULATED
2013-08-06T06:20:00Z,2013-08-06T12:14:34Z,,,,,,,,CALCULATED
2013-08-06T06:30:00Z,2013-08-06T12:24:34Z,,,,,,,,CALCULATED
2013-08-06T06:40:00Z,2013-08-06T12:34:34Z,,,,,,,,CALCULATED
2013-08-06T06:50:00Z,2013-08-06T12:44:34Z,,,,,,,,CALCULATED
2013-08-06T07:00:00Z,2013-08-06T12:54:34Z,,,,,,,,CALCULATED
2013-08-06T07:10:00Z,2013-08-06T13:04:34Z,,,,,,,,CALCULATED
2013-08-06T07:20:00Z,2013-08-06T13:14:34Z,,,,,,,,CALCULATED
2013-08-06T07:30:00Z,2013-08-06T13:24:34Z,,,,,,,,CALCULATED
2013-08-06T07:40:00Z,2013-08-06T13:34:34Z,,,,,,,,CALCULATED
2013-08-06T07:50:00Z,2013-08-06T13:44:34Z,,,,,,,,CALCULATED
2013-08-06T08:00:00Z,2013-08-06T13:54:34Z,,,,,,,,CALCULATED
2013-08-06T08:10:00Z,2013-08-06T14:04:34Z,,,,,,,,CALCULATED
2013-08-06T08:20:00Z,2013-08-06T14:14:34Z,,,,,,,,CALCULATED
2013-08-06T08:30:00Z,2013-08-06T14:24:34Z,,,,,,,,CALCULATED
2013-08-06T08:40:00Z,2013-08-06T14:34:34Z,,,,,,,,CALCULATED
2013-08-06T08:50:00Z,2013-08-06T14:44:34Z,,,,,,,,CALCULATED
2013-08-06T09:00:00Z,2013-08-06T14:54:34Z,,,,,,,,CALCULATED
2013-08-06T09:10:00Z,2013-08-06T15:04:34Z,,,,,,,,CALCULATED
2013-08-06T09:20:00Z,2013-08-06T15:14:34Z,,,,,,,,CALCULATED
2013-08-06T09:30:00Z,2013-08-06T15:24:34Z,,,,,,,,CALCULATED
2013-08-06T09:40:00Z,2013-08-06T15:34:34Z,,,,,,,,CALCULATED
2013-08-06T09:50:00Z,2013-08-06T15:44:34Z,,,,,,,,CALCULATED
2013-08-06T10:00:00Z,2013-08-06T15:54:34Z,,,,,,,,CALCULATED
2013-08-06T10:10:00Z,2013-08-06T16:04:34Z,,,,,,,,CALCULATED
2013-08-06T10:20:00Z,2013-08-06T16:14:34Z,,,,,,,,CALCULATED
2013-08-06T10:30:00Z,2013-08-06T16:24:34Z,,,,,,,,CALCULATED
2013-08-06T10:40:00Z,2013-08-06T16:34:34Z,,,,,,,,CALCULATED
2013-08-06T10:50:00Z,2013-08-06T16:44:34Z,,,,,,,,CALCULATED
2013-08-06T11:00:00Z,2013-08-06T16:54:34Z,,,,,,,,CALCULATED
2013-08-06T11:10:00Z,2013-08-06T17:04:34Z,,,,,,,,CALCULATED
2013-08-06T11:20:00Z,2013-08-06T17:14:34Z,,,,,,,,CALCULATED
2013-08-06T11:30:00Z,2013-08-06T17:24:34Z,,,,,,,,CALCULATED
2013-08-06T11:40:00Z,2013-08-06T17:34:34Z,,,,,,,,CALCULATED
2013-08-06T11:50:00Z,2013-08-06T17:44:34Z,,,,,,,,CALCULATED
2013-08-06T12:00:00Z,2013-08-06T17:54:34Z,,,,,,,,CALCULATED
2013-08-06T12:10:00Z,2013-08-06T18:04:34Z,,,,,,,,CALCULATED
2013-08-06T12:20:00Z,2013-08-06T18:14:34Z,,,,,,,,CALCULATED
2013-08-06T12:30:00Z,2013-08-06T18:24:34Z,,,,,,,,CALCULATED
2013-08-06T12:40:00Z,2013-08-06T18:34:34Z,,,,,,,,CALCULATED
2013-08-06T12:50:00Z,2013-08-06T18:44:34Z,,,,,,,,CALCULATED
2013-08-06T13:00:00Z,2013-08-06T18:54:34Z,,,,,,,,CALCULATED
2013-08-06T13:10:00Z,2013-08-06T19:04:34Z,,,,,,,,CALCULATED
2013-08-06T13:20:00Z,2013-08-06T19:14:34Z,,,,,,,,CALCULATED
2013-08-06T13:30:00Z,2013-08-06T19:24:34Z,,,,,,,,CALCULATED
2013-08-06T13:40:00Z,2013-08-06T19:34:34Z,,,,,,,,CALCULATED
2013-08-06T13:50:00Z,2013-08-06T19:44:34Z,,,,,,,,CALCULATED
2013-08-06T14:00:00Z,2013-08-06T19:54:34Z,,,,,,,,CALCULATED
2013-08-06T14:10:00Z,2013-08-06T20:04:34Z,,,,,,,,CALCULATED
2013-08-06T14:20:00Z,2013-08-06T20:14:34Z,,,,,,,,CALCULATED
2013-08-06T14:30:00Z,2013-08-06T20:24:34Z,,,,,,,,CALCULATED
2013-08-06T14:40:00Z,2013-08-06T20:34:34Z,,,,,,,,CALCULATED
2013-08-06T14:50:00Z,2013-08-06T20:44:34Z,,,,,,,,CALCULATED
2013-08-06T15:00:00Z,2013-08-06T20:54:34Z,,,,,,,,CALCULATED
2013-08-06T15:10:00Z,2013-08-06T21:04:34Z,,,,,,,,CALCULATED
2013-08-06T15:20:00Z,2013-08-06T21:14:34Z,,,,,,,,CALCULATED
2013-08-06T15:30:00Z,2013-08-06T21:24:34Z,,,,,,,,CALCULATED
2013-08-06T15:40:00Z,2013-08-06T21:34:34Z,,,,,,,,CALCULATED
2013-08-06T15:50:00Z,2013-08-06T21:44:34Z,,,,,,,,CALCULATED
2013-08-06T16:00:00Z,2013-08-06T21:54:34Z,,,,,,OUT_WARN,,CALCULATED
2013-08-06T16:10:00Z,2013-08-06T22:04:34Z,,,,,,OUT_WARN,,CALCULATED
2013-08-06T16:20:00Z,2013-08-06T22:14:34Z,,,,,,,,CALCULATED
2013-08-06T16:30:00Z,2013-08-06T22:24:34Z,,,,,,,,CALCULATED
2013-08-06T16:40:00Z,2013-08-06T22:34:34Z,,,,,,,,CALCULATED
2013-08-06T16:50:00Z,2013-08-06T22:44:34Z,,,,,,,,CALCULATED
2013-08-06T17:00:00Z,2013-08-06T22:54:34Z,,,,,,,,CALCULATED
2013-08-06T17:10:00Z,2013-08-06T23:04:34Z,,,,,,,,CALCULATED
2013-08-06T17:20:00Z,2013-08-06T23:14:34Z,,,,,,,,CALCULATED
2013-08-06T17:30:00Z,2013-08-06T23:24:34Z,,,,,,,,CALCULATED
2013-08-06T17:40:00Z,2013-08-06T23:34:34Z,,,,,,,,CALCULATED
2013-08-06T17:50:00Z,2013-08-06T23:44:34Z,,,,,,,,CALCULATED
2013-08-06T18:00:00Z,2013-08-06T23:54:34Z,,,,,,,,CALCULATED
2013-08-06T18:10:00Z,2013-08-07T00:04:43Z,,,,,,,,CALCULATED
2013-08-06T18:20:00Z,2013-08-07T00:14:43Z,,,,,,,,CALCULATED
2013-08-06T18:30:00Z,2013-08-07T00:24:43Z,,,,,,,,CALCULATED
2013-08-06T18:40:00Z,2013-08-07T00:34:43Z,,,,,,,,CALCULATED
2013-08-06T18:50:00Z,2013-08-07T00:44:43Z,,,,,,,,CALCULATED
2013-08-06T19:00:00Z,2013-08-07T00:54:43Z,,,,,,,,CALCULATED
2013-08-06T19:10:00Z,2013-08-07T01:04:43Z,,,,,,,,CALCULATED
2013-08-06T19:20:00Z,2013-08-07T01:14:43Z,,,,,,,,CALCULATED
2013-08-06T19:30:00Z,2013-08-07T01:24:43Z,,,,,,,,CALCULATED
2013-08-06T19:40:00Z,2013-08-07T01:34:43Z,,,,,,,,CALCULATED
2013-08-06T19:50:00Z,2013-08-07T01:44:43Z,,,,,,,,CALCULATED
2013-08-06T20:00:00Z,2013-08-07T01:54:43Z,,,,,,,,CALCULATED
2013-08-06T20:10:00Z,2013-08-07T02:04:43Z,,,,,,,,CALCULATED
2013-08-06T20:20:00Z,2013-08-07T02:14:43Z,,,,,,,,CALCULATED
2013-08-06T20:30:00Z,2013-08-07T02:24:43Z,,,,,,,,CALCULATED
2013-08-06T20:40:00Z,2013-08-07T02:34:43Z,,,,,,,,CALCULATED
2013-08-06T20:50:00Z,2013-08-07T02:44:43Z,,,,,,,,CALCULATED
2013-08-06T21:00:00Z,2013-08-07T02:54:43Z,,,,,,,,CALCULATED
2013-08-06T21:10:00Z,2013-08-07T03:04:43Z,,,,,,,,CALCULATED
2013-08-06T21:20:00Z,2013-08-07T03:14:43Z,,,,,,,,CALCULATED
2013-08-06T21:30:00Z,2013-08-07T03:24:43Z,,,,,,,,CALCULATED
2013-08-06T21:40:00Z,2013-08-07T03:34:43Z,,,,,,,,CALCULATED
2013-08-06T21:50:00Z,2013-08-07T03:44:43Z,,,,,,,,CALCULATED
2013-08-06T22:00:00Z,2013-08-07T03:54:43Z,,,,,,,,CALCULATED
2013-08-06T22:10:00Z,2013-08-07T04:04:43Z,,,,,,,,CALCULATED
2013-08-06T22:20:00Z,2013-08-07T04:14:43Z,,,,,,,,CALCULATED
2013-08-06T22:30:00Z,2013-08-07T04:24:43Z,,,,,,,,CALCULATED
2013-08-06T22:40:00Z,2013-08-07T04:34:43Z,,,,,,,,CALCULATED
2013-08-06T22:50:00Z,2013-08-07T04:44:43Z,,,,,,,,CALCULATED
2013-08-06T23:00:00Z,2013-08-07T04:54:43Z,,,,,,,,CALCULATED
2013-08-06T23:10:00Z,2013-08-07T05:04:43Z,,,,,,,,CALCULATED
2013-08-06T23:20:00Z,2013-08-07T05:14:43Z,,,,,,,,CALCULATED
2013-08-06T23:30:00Z,2013-08-07T05:24:43Z,,,,,,,,CALCULATED
2013-08-06T23:40:00Z,2013-08-07T05:34:43Z,,,,,,,,CALCULATED
2013-08-06T23:50:00Z,2013-08-07T05:44:43Z,,,,,,,,CALCULATED
2013-08-07T00:00:00Z,2013-08-07T05:54:43Z,,,,,,,,CALCULATED
2013-08-07T00:10:00Z,2013-08-07T06:04:43Z,,,,,,,,CALCULATED
2013-08-07T00:20:00Z,2013-08-07T06:14:43Z,,,,,,,,CALCULATED
2013-08-07T00:30:00Z,2013-08-07T06:24:43Z,,,,,,,,CALCULATED
2013-08-07T00:40:00Z,2013-08-07T06:34:43Z,,,,,,,,CALCULATED
2013-08-07T00:50:00Z,2013-08-07T06:44:43Z,,,,,,,,CALCULATED
2013-08-07T01:00:00Z,2013-08-07T06:54:43Z,,,,,,,,CALCULATED
2013-08-07T01:10:00Z,2013-08-07T07:04:43Z,,,,,,,,CALCULATED
2013-08-07T01:20:00Z,2013-08-07T07:14:43Z,,,,,,,,CALCULATED
2013-08-07T01:30:00Z,2013-08-07T07:24:43Z,,,,,,,,CALCULATED
2013-08-07T01:40:00Z,2013-08-07T07:34:43Z,,,,,,,,CALCULATED
2013-08-07T01:50:00Z,2013-08-07T07:44:43Z,,,,,,,,CALCULATED
2013-08-07T02:00:00Z,2013-08-07T07:54:43Z,,,,,,,,CALCULATED
2013-08-07T02:10:00Z,2013-08-07T08:04:43Z,,,,,,,,CALCULATED
2013-08-07T02:20:00Z,2013-08-07T08:14:43Z,,,,,,,,CALCULATED
2013-08-07T02:30:00Z,2013-08-07T08:24:43Z,,,,,,,,CALCULATED
2013-08-07T02:40:00Z,2013-08-07T08:34:43Z,,,,,,,,CALCULATED
2013-08-07T02:50:00Z,2013-08-07T08:44:43Z,,,,,,,,CALCULATED
2013-08-07T03:00:00Z,2013-08-07T08:54:43Z,,,,,,,,CALCULATED
2013-08-07T03:10:00Z,2013-08-07T09:04:43Z,,,,,,,,CALCULATED
2013-08-07T03:20:00Z,2013-08-07T09:14:43Z,,,,,,,,CALCULATED
2013-08-07T03:30:00Z,2013-08-07T09:24:43Z,,,,,,,,CALCULATED
2013-08-07T03:40:00Z,2013-08-07T09:34:43Z,,,,,,,,CALCULATED
2013-08-07T03:50:00Z,2013-08-07T09:44:43Z,,,,,,,,CALCULATED
2013-08-07T04:00:00Z,2013-08-07T09:54:43Z,,,,,,,,CALCULATED
2013-08-07T04:10:00Z,2013-08-07T10:04:43Z,,,,,,,,CALCULATED
2013-08-07T04:20:00Z,2013-08-07T10:14:43Z,,,,,,,,CALCULATED
2013-08-07T04:30:00Z,2013-08-07T10:24:43Z,,,,,,,,CALCULATED
2013-08-07T04:40:00Z,2013-08-07T10:34:43Z,,,,,,,,CALCULATED
2013-08-07T04:50:00Z,2013-08-07T10:44:43Z,,,,,,,,CALCULATED
2013-08-07T05:00:00Z,2013-08-07T10:54:43Z,,,,,,,,CALCULATED
2013-08-07T05:10:00Z,2013-08-07T11:04:43Z,,,,,,,,CALCULATED
2013-08-07T05:20:00Z,2013-08-07T11:14:43Z,,,,,,,,CALCULATED
2013-08-07T05:30:00Z,2013-08-07T11:24:43Z,,,,,,,,CALCULATED
2013-08-07T05:40:00Z,2013-08-07T11:34:43Z,,,,,,,,CALCULATED
2013-08-07T05:50:00Z,2013-08-07T11:44:43Z,,,,,,,,CALCULATED
2013-08-07T06:00:00Z,2013-08-07T11:54:43Z,,,,,,,,CALCULATED
2013-08-07T06:10:00Z,2013-08-07T12:04:43Z,,,,,,,,CALCULATED
2013-08-07T06:20:00Z,2013-08-07T12:14:43Z,,,,,,,,CALCULATED
2013-08-07T06:30:00Z,2013-08-07T12:24:43Z,,,,,,,,CALCULATED
2013-08-07T06:40:00Z,2013-08-07T12:34:43Z,,,,,,,,CALCULATED
2013-08-07T06:50:00Z,2013-08-07T12:44:43Z,,,,,,,,CALCULATED
2013-08-07T07:00:00Z,2013-08-07T12:54:43Z,,,,,,,,CALCULATED
2013-08-07T07:10:00Z,2013-08-07T13:04:43Z,,,,,,,,CALCULATED
2013-08-07T07:20:00Z,2013-08-07T13:14:43Z,,,,,,,,CALCULATED
2013-08-07T07:30:00Z,2013-08-07T13:24:43Z,,,,,,,,CALCULATED
2013-08-07T07:40:00Z,2013-08-07T13:34:43Z,,,,,,,,CALCULATED
2013-08-07T07:50:00Z,2013-08-07T13:44:43Z,,,,,,,,CALCULATED
2013-08-07T08:00:00Z,2013-08-07T13:54:43Z,,,,,,,,CALCULATED
2013-08-07T08:10:00Z,2013-08-07T14:04:43Z,,,,,,,,CALCULATED
2013-08-07T08:20:00Z,2013-08-07T14:14:43Z,,,,,,,,CALCULATED
2013-08-07T08:30:00Z,2013-08-07T14:24:43Z,,,,,,,,CALCULATED
2013-08-07T08:40:00Z,2013-08-07T14:34:43Z,,,,,,,,CALCULATED
2013-08-07T08:50:00Z,2013-08-07T14:44:43Z,,,,,,,,CALCULATED
2013-08-07T09:00:00Z,2013-08-07T14:54:43Z,,,,,,,,CALCULATED
2013-08-07T09:10:00Z,2013-08-07T15:04:43Z,,,,,,,,CALCULATED
2013-08-07T09:20:00Z,2013-08-07T15:14:43Z,,,,,,,,CALCULATED
2013-08-07T09:30:00Z,2013-08-07T15:24:43Z,,,,,,,,CALCULATED
2013-08-07T09:40:00Z,2013-08-07T15:34:43Z,,,,,,,,CALCULATED
2013-08-07T09:50:00Z,2013-08-07T15:44:43Z,,,,,,,,CALCULATED
2013-08-07T10:00:00Z,2013-08-07T15:54:43Z,,,,,,,,CALCULATED
2013-08-07T10:10:00Z,2013-08-07T16:04:43Z,,,,,,,,CALCULATED
2013-08-07T10:20:00Z,2013-08-07T16:14:43Z,,,,,,,,CALCULATED
2013-08-07T10:30:00Z,2013-08-07T16:24:43Z,,,,,,,,CALCULATED
2013-08-07T10:40:00Z,2013-08-07T16:34:43Z,,,,,,,,CALCULATED
2013-08-07T10:50:00Z,2013-08-07T16:44:43Z,,,,,,,,CALCULATED
2013-08-07T11:00:00Z,2013-08-07T16:54:43Z,,,,,,,,CALCULATED
2013-08-07T11:10:00Z,2013-08-07T17:04:43Z,,,,,,,,CALCULATED
2013-08-07T11:20:00Z,2013-08-07T17:14:43Z,,,,,,,,CALCULATED
2013-08-07T11:30:00Z,2013-08-07T17:24:43Z,,,,,,,,CALCULATED
2013-08-07T11:40:00Z,2013-08-07T17:34:43Z,,,,,,,,CALCULATED
2013-08-07T11:50:00Z,2013-08-07T17:44:43Z,,,,,,,,CALCULATED
2013-08-07T12:00:00Z,2013-08-07T17:54:43Z,,,,,,,,CALCULATED
2013-08-07T12:10:00Z,2013-08-07T18:04:43Z,,,,,,,,CALCULATED
2013-08-07T12:20:00Z,2013-08-07T18:14:43Z,,,,,,,,CALCULATED
2013-08-07T12:30:00Z,2013-08-07T18:24:43Z,,,,,,,,CALCULATED
2013-08-07T12:40:00Z,2013-08-07T18:34:43Z,,,,,,,,CALCULATED
2013-08-07T12:50:00Z,2013-08-07T18:44:43Z,,,,,,,,CALCULATED
2013-08-07T13:00:00Z,2013-08-07T18:54:43Z,,,,,,,,CALCULATED
2013-08-07T13:10:00Z,2013-08-07T19:04:43Z,,,,,,,,CALCULATED
2013-08-07T13:20:00Z,2013-08-07T19:14:43Z,,,,,,,,CALCULATED
2013-08-07T13:30:00Z,2013-08-07T19:24:43Z,,,,,,,,CALCULATED
2013-08-07T13:40:00Z,2013-08-07T19:34:43Z,,,,,,,,CALCULATED
2013-08-07T13:50:00Z,2013-08-07T19:44:43Z,,,,,,,,CALCULATED
2013-08-07T14:00:00Z,2013-08-07T19:54:43Z,,,,,,,,CALCULATED
2013-08-07T14:10:00Z,2013-08-07T20:04:43Z,,,,,,,,CALCULATED
2013-08-07T14:20:00Z,2013-08-07T20:14:43Z,,,,,,,,CALCULATED
2013-08-07T14:30:00Z,2013-08-07T20:24:43Z,,,,,,,,CALCULATED
2013-08-07T14:40:00Z,2013-08-07T20:34:43Z,,,,,,,,CALCULATED
2013-08-07T14:50:00Z,2013-08-07T20:44:43Z,,,,,,,,CALCULATED
2013-08-07T15:00:00Z,2013-08-07T20:54:43Z,,,,,,,,CALCULATED
2013-08-07T15:10:00Z,2013-08-07T21:04:43Z,,,,,,,,CALCULATED
2013-08-07T15:20:00Z,2013-08-07T21:14:43Z,,,,,,,,CALCULATED
2013-08-07T15:30:00Z,2013-08-07T21:24:43Z,,,,,,,,CALCULATED
2013-08-07T15:40:00Z,2013-08-07T21:34:43Z,,,,,,,,CALCULATED
2013-08-07T15:50:00Z,2013-08-07T21:44:43Z,,,,,,,,CALCULATED
2013-08-07T16:00:00Z,2013-08-07T21:54:43Z,,,,,,,,CALCULATED
2013-08-07T16:10:00Z,2013-08-07T22:04:43Z,,,,,,,,CALCULATED
2013-08-07T16:20:00Z,2013-08-07T22:14:43Z,,,,,,,,CALCULATED
2013-08-07T16:30:00Z,2013-08-07T22:24:43Z,,,,,,,,CALCULATED
2013-08-07T16:40:00Z,2013-08-07T22:34:43Z,,,,,,,,CALCULATED
2013-08-07T16:50:00Z,2013-08-07T22:44:43Z,,,,,,,,CALCULATED
2013-08-07T17:00:00Z,2013-08-07T22:54:43Z,,,,,,,,CALCULATED
2013-08-07T17:10:00Z,2013-08-07T23:04:43Z,,,,,,,,CALCULATED
2013-08-07T17:20:00Z,2013-08-07T23:14:43Z,,,,,,,,CALCULATED
2013-08-07T17:30:00Z,2013-08-07T23:24:43Z,,,,,,,,CALCULATED
2013-08-07T17:40:00Z,2013-08-07T23:34:43Z,,,,,,,,CALCULATED
2013-08-07T17:50:00Z,2013-08-07T23:44:43Z,,,,,,,,CALCULATED
2013-08-07T18:00:00Z,2013-08-07T23:54:43Z,,,,,,,,CALCULATED
2013-08-07T18:10:00Z,2013-08-08T00:04:52Z,,,,,,,,CALCULATED
2013-08-07T18:20:00Z,2013-08-08T00:14:52Z,,,,,,,,CALCULATED
2013-08-07T18:30:00Z,2013-08-08T00:24:52Z,,,,,,,,CALCULATED
2013-08-07T18:40:00Z,2013-08-08T00:34:52Z,,,,,,,,CALCULATED
2013-08-07T18:50:00Z,2013-08-08T00:44:52Z,,,,,,,,CALCULATED
2013-08-07T19:00:00Z,2013-08-08T00:54:52Z,,,,,,,,CALCULATED
2013-08-07T19:10:00Z,2013-08-08T01:04:52Z,,,,,,,,CALCULATED
2013-08-07T19:20:00Z,2013-08-08T01:14:52Z,,,,,,,,CALCULATED
2013-08-07T19:30:00Z,2013-08-08T01:24:52Z,,,,,,,,CALCULATED
2013-08-07T19:40:00Z,2013-08-08T01:34:52Z,,,,,,,,CALCULATED
2013-08-07T19:50:00Z,2013-08-08T01:44:52Z,,,,,,,,CALCULATED
2013-08-07T20:00:00Z,2013-08-08T01:54:52Z,,,,,,,,CALCULATED
2013-08-07T20:10:00Z,2013-08-08T02:04:52Z,,,,,,,,CALCULATED
2013-08-07T20:20:00Z,2013-08-08T02:14:52Z,,,,,,,,CALCULATED
2013-08-07T20:30:00Z,2013-08-08T02:24:52Z,,,,,,,,CALCULATED
2013-08-07T20:40:00Z,2013-08-08T02:34:52Z,,,,,,,,CALCULATED
2013-08-07T20:50:00Z,2013-08-08T02:44:52Z,,,,,,,,CALCULATED
2013-08-07T21:00:00Z,2013-08-08T02:54:52Z,,,,,,,,CALCULATED
2013-08-07T21:10:00Z,2013-08-08T03:04:52Z,,,,,,,,CALCULATED
2013-08-07T21:20:00Z,2013-08-08T03:14:52Z,,,,,,,,CALCULATED
2013-08-07T21:30:00Z,2013-08-08T03:24:52Z,,,,,,,,CALCULATED
2013-08-07T21:40:00Z,2013-08-08T03:34:52Z,,,,,,,,CALCULATED
2013-08-07T21:50:00Z,2013-08-08T03:44:52Z,,,,,,,,CALCULATED
2013-08-07T22:00:00Z,2013-08-08T03:54:52Z,,,,,,,,CALCULATED
2013-08-07T22:10:00Z,2013-08-08T04:04:52Z,,,,,,,,CALCULATED
2013-08-07T22:20:00Z,2013-08-08T04:14:52Z,,,,,,,,CALCULATED
2013-08-07T22:30:00Z,2013-08-08T04:24:52Z,,,,,,,,CALCULATED
2013-08-07T22:40:00Z,2013-08-08T04:34:52Z,,,,,,,,CALCULATED
2013-08-07T22:50:00Z,2013-08-08T04:44:52Z,,,,,,,,CALCULATED
2013-08-07T23:00:00Z,2013-08-08T04:54:52Z,,,,,,,,CALCULATED
2013-08-07T23:10:00Z,2013-08-08T05:04:52Z,,,,,,,,CALCULATED
2013-08-07T23:20:00Z,2013-08-08T05:14:52Z,,,,,,,,CALCULATED
2013-08-07T23:30:00Z,2013-08-08T05:24:52Z,,,,,,,,CALCULATED
2013-08-07T23:40:00Z,2013-08-08T05:34:52Z,,,,,,,,CALCULATED
2013-08-07T23:50:00Z,2013-08-08T05:44:52Z,,,,,,,,CALCULATED
2013-08-08T00:00:00Z,2013-08-08T05:54:52Z,,,,,,,,CALCULATED
2013-08-08T00:10:00Z,2013-08-08T06:04:52Z,,,,,,,,CALCULATED
2013-08-08T00:20:00Z,2013-08-08T06:14:52Z,,,,,,,,CALCULATED
2013-08-08T00:30:00Z,2013-08-08T06:24:52Z,,,,,,,,CALCULATED
2013-08-08T00:40:00Z,2013-08-08T06:34:52Z,,,,,,,,CALCULATED
2013-08-08T00:50:00Z,2013-08-08T06:44:52Z,,,,,,,,CALCULATED
2013-08-08T01:00:00Z,2013-08-08T06:54:52Z,,,,,,,,CALCULATED
2013-08-08T01:10:00Z,2013-08-08T07:04:52Z,,,,,,,,CALCULATED
2013-08-08T01:20:00Z,2013-08-08T07:14:52Z,,,,,,,,CALCULATED
2013-08-08T01:30:00Z,2013-08-08T07:24:52Z,,,,,,,,CALCULATED
2013-08-08T01:40:00Z,2013-08-08T07:34:52Z,,,,,,,,CALCULATED
2013-08-08T01:50:00Z,2013-08-08T07:44:52Z,,,,,,,,CALCULATED
2013-08-08T02:00:00Z,2013-08-08T07:54:52Z,,,,,,,,CALCULATED
2013-08-08T02:10:00Z,2013-08-08T08:04:52Z,,,,,,,,CALCULATED
2013-08-08T02:20:00Z,2013-08-08T08:14:52Z,,,,,,,,CALCULATED
2013-08-08T02:30:00Z,2013-08-08T08:24:52Z,,,,,,,,CALCULATED
2013-08-08T02:40:00Z,2013-08-08T08:34:52Z,,,,,,,,CALCULATED
2013-08-08T02:50:00Z,2013-08-08T08:44:52Z,,,,,,,,CALCULATED
2013-08-08T03:00:00Z,2013-08-08T08:54:52Z,,,,,,,,CALCULATED
2013-08-08T03:10:00Z,2013-08-08T09:04:52Z,,,,,,,,CALCULATED
2013-08-08T03:20:00Z,2013-08-08T09:14:52Z,,,,,,,,CALCULATED
2013-08-08T03:30:00Z,2013-08-08T09:24:52Z,,,,,,,,CALCULATED
2013-08-08T03:40:00Z,2013-08-08T09:34:52Z,,,,,,,,CALCULATED
2013-08-08T03:50:00Z,2013-08-08T09:44:52Z,,,,,,,,CALCULATED
2013-08-08T04:00:00Z,2013-08-08T09:54:52Z,,,,,,,,CALCULATED
2013-08-08T04:10:00Z,2013-08-08T10:04:52Z,,,,,,,,CALCULATED
2013-08-08T04:20:00Z,2013-08-08T10:14:52Z,,,,,,,,CALCULATED
2013-08-08T04:30:00Z,2013-08-08T10:24:52Z,,,,,,,,CALCULATED
2013-08-08T04:40:00Z,2013-08-08T10:34:52Z,,,,,,,,CALCULATED
2013-08-08T04:50:00Z,2013-08-08T10:44:52Z,,,,,,,,CALCULATED
2013-08-08T05:00:00Z,2013-08-08T10:54:52Z,,,,,,,,CALCULATED
2013-08-08T05:10:00Z,2013-08-08T11:04:52Z,,,,,,,,CALCULATED
2013-08-08T05:20:00Z,2013-08-08T11:14:52Z,,,,,,,,CALCULATED
2013-08-08T05:30:00Z,2013-08-08T11:24:52Z,,,,,,,,CALCULATED
2013-08-08T05:40:00Z,2013-08-08T11:34:52Z,,,,,,,,CALCULATED
2013-08-08T05:50:00Z,2013-08-08T11:44:52Z,,,,,,,,CALCULATED
2013-08-08T06:00:00Z,2013-08-08T11:54:52Z,,,,,,,,CALCULATED
2013-08-08T06:10:00Z,2013-08-08T12:04:52Z,,,,,,,,CALCULATED
2013-08-08T06:20:00Z,2013-08-08T12:14:52Z,,,,,,,,CALCULATED
2013-08-08T06:30:00Z,2013-08-08T12:24:52Z,,,,,,,,CALCULATED
2013-08-08T06:40:00Z,2013-08-08T12:34:52Z,,,,,,,,CALCULATED
2013-08-08T06:50:00Z,2013-08-08T12:44:52Z,,,,,,,,CALCULATED
2013-08-08T07:00:00Z,2013-08-08T12:54:52Z,,,,,,,,CALCULATED
2013-08-08T07:10:00Z,2013-08-08T13:04:52Z,,,,,,,,CALCULATED
2013-08-08T07:20:00Z,2013-08-08T13:14:52Z,,,,,,,,CALCULATED
2013-08-08T07:30:00Z,2013-08-08T13:24:52Z,,,,,,,,CALCULATED
2013-08-08T07:40:00Z,2013-08-08T13:34:52Z,,,,,,,,CALCULATED
2013-08-08T07:50:00Z,2013-08-08T13:44:52Z,,,,,,,,CALCULATED
2013-08-08T08:00:00Z,2013-08-08T13:54:52Z,,,,,,,,CALCULATED
2013-08-08T08:10:00Z,2013-08-08T14:04:52Z,,,,,,,,CALCULATED
2013-08-08T08:20:00Z,2013-08-08T14:14:52Z,,,,,,,,CALCULATED
2013-08-08T08:30:00Z,2013-08-08T14:24:52Z,,,,,,,,CALCULATED
2013-08-08T08:40:00Z,2013-08-08T14:34:52Z,,,,,,,,CALCULATED
2013-08-08T08:50:00Z,2013-08-08T14:44:52Z,,,,,,,,CALCULATED
2013-08-08T09:00:00Z,2013-08-08T14:54:52Z,,,,,,,,CALCULATED
2013-08-08T09:10:00Z,2013-08-08T15:04:52Z,,,,,,,,CALCULATED
2013-08-08T09:20:00Z,2013-08-08T15:14:52Z,,,,,,,,CALCULATED
2013-08-08T09:30:00Z,2013-08-08T15:24:52Z,,,,,,,,CALCULATED
2013-08-08T09:40:00Z,2013-08-08T15:34:52Z,,,,,,,,CALCULATED
2013-08-08T09:50:00Z,2013-08-08T15:44:52Z,,,,,,,,CALCULATED
2013-08-08T10:00:00Z,2013-08-08T15:54:52Z,,,,,,,,CALCULATED
2013-08-08T10:10:00Z,2013-08-08T16:04:52Z,,,,,,,,CALCULATED
2013-08-08T10:20:00Z,2013-08-08T16:14:52Z,,,,,,,,CALCULATED
2013-08-08T10:30:00Z,2013-08-08T16:24:52Z,,,,,,,,CALCULATED
2013-08-08T10:40:00Z,2013-08-08T16:34:52Z,,,,,,,,CALCULATED
2013-08-08T10:50:00Z,2013-08-08T16:44:52Z,,,,,,,,CALCULATED
2013-08-08T11:00:00Z,2013-08-08T16:54:52Z,,,,,,,,CALCULATED
2013-08-08T11:10:00Z,2013-08-08T17:04:52Z,,,,,,,,CALCULATED
2013-08-08T11:20:00Z,2013-08-08T17:14:52Z,,,,,,,,CALCULATED
2013-08-08T11:30:00Z,2013-08-08T17:24:52Z,,,,,,,,CALCULATED
2013-08-08T11:40:00Z,2013-08-08T17:34:52Z,,,,,,,,CALCULATED
2013-08-08T11:50:00Z,2013-08-08T17:44:52Z,,,,,,,,CALCULATED
2013-08-08T12:00:00Z,2013-08-08T17:54:52Z,,,,,,,,CALCULATED
2013-08-08T12:10:00Z,2013-08-08T18:04:52Z,,,,,,,,CALCULATED
2013-08-08T12:20:00Z,2013-08-08T18:14:52Z,,,,,,,,CALCULATED
2013-08-08T12:30:00Z,2013-08-08T18:24:52Z,,,,,,,,CALCULATED
2013-08-08T12:40:00Z,2013-08-08T18:34:52Z,,,,,,,,CALCULATED
2013-08-08T12:50:00Z,2013-08-08T18:44:52Z,,,,,,,,CALCULATED
2013-08-08T13:00:00Z,2013-08-08T18:54:52Z,,,,,,,,CALCULATED
2013-08-08T13:10:00Z,2013-08-08T19:04:52Z,,,,,,,,CALCULATED
2013-08-08T13:20:00Z,2013-08-08T19:14:52Z,,,,,,,,CALCULATED
2013-08-08T13:30:00Z,2013-08-08T19:24:52Z,,,,,,,,CALCULATED
2013-08-08T13:40:00Z,2013-08-08T19:34:52Z,,,,,,,,CALCULATED
2013-08-08T13:50:00Z,2013-08-08T19:44:52Z,,,,,,,,CALCULATED
2013-08-08T14:00:00Z,2013-08-08T19:54:52Z,,,,,,,,CALCULATED
2013-08-08T14:10:00Z,2013-08-08T20:04:52Z,,,,,,,,CALCULATED
2013-08-08T14:20:00Z,2013-08-08T20:14:52Z,,,,,,,,CALCULATED
2013-08-08T14:30:00Z,2013-08-08T20:24:52Z,,,,,,,,CALCULATED
2013-08-08T14:40:00Z,2013-08-08T20:34:52Z,,,,,,,,CALCULATED
2013-08-08T14:50:00Z,2013-08-08T20:44:52Z,,,,,,,,CALCULATED
2013-08-08T15:00:00Z,2013-08-08T20:54:52Z,,,,,,,,CALCULATED
2013-08-08T15:10:00Z,2013-08-08T21:04:52Z,,,,,,,,CALCULATED
2013-08-08T15:20:00Z,2013-08-08T21:14:52Z,,,,,,,,CALCULATED
2013-08-08T15:30:00Z,2013-08-08T21:24:52Z,,,,,,,,CALCULATED
2013-08-08T15:40:00Z,2013-08-08T21:34:52Z,,,,,,,,CALCULATED
2013-08-08T15:50:00Z,2013-08-08T21:44:52Z,,,,,,,,CALCULATED
2013-08-08T16:00:00Z,2013-08-08T21:54:52Z,,,,,,,,CALCULATED
2013-08-08T16:10:00Z,2013-08-08T22:04:52Z,,,,,,,,CALCULATED
2013-08-08T16:20:00Z,2013-08-08T22:14:52Z,,,,,,,,CALCULATED
2013-08-08T16:30:00Z,2013-08-08T22:24:52Z,,,,,,,,CALCULATED
2013-08-08T16:40:00Z,2013-08-08T22:34:52Z,,,,,,,,CALCULATED
2013-08-08T16:50:00Z,2013-08-08T22:44:52Z,,,,,,,,CALCULATED
2013-08-08T17:00:00Z,2013-08-08T22:54:52Z,,,,,,,,CALCULATED
2013-08-08T17:10:00Z,2013-08-08T23:04:52Z,,,,,,,,CALCULATED
2013-08-08T17:20:00Z,2013-08-08T23:14:52Z,,,,,,,,CALCULATED
2013-08-08T17:30:00Z,2013-08-08T23:24:52Z,,,,,,,,CALCULATED
2013-08-08T17:40:00Z,2013-08-08T23:34:52Z,,,,,,,,CALCULATED
2013-08-08T17:50:00Z,2013-08-08T23:44:52Z,,,,,,,,CALCULATED
2013-08-08T18:00:00Z,2013-08-08T23:54:52Z,,,,,,,,CALCULATED
2013-08-08T18:10:00Z,2013-08-09T00:05:02Z,,,,,,,,CALCULATED
2013-08-08T18:20:00Z,2013-08-09T00:15:02Z,,,,,,,,CALCULATED
2013-08-08T18:30:00Z,2013-08-09T00:25:02Z,,,,,,,,CALCULATED
2013-08-08T18:40:00Z,2013-08-09T00:35:02Z,,,,,,,,CALCULATED
2013-08-08T18:50:00Z,2013-08-09T00:45:02Z,,,,,,,,CALCULATED
2013-08-08T19:00:00Z,2013-08-09T00:55:02Z,,,,,,,,CALCULATED
2013-08-08T19:10:00Z,2013-08-09T01:05:02Z,,,,,,,,CALCULATED
2013-08-08T19:20:00Z,2013-08-09T01:15:02Z,,,,,,,,CALCULATED
2013-08-08T19:30:00Z,2013-08-09T01:25:02Z,,,,,,,,CALCULATED
2013-08-08T19:40:00Z,2013-08-09T01:35:02Z,,,,,,,,CALCULATED
2013-08-08T19:50:00Z,2013-08-09T01:45:02Z,,,,,,,,CALCULATED
2013-08-08T20:00:00Z,2013-08-09T01:55:02Z,,,,,,,,CALCULATED
2013-08-08T20:10:00Z,2013-08-09T02:05:02Z,,,,,,,,CALCULATED
2013-08-08T20:20:00Z,2013-08-09T02:15:02Z,,,,,,,,CALCULATED
2013-08-08T20:30:00Z,2013-08-09T02:25:02Z,,,,,,,,CALCULATED
2013-08-08T20:40:00Z,2013-08-09T02:35:02Z,,,,,,,,CALCULATED
2013-08-08T20:50:00Z,2013-08-09T02:45:02Z,,,,,,,,CALCULATED
2013-08-08T21:00:00Z,2013-08-09T02:55:02Z,,,,,,,,CALCULATED
2013-08-08T21:10:00Z,2013-08-09T03:05:02Z,,,,,,,,CALCULATED
2013-08-08T21:20:00Z,2013-08-09T03:15:02Z,,,,,,,,CALCULATED
2013-08-08T21:30:00Z,2013-08-09T03:25:02Z,,,,,,,,CALCULATED
2013-08-08T21:40:00Z,2013-08-09T03:35:02Z,,,,,,,,CALCULATED
2013-08-08T21:50:00Z,2013-08-09T03:45:02Z,,,,,,,,CALCULATED
2013-08-08T22:00:00Z,2013-08-09T03:55:02Z,,,,,,,,CALCULATED
2013-08-08T22:10:00Z,2013-08-09T04:05:02Z,,,,,,,,CALCULATED
2013-08-08T22:20:00Z,2013-08-09T04:15:02Z,,,,,,,,CALCULATED
2013-08-08T22:30:00Z,2013-08-09T04:25:02Z,,,,,,,,CALCULATED
2013-08-08T22:40:00Z,2013-08-09T04:35:02Z,,,,,,,,CALCULATED
2013-08-08T22:50:00Z,2013-08-09T04:45:02Z,,,,,,,,CALCULATED
2013-08-08T23:00:00Z,2013-08-09T04:55:02Z,,,,,,,,CALCULATED
2013-08-08T23:10:00Z,2013-08-09T05:05:02Z,,,,,,,,CALCULATED
2013-08-08T23:20:00Z,2013-08-09T05:15:02Z,,,,,,,,CALCULATED
2013-08-08T23:30:00Z,2013-08-09T05:25:02Z,,,,,,,,CALCULATED
2013-08-08T23:40:00Z,2013-08-09T05:35:02Z,,,,,,,,CALCULATED
2013-08-08T23:50:00Z,2013-08-09T05:45:02Z,,,,,,,,CALCULATED
2013-08-09T00:00:00Z,2013-08-09T05:55:02Z,,,,,,,,CALCULATED
2013-08-09T00:10:00Z,2013-08-09T06:05:02Z,,,,,,,,CALCULATED
2013-08-09T00:20:00Z,2013-08-09T06:15:02Z,,,,,,,,CALCULATED
2013-08-09T00:30:00Z,2013-08-09T06:25:02Z,,,,,,,,CALCULATED
2013-08-09T00:40:00Z,2013-08-09T06:35:02Z,,,,,,,,CALCULATED
2013-08-09T00:50:00Z,2013-08-09T06:45:02Z,,,,,,,,CALCULATED
2013-08-09T01:00:00Z,2013-08-09T06:55:02Z,,,,,,,,CALCULATED
2013-08-09T01:10:00Z,2013-08-09T07:05:02Z,,,,,,,,CALCULATED
2013-08-09T01:20:00Z,2013-08-09T07:15:02Z,,,,,,,,CALCULATED
2013-08-09T01:30:00Z,2013-08-09T07:25:02Z,,,,,,,,CALCULATED
2013-08-09T01:40:00Z,2013-08-09T07:35:02Z,,,,,,,,CALCULATED
2013-08-09T01:50:00Z,2013-08-09T07:45:02Z,,,,,,,,CALCULATED
2013-08-09T02:00:00Z,2013-08-09T07:55:02Z,,,,,,,,CALCULATED
2013-08-09T02:10:00Z,2013-08-09T08:05:02Z,,,,,,,,CALCULATED
2013-08-09T02:20:00Z,2013-08-09T08:15:02Z,,,,,,,,CALCULATED
2013-08-09T02:30:00Z,2013-08-09T08:25:02Z,,,,,,,,CALCULATED
2013-08-09T02:40:00Z,2013-08-09T08:35:02Z,,,,,,,,CALCULATED
2013-08-09T02:50:00Z,2013-08-09T08:45:02Z,,,,,,,,CALCULATED
2013-08-09T03:00:00Z,2013-08-09T08:55:02Z,,,,,,,,CALCULATED
2013-08-09T03:10:00Z,2013-08-09T09:05:02Z,,,,,,,,CALCULATED
2013-08-09T03:20:00Z,2013-08-09T09:15:02Z,,,,,,,,CALCULATED
2013-08-09T03:30:00Z,2013-08-09T09:25:02Z,,,,,,,,CALCULATED
2013-08-09T03:40:00Z,2013-08-09T09:35:02Z,,,,,,,,CALCULATED
2013-08-09T03:50:00Z,2013-08-09T09:45:02Z,,,,,,,,CALCULATED
2013-08-09T04:00:00Z,2013-08-09T09:55:02Z,,,,,,,,CALCULATED
2013-08-09T04:10:00Z,2013-08-09T10:05:02Z,,,,,,,,CALCULATED
2013-08-09T04:20:00Z,2013-08-09T10:15:02Z,,,,,,,,CALCULATED
2013-08-09T04:30:00Z,2013-08-09T10:25:02Z,,,,,,,,CALCULATED
2013-08-09T04:40:00Z,2013-08-09T10:35:02Z,,,,,,,,CALCULATED
2013-08-09T04:50:00Z,2013-08-09T10:45:02Z,,,,,,,,CALCULATED
2013-08-09T05:00:00Z,2013-08-09T10:55:02Z,,,,,,,,CALCULATED
2013-08-09T05:10:00Z,2013-08-09T11:05:02Z,,,,,,,,CALCULATED
2013-08-09T05:20:00Z,2013-08-09T11:15:02Z,,,,,,,,CALCULATED
2013-08-09T05:30:00Z,2013-08-09T11:25:02Z,,,,,,,,CALCULATED
2013-08-09T05:40:00Z,2013-08-09T11:35:02Z,,,,,,,,CALCULATED
2013-08-09T05:50:00Z,2013-08-09T11:45:02Z,,,,,,,,CALCULATED
2013-08-09T06:00:00Z,2013-08-09T11:55:02Z,,,,,,,,CALCULATED
2013-08-09T06:10:00Z,2013-08-09T12:05:02Z,,,,,,,,CALCULATED
2013-08-09T06:20:00Z,2013-08-09T12:15:02Z,,,,,,,,CALCULATED
2013-08-09T06:30:00Z,2013-08-09T12:25:02Z,,,,,,,,CALCULATED
2013-08-09T06:40:00Z,2013-08-09T12:35:02Z,,,,,,,,CALCULATED
2013-08-09T06:50:00Z,2013-08-09T12:45:02Z,,,,,,,,CALCULATED
2013-08-09T07:00:00Z,2013-08-09T12:55:02Z,,,,,,,,CALCULATED
2013-08-09T07:10:00Z,2013-08-09T13:05:02Z,,,,,,,,CALCULATED
2013-08-09T07:20:00Z,2013-08-09T13:15:02Z,,,,,,,,CALCULATED
2013-08-09T07:30:00Z,2013-08-09T13:25:02Z,,,,,,,,CALCULATED
2013-08-09T07:40:00Z,2013-08-09T13:35:02Z,,,,,,,,CALCULATED
2013-08-09T07:50:00Z,2013-08-09T13:45:02Z,,,,,,,,CALCULATED
2013-08-09T08:00:00Z,2013-08-09T13:55:02Z,,,,,,,,CALCULATED
2013-08-09T08:10:00Z,2013-08-09T14:05:02Z,,,,,,,,CALCULATED
2013-08-09T08:20:00Z,2013-08-09T14:15:02Z,,,,,,,,CALCULATED
2013-08-09T08:30:00Z,2013-08-09T14:25:02Z,,,,,,,,CALCULATED
2013-08-09T08:40:00Z,2013-08-09T14:35:02Z,,,,,,,,CALCULATED
2013-08-09T08:50:00Z,2013-08-09T14:45:02Z,,,,,,,,CALCULATED
2013-08-09T09:00:00Z,2013-08-09T14:55:02Z,,,,,,,,CALCULATED
2013-08-09T09:10:00Z,2013-08-09T15:05:02Z,,,,,,,,CALCULATED
2013-08-09T09:20:00Z,2013-08-09T15:15:02Z,,,,,,,,CALCULATED
2013-08-09T09:30:00Z,2013-08-09T15:25:02Z,,,,,,,,CALCULATED
2013-08-09T09:40:00Z,2013-08-09T15:35:02Z,,,,,,,,CALCULATED
2013-08-09T09:50:00Z,2013-08-09T15:45:02Z,,,,,,,,CALCULATED
2013-08-09T10:00:00Z,2013-08-09T15:55:02Z,,,,,,,,CALCULATED
2013-08-09T10:10:00Z,2013-08-09T16:05:02Z,,,,,,,,CALCULATED
2013-08-09T10:20:00Z,2013-08-09T16:15:02Z,,,,,,,,CALCULATED
2013-08-09T10:30:00Z,2013-08-09T16:25:02Z,,,,,,,,CALCULATED
2013-08-09T10:40:00Z,2013-08-09T16:35:02Z,,,,,,,,CALCULATED
2013-08-09T10:50:00Z,2013-08-09T16:45:02Z,,,,,,,,CALCULATED
2013-08-09T11:00:00Z,2013-08-09T16:55:02Z,,,,,,,,CALCULATED
2013-08-09T11:10:00Z,2013-08-09T17:05:02Z,,,,,,,,CALCULATED
2013-08-09T11:20:00Z,2013-08-09T17:15:02Z,,,,,,,,CALCULATED
2013-08-09T11:30:00Z,2013-08-09T17:25:02Z,,,,,,,,CALCULATED
2013-08-09T11:40:00Z,2013-08-09T17:35:02Z,,,,,,,,CALCULATED
2013-08-09T11:50:00Z,2013-08-09T17:45:02Z,,,,,,,,CALCULATED
2013-08-09T12:00:00Z,2013-08-09T17:55:02Z,,,,,,,,CALCULATED
2013-08-09T12:10:00Z,2013-08-09T18:05:02Z,,,,,,,,CALCULATED
2013-08-09T12:20:00Z,2013-08-09T18:15:02Z,,,,,,,,CALCULATED
2013-08-09T12:30:00Z,2013-08-09T18:25:02Z,,,,,,,,CALCULATED
2013-08-09T12:40:00Z,2013-08-09T18:35:02Z,,,,,,,,CALCULATED
2013-08-09T12:50:00Z,2013-08-09T18:45:02Z,,,,,,,,CALCULATED
2013-08-09T13:00:00Z,2013-08-09T18:55:02Z,,,,,,,,CALCULATED
2013-08-09T13:10:00Z,2013-08-09T19:05:02Z,,,,,,,,CALCULATED
2013-08-09T13:20:00Z,2013-08-09T19:15:02Z,,,,,,,,CALCULATED
2013-08-09T13:30:00Z,2013-08-09T19:25:02Z,,,,,,,,CALCULATED
2013-08-09T13:40:00Z,2013-08-09T19:35:02Z,,,,,,,,CALCULATED
2013-08-09T13:50:00Z,2013-08-09T19:45:02Z,,,,,,,,CALCULATED
2013-08-09T14:00:00Z,2013-08-09T19:55:02Z,,,,,,,,CALCULATED
2013-08-09T14:10:00Z,2013-08-09T20:05:02Z,,,,,,,,CALCULATED
2013-08-09T14:20:00Z,2013-08-09T20:15:02Z,,,,,,,,CALCULATED
2013-08-09T14:30:00Z,2013-08-09T20:25:02Z,,,,,,,,CALCULATED
2013-08-09T14:40:00Z,2013-08-09T20:35:02Z,,,,,,,,CALCULATED
2013-08-09T14:50:00Z,2013-08-09T20:45:02Z,,,,,,,,CALCULATED
2013-08-09T15:00:00Z,2013-08-09T20:55:02Z,,,,,,,,CALCULATED
2013-08-09T15:10:00Z,2013-08-09T21:05:02Z,,,,,,,,CALCULATED
2013-08-09T15:20:00Z,2013-08-09T21:15:02Z,,,,,,,,CALCULATED
2013-08-09T15:30:00Z,2013-08-09T21:25:02Z,,,,,,,,CALCULATED
2013-08-09T15:40:00Z,2013-08-09T21:35:02Z,,,,,,,,CALCULATED
2013-08-09T15:50:00Z,2013-08-09T21:45:02Z,,,,,,,,CALCULATED
2013-08-09T16:00:00Z,2013-08-09T21:55:02Z,,,,,,,,CALCULATED
2013-08-09T16:10:00Z,2013-08-09T22:05:02Z,,,,,,,,CALCULATED
2013-08-09T16:20:00Z,2013-08-09T22:15:02Z,,,,,,,,CALCULATED
2013-08-09T16:30:00Z,2013-08-09T22:25:02Z,,,,,,,,CALCULATED
2013-08-09T16:40:00Z,2013-08-09T22:35:02Z,,,,,,,,CALCULATED
2013-08-09T16:50:00Z,2013-08-09T22:45:02Z,,,,,,,,CALCULATED
2013-08-09T17:00:00Z,2013-08-09T22:55:02Z,,,,,,,,CALCULATED
2013-08-09T17:10:00Z,2013-08-09T23:05:02Z,,,,,,OUT_WARN,,CALCULATED
2013-08-09T17:20:00Z,2013-08-09T23:15:02Z,,,,,,,,CALCULATED
2013-08-09T17:30:00Z,2013-08-09T23:25:02Z,,,,,,,,CALCULATED
2013-08-09T17:40:00Z,2013-08-09T23:35:02Z,,,,,,,,CALCULATED
2013-08-09T17:50:00Z,2013-08-09T23:45:02Z,,,,,,,,CALCULATED
2013-08-09T18:00:00Z,2013-08-09T23:55:02Z,,,,,,,,CALCULATED
2013-08-09T18:10:00Z,2013-08-10T00:05:13Z,,,,,,,,CALCULATED
2013-08-09T18:20:00Z,2013-08-10T00:15:13Z,,,,,,,,CALCULATED
2013-08-09T18:30:00Z,2013-08-10T00:25:13Z,,,,,,,,CALCULATED
2013-08-09T18:40:00Z,2013-08-10T00:35:13Z,,,,,,,,CALCULATED
2013-08-09T18:50:00Z,2013-08-10T00:45:13Z,,,,,,,,CALCULATED
2013-08-09T19:00:00Z,2013-08-10T00:55:13Z,,,,,,,,CALCULATED
2013-08-09T19:10:00Z,2013-08-10T01:05:13Z,,,,,,,,CALCULATED
2013-08-09T19:20:00Z,2013-08-10T01:15:13Z,,,,,,,,CALCULATED
2013-08-09T19:30:00Z,2013-08-10T01:25:13Z,,,,,,,,CALCULATED
2013-08-09T19:40:00Z,2013-08-10T01:35:13Z,,,,,,,,CALCULATED
2013-08-09T19:50:00Z,2013-08-10T01:45:13Z,,,,,,,,CALCULATED
2013-08-09T20:00:00Z,2013-08-10T01:55:13Z,,,,,,,,CALCULATED
2013-08-09T20:10:00Z,2013-08-10T02:05:13Z,,,,,,,,CALCULATED
2013-08-09T20:20:00Z,2013-08-10T02:15:13Z,,,,,,,,CALCULATED
2013-08-09T20:30:00Z,2013-08-10T02:25:13Z,,,,,,,,CALCULATED
2013-08-09T20:40:00Z,2013-08-10T02:35:13Z,,,,,,,,CALCULATED
2013-08-09T20:50:00Z,2013-08-10T02:45:13Z,,,,,,,,CALCULATED
2013-08-09T21:00:00Z,2013-08-10T02:55:13Z,,,,,,,,CALCULATED
2013-08-09T21:10:00Z,2013-08-10T03:05:13Z,,,,,,,,CALCULATED
2013-08-09T21:20:00Z,2013-08-10T03:15:13Z,,,,,,,,CALCULATED
2013-08-09T21:30:00Z,2013-08-10T03:25:13Z,,,,,,,,CALCULATED
2013-08-09T21:40:00Z,2013-08-10T03:35:13Z,,,,,,,,CALCULATED
2013-08-09T21:50:00Z,2013-08-10T03:45:13Z,,,,,,,,CALCULATED
2013-08-09T22:00:00Z,2013-08-10T03:55:13Z,,,,,,,,CALCULATED
2013-08-09T22:10:00Z,2013-08-10T04:05:13Z,,,,,,,,CALCULATED
2013-08-09T22:20:00Z,2013-08-10T04:15:13Z,,,,,,,,CALCULATED
2013-08-09T22:30:00Z,2013-08-10T04:25:13Z,,,,,,,,CALCULATED
2013-08-09T22:40:00Z,2013-08-10T04:35:13Z,,,,,,,,CALCULATED
2013-08-09T22:50:00Z,2013-08-10T04:45:13Z,,,,,,,,CALCULATED
2013-08-09T23:00:00Z,2013-08-10T04:55:13Z,,,,,,,,CALCULATED
2013-08-09T23:10:00Z,2013-08-10T05:05:13Z,,,,,,,,CALCULATED
2013-08-09T23:20:00Z,2013-08-10T05:15:13Z,,,,,,,,CALCULATED
2013-08-09T23:30:00Z,2013-08-10T05:25:13Z,,,,,,OUT_WARN,,CALCULATED
2013-08-09T23:40:00Z,2013-08-10T05:35:13Z,,,,,,,,CALCULATED
2013-08-09T23:50:00Z,2013-08-10T05:45:13Z,,,,,,,,CALCULATED
2013-08-10T00:00:00Z,2013-08-10T05:55:13Z,,,,,,,,CALCULATED
2013-08-10T00:10:00Z,2013-08-10T06:05:13Z,,,,,,,,CALCULATED
2013-08-10T00:20:00Z,2013-08-10T06:15:13Z,,,,,,,,CALCULATED
2013-08-10T00:30:00Z,2013-08-10T06:25:13Z,,,,,,,,CALCULATED
2013-08-10T00:40:00Z,2013-08-10T06:35:13Z,,,,,,,,CALCULATED
2013-08-10T00:50:00Z,2013-08-10T06:45:13Z,,,,,,,,CALCULATED
2013-08-10T01:00:00Z,2013-08-10T06:55:13Z,,,,,,,,CALCULATED
2013-08-10T01:10:00Z,2013-08-10T07:05:13Z,,,,,,,,CALCULATED
2013-08-10T01:20:00Z,2013-08-10T07:15:13Z,,,,,,,,CALCULATED
2013-08-10T01:30:00Z,2013-08-10T07:25:13Z,,,,,,,,CALCULATED
2013-08-10T01:40:00Z,2013-08-10T07:35:13Z,,,,,,,,CALCULATED
2013-08-10T01:50:00Z,2013-08-10T07:45:13Z,,,,,,,,CALCULATED
2013-08-10T02:00:00Z,2013-08-10T07:55:13Z,,,,,,,,CALCULATED
2013-08-10T02:10:00Z,2013-08-10T08:05:13Z,,,,,,,,CALCULATED
2013-08-10T02:20:00Z,2013-08-10T08:15:13Z,,,,,,,,CALCULATED
2013-08-10T02:30:00Z,2013-08-10T08:25:13Z,,,,,,,,CALCULATED
2013-08-10T02:40:00Z,2013-08-10T08:35:13Z,,,,,,,,CALCULATED
2013-08-10T02:50:00Z,2013-08-10T08:45:13Z,,,,,,,,CALCULATED
2013-08-10T03:00:00Z,2013-08-10T08:55:13Z,,,,,,,,CALCULATED
2013-08-10T03:10:00Z,2013-08-10T09:05:13Z,,,,,,,,CALCULATED
2013-08-10T03:20:00Z,2013-08-10T09:15:13Z,,,,,,,,CALCULATED
2013-08-10T03:30:00Z,2013-08-10T09:25:13Z,,,,,,,,CALCULATED
2013-08-10T03:40:00Z,2013-08-10T09:35:13Z,,,,,,,,CALCULATED
2013-08-10T03:50:00Z,2013-08-10T09:45:13Z,,,,,,,,CALCULATED
2013-08-10T04:00:00Z,2013-08-10T09:55:13Z,,,,,,,,CALCULATED
2013-08-10T04:10:00Z,2013-08-10T10:05:13Z,,,,,,,,CALCULATED
2013-08-10T04:20:00Z,2013-08-10T10:15:13Z,,,,,,,,CALCULATED
2013-08-10T04:30:00Z,2013-08-10T10:25:13Z,,,,,,,,CALCULATED
2013-08-10T04:40:00Z,2013-08-10T10:35:13Z,,,,,,,,CALCULATED
2013-08-10T04:50:00Z,2013-08-10T10:45:13Z,,,,,,,,CALCULATED
2013-08-10T05:00:00Z,2013-08-10T10:55:13Z,,,,,,,,CALCULATED
2013-08-10T05:10:00Z,2013-08-10T11:05:13Z,,,,,,,,CALCULATED
2013-08-10T05:20:00Z,2013-08-10T11:15:13Z,,,,,,,,CALCULATED
2013-08-10T05:30:00Z,2013-08-10T11:25:13Z,,,,,,,,CALCULATED
2013-08-10T05:40:00Z,2013-08-10T11:35:13Z,,,,,,,,CALCULATED
2013-08-10T05:50:00Z,2013-08-10T11:45:13Z,,,,,,,,CALCULATED
2013-08-10T06:00:00Z,2013-08-10T11:55:13Z,,,,,,,,CALCULATED
2013-08-10T06:10:00Z,2013-08-10T12:05:13Z,,,,,,,,CALCULATED
2013-08-10T06:20:00Z,2013-08-10T12:15:13Z,,,,,,,,CALCULATED
2013-08-10T06:30:00Z,2013-08-10T12:25:13Z,,,,,,,,CALCULATED
2013-08-10T06:40:00Z,2013-08-10T12:35:13Z,,,,,,,,CALCULATED
2013-08-10T06:50:00Z,2013-08-10T12:45:13Z,,,,,,,,CALCULATED
2013-08-10T07:00:00Z,2013-08-10T12:55:13Z,,,,,,,,CALCULATED
2013-08-10T07:10:00Z,2013-08-10T13:05:13Z,,,,,,,,CALCULATED
2013-08-10T07:20:00Z,2013-08-10T13:15:13Z,,,,,,,,CALCULATED
2013-08-10T07:30:00Z,2013-08-10T13:25:13Z,,,,,,,,CALCULATED
2013-08-10T07:40:00Z,2013-08-10T13:35:13Z,,,,,,,,CALCULATED
2013-08-10T07:50:00Z,2013-08-10T13:45:13Z,,,,,,,,CALCULATED
2013-08-10T08:00:00Z,2013-08-10T13:55:13Z,,,,,,,,CALCULATED
2013-08-10T08:10:00Z,2013-08-10T14:05:13Z,,,,,,,,CALCULATED
2013-08-10T08:20:00Z,2013-08-10T14:15:13Z,,,,,,,,CALCULATED
2013-08-10T08:30:00Z,2013-08-10T14:25:13Z,,,,,,,,CALCULATED
2013-08-10T08:40:00Z,2013-08-10T14:35:13Z,,,,,,,,CALCULATED
2013-08-10T08:50:00Z,2013-08-10T14:45:13Z,,,,,,,,CALCULATED
2013-08-10T09:00:00Z,2013-08-10T14:55:13Z,,,,,,,,CALCULATED
2013-08-10T09:10:00Z,2013-08-10T15:05:13Z,,,,,,,,CALCULATED
2013-08-10T09:20:00Z,2013-08-10T15:15:13Z,,,,,,,,CALCULATED
2013-08-10T09:30:00Z,2013-08-10T15:25:13Z,,,,,,,,CALCULATED
2013-08-10T09:40:00Z,2013-08-10T15:35:13Z,,,,,,,,CALCULATED
2013-08-10T09:50:00Z,2013-08-10T15:45:13Z,,,,,,,,CALCULATED
2013-08-10T10:00:00Z,2013-08-10T15:55:13Z,,,,,,,,CALCULATED
2013-08-10T10:10:00Z,2013-08-10T16:05:13Z,,,,,,,,CALCULATED
2013-08-10T10:20:00Z,2013-08-10T16:15:13Z,,,,,,,,CALCULATED
2013-08-10T10:30:00Z,2013-08-10T16:25:13Z,,,,,,,,CALCULATED
2013-08-10T10:40:00Z,2013-08-10T16:35:13Z,,,,,,,,CALCULATED
2013-08-10T10:50:00Z,2013-08-10T16:45:13Z,,,,,,,,CALCULATED
2013-08-10T11:00:00Z,2013-08-10T16:55:13Z,,,,,,,,CALCULATED
2013-08-10T11:10:00Z,2013-08-10T17:05:13Z,,,,,,,,CALCULATED
2013-08-10T11:20:00Z,2013-08-10T17:15:13Z,,,,,,,,CALCULATED
2013-08-10T11:30:00Z,2013-08-10T17:25:13Z,,,,,,,,CALCULATED
2013-08-10T11:40:00Z,2013-08-10T17:35:13Z,,,,,,,,CALCULATED
2013-08-10T11:50:00Z,2013-08-10T17:45:13Z,,,,,,,,CALCULATED
2013-08-10T12:00:00Z,2013-08-10T17:55:13Z,,,,,,,,CALCULATED
2013-08-10T12:10:00Z,2013-08-10T18:05:13Z,,,,,,,,CALCULATED
2013-08-10T12:20:00Z,2013-08-10T18:15:13Z,,,,,,,,CALCULATED
2013-08-10T12:30:00Z,2013-08-10T18:25:13Z,,,,,,,,CALCULATED
2013-08-10T12:40:00Z,2013-08-10T18:35:13Z,,,,,,,,CALCULATED
2013-08-10T12:50:00Z,2013-08-10T18:45:13Z,,,,,,OUT_WARN,,CALCULATED
2013-08-10T13:00:00Z,2013-08-10T18:55:13Z,,,,,,,,CALCULATED
2013-08-10T13:10:00Z,2013-08-10T19:05:13Z,,,,,,,,CALCULATED
2013-08-10T13:20:00Z,2013-08-10T19:15:13Z,,,,,,,,CALCULATED
2013-08-10T13:30:00Z,2013-08-10T19:25:13Z,,,,,,,,CALCULATED
2013-08-10T13:40:00Z,2013-08-10T19:35:13Z,,,,,,,,CALCULATED
2013-08-10T13:50:00Z,2013-08-10T19:45:13Z,,,,,,,,CALCULATED
2013-08-10T14:00:00Z,2013-08-10T19:55:13Z,,,,,,,,CALCULATED
2013-08-10T14:10:00Z,2013-08-10T20:05:13Z,,,,,,,,CALCULATED
2013-08-10T14:20:00Z,2013-08-10T20:15:13Z,,,,,,,,CALCULATED
2013-08-10T14:30:00Z,2013-08-10T20:25:13Z,,,,,,,,CALCULATED
2013-08-10T14:40:00Z,2013-08-10T20:35:13Z,,,,,,,,CALCULATED
2013-08-10T14:50:00Z,2013-08-10T20:45:13Z,,,,,,,,CALCULATED
2013-08-10T15:00:00Z,2013-08-10T20:55:13Z,,,,,,,,CALCULATED
2013-08-10T15:10:00Z,2013-08-10T21:05:13Z,,,,,,,,CALCULATED
2013-08-10T15:20:00Z,2013-08-10T21:15:13Z,,,,,,,,CALCULATED
2013-08-10T15:30:00Z,2013-08-10T21:25:13Z,,,,,,,,CALCULATED
2013-08-10T15:40:00Z,2013-08-10T21:35:13Z,,,,,,,,CALCULATED
2013-08-10T15:50:00Z,2013-08-10T21:45:13Z,,,,,,,,CALCULATED
2013-08-10T16:00:00Z,2013-08-10T21:55:13Z,,,,,,,,CALCULATED
2013-08-10T16:10:00Z,2013-08-10T22:05:13Z,,,,,,,,CALCULATED
2013-08-10T16:20:00Z,2013-08-10T22:15:13Z,,,,,,,,CALCULATED
2013-08-10T16:30:00Z,2013-08-10T22:25:13Z,,,,,,,,CALCULATED
2013-08-10T16:40:00Z,2013-08-10T22:35:13Z,,,,,,,,CALCULATED
2013-08-10T16:50:00Z,2013-08-10T22:45:13Z,,,,,,,,CALCULATED
2013-08-10T17:00:00Z,2013-08-10T22:55:13Z,,,,,,,,CALCULATED
2013-08-10T17:10:00Z,2013-08-10T23:05:13Z,,,,,,,,CALCULATED
2013-08-10T17:20:00Z,2013-08-10T23:15:13Z,,,,,,,,CALCULATED
2013-08-10T17:30:00Z,2013-08-10T23:25:13Z,,,,,,,,CALCULATED
2013-08-10T17:40:00Z,2013-08-10T23:35:13Z,,,,,,,,CALCULATED
2013-08-10T17:50:00Z,2013-08-10T23:45:13Z,,,,,,,,CALCULATED
2013-08-10T18:00:00Z,2013-08-10T23:55:13Z,,,,,,,,CALCULATED
2013-08-10T18:10:00Z,2013-08-11T00:05:23Z,,,,,,,,CALCULATED
2013-08-10T18:20:00Z,2013-08-11T00:15:23Z,,,,,,,,CALCULATED
2013-08-10T18:30:00Z,2013-08-11T00:25:23Z,,,,,,,,CALCULATED
2013-08-10T18:40:00Z,2013-08-11T00:35:23Z,,,,,,,,CALCULATED
2013-08-10T18:50:00Z,2013-08-11T00:45:23Z,,,,,,,,CALCULATED
2013-08-10T19:00:00Z,2013-08-11T00:55:23Z,,,,,,,,CALCULATED
2013-08-10T19:10:00Z,2013-08-11T01:05:23Z,,,,,,,,CALCULATED
2013-08-10T19:20:00Z,2013-08-11T01:15:23Z,,,,,,,,CALCULATED
2013-08-10T19:30:00Z,2013-08-11T01:25:23Z,,,,,,,,CALCULATED
2013-08-10T19:40:00Z,2013-08-11T01:35:23Z,,,,,,,,CALCULATED
2013-08-10T19:50:00Z,2013-08-11T01:45:23Z,,,,,,,,CALCULATED
2013-08-10T20:00:00Z,2013-08-11T01:55:23Z,,,,,,,,CALCULATED
2013-08-10T20:10:00Z,2013-08-11T02:05:23Z,,,,,,,,CALCULATED
2013-08-10T20:20:00Z,2013-08-11T02:15:23Z,,,,,,,,CALCULATED
2013-08-10T20:30:00Z,2013-08-11T02:25:23Z,,,,,,,,CALCULATED
2013-08-10T20:40:00Z,2013-08-11T02:35:23Z,,,,,,,,CALCULATED
2013-08-10T20:50:00Z,2013-08-11T02:45:23Z,,,,,,,,CALCULATED
2013-08-10T21:00:00Z,2013-08-11T02:55:23Z,,,,,,,,CALCULATED
2013-08-10T21:10:00Z,2013-08-11T03:05:23Z,,,,,,,,CALCULATED
2013-08-10T21:20:00Z,2013-08-11T03:15:23Z,,,,,,,,CALCULATED
2013-08-10T21:30:00Z,2013-08-11T03:25:23Z,,,,,,,,CALCULATED
2013-08-10T21:40:00Z,2013-08-11T03:35:23Z,,,,,,,,CALCULATED
2013-08-10T21:50:00Z,2013-08-11T03:45:23Z,,,,,,,,CALCULATED
2013-08-10T22:00:00Z,2013-08-11T03:55:23Z,,,,,,,,CALCULATED
2013-08-10T22:10:00Z,2013-08-11T04:05:23Z,,,,,,,,CALCULATED
2013-08-10T22:20:00Z,2013-08-11T04:15:23Z,,,,,,,,CALCULATED
2013-08-10T22:30:00Z,2013-08-11T04:25:23Z,,,,,,,,CALCULATED
2013-08-10T22:40:00Z,2013-08-11T04:35:23Z,,,,,,,,CALCULATED
2013-08-10T22:50:00Z,2013-08-11T04:45:23Z,,,,,,,,CALCULATED
2013-08-10T23:00:00Z,2013-08-11T04:55:23Z,,,,,,,,CALCULATED
2013-08-10T23:10:00Z,2013-08-11T05:05:23Z,,,,,,,,CALCULATED
2013-08-10T23:20:00Z,2013-08-11T05:15:23Z,,,,,,,,CALCULATED
2013-08-10T23:30:00Z,2013-08-11T05:25:23Z,,,,,,,,CALCULATED
2013-08-10T23:40:00Z,2013-08-11T05:35:23Z,,,,,,,,CALCULATED
2013-08-10T23:50:00Z,2013-08-11T05:45:23Z,,,,,,,,CALCULATED
2013-08-11T00:00:00Z,2013-08-11T05:55:23Z,,,,,,,,CALCULATED
2013-08-11T00:10:00Z,2013-08-11T06:05:23Z,,,,,,,,CALCULATED
2013-08-11T00:20:00Z,2013-08-11T06:15:23Z,,,,,,,,CALCULATED
2013-08-11T00:30:00Z,2013-08-11T06:25:23Z,,,,,,,,CALCULATED
2013-08-11T00:40:00Z,2013-08-11T06:35:23Z,,,,,,,,CALCULATED
2013-08-11T00:50:00Z,2013-08-11T06:45:23Z,,,,,,,,CALCULATED
2013-08-11T01:00:00Z,2013-08-11T06:55:23Z,,,,,,,,CALCULATED
2013-08-11T01:10:00Z,2013-08-11T07:05:23Z,,,,,,,,CALCULATED
2013-08-11T01:20:00Z,2013-08-11T07:15:23Z,,,,,,,,CALCULATED
2013-08-11T01:30:00Z,2013-08-11T07:25:23Z,,,,,,,,CALCULATED
2013-08-11T01:40:00Z,2013-08-11T07:35:23Z,,,,,,,,CALCULATED
2013-08-11T01:50:00Z,2013-08-11T07:45:23Z,,,,,,,,CALCULATED
2013-08-11T02:00:00Z,2013-08-11T07:55:23Z,,,,,,,,CALCULATED
2013-08-11T02:10:00Z,2013-08-11T08:05:23Z,,,,,,,,CALCULATED
2013-08-11T02:20:00Z,2013-08-11T08:15:23Z,,,,,,,,CALCULATED
2013-08-11T02:30:00Z,2013-08-11T08:25:23Z,,,,,,,,CALCULATED
2013-08-11T02:40:00Z,2013-08-11T08:35:23Z,,,,,,,,CALCULATED
2013-08-11T02:50:00Z,2013-08-11T08:45:23Z,,,,,,,,CALCULATED
2013-08-11T03:00:00Z,2013-08-11T08:55:23Z,,,,,,,,CALCULATED
2013-08-11T03:10:00Z,2013-08-11T09:05:23Z,,,,,,,,CALCULATED
2013-08-11T03:20:00Z,2013-08-11T09:15:23Z,,,,,,,,CALCULATED
2013-08-11T03:30:00Z,2013-08-11T09:25:23Z,,,,,,,,CALCULATED
2013-08-11T03:40:00Z,2013-08-11T09:35:23Z,,,,,,,,CALCULATED
2013-08-11T03:50:00Z,2013-08-11T09:45:23Z,,,,,,,,CALCULATED
2013-08-11T04:00:00Z,2013-08-11T09:55:23Z,,,,,,,,CALCULATED
2013-08-11T04:10:00Z,2013-08-11T10:05:23Z,,,,,,,,CALCULATED
2013-08-11T04:20:00Z,2013-08-11T10:15:23Z,,,,,,,,CALCULATED
2013-08-11T04:30:00Z,2013-08-11T10:25:23Z,,,,,,,,CALCULATED
2013-08-11T04:40:00Z,2013-08-11T10:35:23Z,,,,,,,,CALCULATED
2013-08-11T04:50:00Z,2013-08-11T10:45:23Z,,,,,,,,CALCULATED
2013-08-11T05:00:00Z,2013-08-11T10:55:23Z,,,,,,,,CALCULATED
2013-08-11T05:10:00Z,2013-08-11T11:05:23Z,,,,,,,,CALCULATED
2013-08-11T05:20:00Z,2013-08-11T11:15:23Z,,,,,,,,CALCULATED
2013-08-11T05:30:00Z,2013-08-11T11:25:23Z,,,,,,,,CALCULATED
2013-08-11T05:40:00Z,2013-08-11T11:35:23Z,,,,,,,,CALCULATED
2013-08-11T05:50:00Z,2013-08-11T11:45:23Z,,,,,,,,CALCULATED
2013-08-11T06:00:00Z,2013-08-11T11:55:23Z,,,,,,,,CALCULATED
2013-08-11T06:10:00Z,2013-08-11T12:05:23Z,,,,,,,,CALCULATED
2013-08-11T06:20:00Z,2013-08-11T12:15:23Z,,,,,,,,CALCULATED
2013-08-11T06:30:00Z,2013-08-11T12:25:23Z,,,,,,,,CALCULATED
2013-08-11T06:40:00Z,2013-08-11T12:35:23Z,,,,,,,,CALCULATED
2013-08-11T06:50:00Z,2013-08-11T12:45:23Z,,,,,,,,CALCULATED
2013-08-11T07:00:00Z,2013-08-11T12:55:23Z,,,,,,,,CALCULATED
2013-08-11T07:10:00Z,2013-08-11T13:05:23Z,,,,,,,,CALCULATED
2013-08-11T07:20:00Z,2013-08-11T13:15:23Z,,,,,,,,CALCULATED
2013-08-11T07:30:00Z,2013-08-11T13:25:23Z,,,,,,,,CALCULATED
2013-08-11T07:40:00Z,2013-08-11T13:35:23Z,,,,,,,,CALCULATED
2013-08-11T07:50:00Z,2013-08-11T13:45:23Z,,,,,,,,CALCULATED
2013-08-11T08:00:00Z,2013-08-11T13:55:23Z,,,,,,,,CALCULATED
2013-08-11T08:10:00Z,2013-08-11T14:05:23Z,,,,,,,,CALCULATED
2013-08-11T08:20:00Z,2013-08-11T14:15:23Z,,,,,,,,CALCULATED
2013-08-11T08:30:00Z,2013-08-11T14:25:23Z,,,,,,,,CALCULATED
2013-08-11T08:40:00Z,2013-08-11T14:35:23Z,,,,,,,,CALCULATED
2013-08-11T08:50:00Z,2013-08-11T14:45:23Z,,,,,,,,CALCULATED
2013-08-11T09:00:00Z,2013-08-11T14:55:23Z,,,,,,,,CALCULATED
2013-08-11T09:10:00Z,2013-08-11T15:05:23Z,,,,,,,,CALCULATED
2013-08-11T09:20:00Z,2013-08-11T15:15:23Z,,RANGE_WARN,,,,,,CALCULATED
2013-08-11T09:30:00Z,2013-08-11T15:25:23Z,,RANGE_WARN,,,,,,CALCULATED
2013-08-11T09:40:00Z,2013-08-11T15:35:23Z,,RANGE_WARN,,,,,,CALCULATED
2013-08-11T09:50:00Z,2013-08-11T15:45:23Z,,RANGE_WARN,,,,,,CALCULATED
2013-08-11T10:00:00Z,2013-08-11T15:55:23Z,,RANGE_WARN,,,,,,CALCULATED
2013-08-11T10:10:00Z,2013-08-11T16:05:23Z,,,,,,,,CALCULATED
2013-08-11T10:20:00Z,2013-08-11T16:15:23Z,,RANGE_WARN,,,,,,CALCULATED
2013-08-11T10:30:00Z,2013-08-11T16:25:23Z,,RANGE_WARN,,,,,,CALCULATED
2013-08-11T10:40:00Z,2013-08-11T16:35:23Z,,RANGE_WARN,,,,,,CALCULATED
2013-08-11T10:50:00Z,2013-08-11T16:45:23Z,,RANGE_WARN,,,,,,CALCULATED
2013-08-11T11:00:00Z,2013-08-11T16:55:23Z,,RANGE_WARN,,,,,,CALCULATED
2013-08-11T11:10:00Z,2013-08-11T17:05:23Z,,RANGE_WARN,,,,,,CALCULATED
2013-08-11T11:20:00Z,2013-08-11T17:15:23Z,,RANGE_WARN,,,,,,CALCULATED
2013-08-11T11:30:00Z,2013-08-11T17:25:23Z,,RANGE_WARN,,,,,,CALCULATED
2013-08-11T11:40:00Z,2013-08-11T17:35:23Z,,RANGE_WARN,,,,,,CALCULATED
2013-08-11T11:50:00Z,2013-08-11T17:45:23Z,,RANGE_WARN,,,,,,CALCULATED
2013-08-11T12:00:00Z,2013-08-11T17:55:23Z,,RANGE_WARN,,,,,,CALCULATED
2013-08-11T12:10:00Z,2013-08-11T18:05:23Z,,,,,,,,CALCULATED
2013-08-11T12:20:00Z,2013-08-11T18:15:23Z,,RANGE_WARN,,,,,,CALCULATED
2013-08-11T12:30:00Z,2013-08-11T18:25:23Z,,,,,,,,CALCULATED
2013-08-11T12:40:00Z,2013-08-11T18:35:23Z,,,,,,,,CALCULATED
2013-08-11T12:50:00Z,2013-08-11T18:45:23Z,,,,,,,,CALCULATED
2013-08-11T13:00:00Z,2013-08-11T18:55:23Z,,,,,,,,CALCULATED
2013-08-11T13:10:00Z,2013-08-11T19:05:23Z,,,,,,,,CALCULATED
2013-08-11T13:20:00Z,2013-08-11T19:15:23Z,,,,,,,,CALCULATED
2013-08-11T13:30:00Z,2013-08-11T19:25:23Z,,,,,,,,CALCULATED
2013-08-11T13:40:00Z,2013-08-11T19:35:23Z,,,,,,,,CALCULATED
2013-08-11T13:50:00Z,2013-08-11T19:45:23Z,,,,,,,,CALCULATED
2013-08-11T14:00:00Z,2013-08-11T19:55:23Z,,,,,,,,CALCULATED
2013-08-11T14:10:00Z,2013-08-11T20:05:23Z,,,,,,,,CALCULATED
2013-08-11T14:20:00Z,2013-08-11T20:15:23Z,,,,,,,,CALCULATED
2013-08-11T14:30:00Z,2013-08-11T20:25:23Z,,,,,,,,CALCULATED
2013-08-11T14:40:00Z,2013-08-11T20:35:23Z,,,,,,,,CALCULATED
2013-08-11T14:50:00Z,2013-08-11T20:45:23Z,,,,,,,,CALCULATED
2013-08-11T15:00:00Z,2013-08-11T20:55:23Z,,,,,,,,CALCULATED
2013-08-11T15:10:00Z,2013-08-11T21:05:23Z,,,,,,,,CALCULATED
2013-08-11T15:20:00Z,2013-08-11T21:15:23Z,,,,,,,,CALCULATED
2013-08-11T15:30:00Z,2013-08-11T21:25:23Z,,,,,,,,CALCULATED
2013-08-11T15:40:00Z,2013-08-11T21:35:23Z,,,,,,,,CALCULATED
2013-08-11T15:50:00Z,2013-08-11T21:45:23Z,,,,,,,,CALCULATED
2013-08-11T16:00:00Z,2013-08-11T21:55:23Z,,,,,,,,CALCULATED
2013-08-11T16:10:00Z,2013-08-11T22:05:23Z,,,,,,,,CALCULATED
2013-08-11T16:20:00Z,2013-08-11T22:15:23Z,,,,,,,,CALCULATED
2013-08-11T16:30:00Z,2013-08-11T22:25:23Z,,,,,,,,CALCULATED
2013-08-11T16:40:00Z,2013-08-11T22:35:23Z,,,,,,,,CALCULATED
2013-08-11T16:50:00Z,2013-08-11T22:45:23Z,,,,,,,,CALCULATED
2013-08-11T17:00:00Z,2013-08-11T22:55:23Z,,,,,,,,CALCULATED
2013-08-11T17:10:00Z,2013-08-11T23:05:23Z,,,,,,OUT_WARN,,CALCULATED
2013-08-11T17:20:00Z,2013-08-11T23:15:23Z,,,,,,,,CALCULATED
2013-08-11T17:30:00Z,2013-08-11T23:25:23Z,,,,,,OUT_WARN,,CALCULATED
2013-08-11T17:40:00Z,2013-08-11T23:35:23Z,,,,,,OUT_WARN,,CALCULATED
2013-08-11T17:50:00Z,2013-08-11T23:45:23Z,,,,,,OUT_WARN,,CALCULATED
2013-08-11T18:00:00Z,2013-08-11T23:55:23Z,,,,,,OUT_WARN,,CALCULATED
2013-08-11T18:10:00Z,2013-08-12T00:05:35Z,,,,,,OUT_WARN,,CALCULATED
2013-08-11T18:20:00Z,2013-08-12T00:15:35Z,,,,,,OUT_WARN,,CALCULATED
2013-08-11T18:30:00Z,2013-08-12T00:25:35Z,,,,,,OUT_WARN,,CALCULATED
2013-08-11T18:40:00Z,2013-08-12T00:35:35Z,,,,,,,,CALCULATED
2013-08-11T18:50:00Z,2013-08-12T00:45:35Z,,,,,,,,CALCULATED
2013-08-11T19:00:00Z,2013-08-12T00:55:35Z,,,,,,,,CALCULATED
2013-08-11T19:10:00Z,2013-08-12T01:05:35Z,,,,,,OUT_WARN,,CALCULATED
2013-08-11T19:20:00Z,2013-08-12T01:15:35Z,,,,,,OUT_WARN,,CALCULATED
2013-08-11T19:30:00Z,2013-08-12T01:25:35Z,,,,,,OUT_WARN,,CALCULATED
2013-08-11T19:40:00Z,2013-08-12T01:35:35Z,,,,,,,,CALCULATED
2013-08-11T19:50:00Z,2013-08-12T01:45:35Z,,,,,,,,CALCULATED
2013-08-11T20:00:00Z,2013-08-12T01:55:35Z,,,,,,OUT_WARN,,CALCULATED
2013-08-11T20:10:00Z,2013-08-12T02:05:35Z,,,,,,OUT_WARN,,CALCULATED
2013-08-11T20:20:00Z,2013-08-12T02:15:35Z,,,,,,OUT_WARN,,CALCULATED
2013-08-11T20:30:00Z,2013-08-12T02:25:35Z,,,,,,,,CALCULATED
2013-08-11T20:40:00Z,2013-08-12T02:35:35Z,,,,,,,,CALCULATED
2013-08-11T20:50:00Z,2013-08-12T02:45:35Z,,,,,,,,CALCULATED
2013-08-11T21:00:00Z,2013-08-12T02:55:35Z,,,,,,,,CALCULATED
2013-08-11T21:10:00Z,2013-08-12T03:05:35Z,,,,,,,,CALCULATED
2013-08-11T21:20:00Z,2013-08-12T03:15:35Z,,,,,,,,CALCULATED
2013-08-11T21:30:00Z,2013-08-12T03:25:35Z,,,,,,,,CALCULATED
2013-08-11T21:40:00Z,2013-08-12T03:35:35Z,,,,,,,,CALCULATED
2013-08-11T21:50:00Z,2013-08-12T03:45:35Z,,,,,,,,CALCULATED
2013-08-11T22:00:00Z,2013-08-12T03:55:35Z,,,,,,,,CALCULATED
2013-08-11T22:10:00Z,2013-08-12T04:05:35Z,,,,,,,,CALCULATED
2013-08-11T22:20:00Z,2013-08-12T04:15:35Z,,,,,,,,CALCULATED
2013-08-11T22:30:00Z,2013-08-12T04:25:35Z,,,,,,,,CALCULATED
2013-08-11T22:40:00Z,2013-08-12T04:35:35Z,,,,,,,,CALCULATED
2013-08-11T22:50:00Z,2013-08-12T04:45:35Z,,,,,,,,CALCULATED
2013-08-11T23:00:00Z,2013-08-12T04:55:35Z,,,,,,,,CALCULATED
2013-08-11T23:10:00Z,2013-08-12T05:05:35Z,,,,,,,,CALCULATED
2013-08-11T23:20:00Z,2013-08-12T05:15:35Z,,,,,,,,CALCULATED
2013-08-11T23:30:00Z,2013-08-12T05:25:35Z,,,,,,,,CALCULATED
2013-08-11T23:40:00Z,2013-08-12T05:35:35Z,,,,,,,,CALCULATED
2013-08-11T23:50:00Z,2013-08-12T05:45:35Z,,,,,,,,CALCULATED
2013-08-12T00:00:00Z,2013-08-12T05:55:35Z,,,,,,,,CALCULATED
2013-08-12T00:10:00Z,2013-08-12T06:05:35Z,,,,,,,,CALCULATED
2013-08-12T00:20:00Z,2013-08-12T06:15:35Z,,,,,,,,CALCULATED
2013-08-12T00:30:00Z,2013-08-12T06:25:35Z,,,,,,,,CALCULATED
2013-08-12T00:40:00Z,2013-08-12T06:35:35Z,,,,,,,,CALCULATED
2013-08-12T00:50:00Z,2013-08-12T06:45:35Z,,,,,,,,CALCULATED
2013-08-12T01:00:00Z,2013-08-12T06:55:35Z,,,,,,,,CALCULATED
2013-08-12T01:10:00Z,2013-08-12T07:05:35Z,,,,,,,,CALCULATED
2013-08-12T01:20:00Z,2013-08-12T07:15:35Z,,,,,,,,CALCULATED
2013-08-12T01:30:00Z,2013-08-12T07:25:35Z,,,,,,,,CALCULATED
2013-08-12T01:40:00Z,2013-08-12T07:35:35Z,,,,,,,,CALCULATED
2013-08-12T01:50:00Z,2013-08-12T07:45:35Z,,,,,,,,CALCULATED
2013-08-12T02:00:00Z,2013-08-12T07:55:35Z,,,,,,,,CALCULATED
2013-08-12T02:10:00Z,2013-08-12T08:05:35Z,,,,,,,,CALCULATED
2013-08-12T02:20:00Z,2013-08-12T08:15:35Z,,,,,,,,CALCULATED
2013-08-12T02:30:00Z,2013-08-12T08:25:35Z,,,,,,,,CALCULATED
2013-08-12T02:40:00Z,2013-08-12T08:35:35Z,,,,,,,,CALCULATED
2013-08-12T02:50:00Z,2013-08-12T08:45:35Z,,,,,,,,CALCULATED
2013-08-12T03:00:00Z,2013-08-12T08:55:35Z,,,,,,,,CALCULATED
2013-08-12T03:10:00Z,2013-08-12T09:05:35Z,,,,,,,,CALCULATED
2013-08-12T03:20:00Z,2013-08-12T09:15:35Z,,,,,,,,CALCULATED
2013-08-12T03:30:00Z,2013-08-12T09:25:35Z,,,,,,,,CALCULATED
2013-08-12T03:40:00Z,2013-08-12T09:35:35Z,,,,,,,,CALCULATED
2013-08-12T03:50:00Z,2013-08-12T09:45:35Z,,,,,,,,CALCULATED
2013-08-12T04:00:00Z,2013-08-12T09:55:35Z,,,,,,,,CALCULATED
2013-08-12T04:10:00Z,2013-08-12T10:05:35Z,,,,,,,,CALCULATED
2013-08-12T04:20:00Z,2013-08-12T10:15:35Z,,,,,,,,CALCULATED
2013-08-12T04:30:00Z,2013-08-12T10:25:35Z,,,,,,,,CALCULATED
2013-08-12T04:40:00Z,2013-08-12T10:35:35Z,,,,,,,,CALCULATED
2013-08-12T04:50:00Z,2013-08-12T10:45:35Z,,,,,,,,CALCULATED
2013-08-12T05:00:00Z,2013-08-12T10:55:35Z,,,,,,,,CALCULATED
2013-08-12T05:10:00Z,2013-08-12T11:05:35Z,,,,,,,,CALCULATED
2013-08-12T05:20:00Z,2013-08-12T11:15:35Z,,,,,,,,CALCULATED
2013-08-12T05:30:00Z,2013-08-12T11:25:35Z,,,,,,,,CALCULATED
2013-08-12T05:40:00Z,2013-08-12T11:35:35Z,,,,,,,,CALCULATED
2013-08-12T05:50:00Z,2013-08-12T11:45:35Z,,,,,,,,CALCULATED
2013-08-12T06:00:00Z,2013-08-12T11:55:35Z,,,,,,,,CALCULATED
2013-08-12T06:10:00Z,2013-08-12T12:05:35Z,,,,,,,,CALCULATED
2013-08-12T06:20:00Z,2013-08-12T12:15:35Z,,,,,,,,CALCULATED
2013-08-12T06:30:00Z,2013-08-12T12:25:35Z,,,,,,,,CALCULATED
2013-08-12T06:40:00Z,2013-08-12T12:35:35Z,,,,,,,,CALCULATED
2013-08-12T06:50:00Z,2013-08-12T12:45:35Z,,,,,,,,CALCULATED
2013-08-12T07:00:00Z,2013-08-12T12:55:35Z,,,,,,,,CALCULATED
2013-08-12T07:10:00Z,2013-08-12T13:05:35Z,,,,,,,,CALCULATED
2013-08-12T07:20:00Z,2013-08-12T13:15:35Z,,,,,,,,CALCULATED
2013-08-12T07:30:00Z,2013-08-12T13:25:35Z,,,,,,,,CALCULATED
2013-08-12T07:40:00Z,2013-08-12T13:35:35Z,,,,,,,,CALCULATED
2013-08-12T07:50:00Z,2013-08-12T13:45:35Z,,,,,,,,CALCULATED
2013-08-12T08:00:00Z,2013-08-12T13:55:35Z,,,,,,,,CALCULATED
2013-08-12T08:10:00Z,2013-08-12T14:05:35Z,,,,,,,,CALCULATED
2013-08-12T08:20:00Z,2013-08-12T14:15:35Z,,,,,,,,CALCULATED
2013-08-12T08:30:00Z,2013-08-12T14:25:35Z,,,,,,,,CALCULATED
2013-08-12T08:40:00Z,2013-08-12T14:35:35Z,,,,,,,,CALCULATED
2013-08-12T08:50:00Z,2013-08-12T14:45:35Z,,,,,,,,CALCULATED
2013-08-12T09:00:00Z,2013-08-12T14:55:35Z,,,,,,,,CALCULATED
2013-08-12T09:10:00Z,2013-08-12T15:05:35Z,,,,,,,,CALCULATED
2013-08-12T09:20:00Z,2013-08-12T15:15:35Z,,,,,,,,CALCULATED
2013-08-12T09:30:00Z,2013-08-12T15:25:35Z,,,,,,,,CALCULATED
2013-08-12T09:40:00Z,2013-08-12T15:35:35Z,,,,,,,,CALCULATED
2013-08-12T09:50:00Z,2013-08-12T15:45:35Z,,,,,,,,CALCULATED
2013-08-12T10:00:00Z,2013-08-12T15:55:35Z,,,,,,,,CALCULATED
2013-08-12T10:10:00Z,2013-08-12T16:05:35Z,,,,,,,,CALCULATED
2013-08-12T10:20:00Z,2013-08-12T16:15:35Z,,,,,,,,CALCULATED
2013-08-12T10:30:00Z,2013-08-12T16:25:35Z,,,,,,,,CALCULATED
2013-08-12T10:40:00Z,2013-08-12T16:35:35Z,,,,,,,,CALCULATED
2013-08-12T10:50:00Z,2013-08-12T16:45:35Z,,,,,,,,CALCULATED
2013-08-12T11:00:00Z,2013-08-12T16:55:35Z,,,,,,,,CALCULATED
2013-08-12T11:10:00Z,2013-08-12T17:05:35Z,,,,,,,,CALCULATED
2013-08-12T11:20:00Z,2013-08-12T17:15:35Z,,,,,,,,CALCULATED
2013-08-12T11:30:00Z,2013-08-12T17:25:35Z,,,,,,,,CALCULATED
2013-08-12T11:40:00Z,2013-08-12T17:35:35Z,,,,,,,,CALCULATED
2013-08-12T11:50:00Z,2013-08-12T17:45:35Z,,,,,,,,CALCULATED
2013-08-12T12:00:00Z,2013-08-12T17:55:35Z,,,,,,,,CALCULATED
2013-08-12T12:10:00Z,2013-08-12T18:05:35Z,,,,,,,,CALCULATED
2013-08-12T12:20:00Z,2013-08-12T18:15:35Z,,,,,,,,CALCULATED
2013-08-12T12:30:00Z,2013-08-12T18:25:35Z,,,,,,,,CALCULATED
2013-08-12T12:40:00Z,2013-08-12T18:35:35Z,,,,,,,,CALCULATED
2013-08-12T12:50:00Z,2013-08-12T18:45:35Z,,,,,,,,CALCULATED
2013-08-12T13:00:00Z,2013-08-12T18:55:35Z,,,,,,,,CALCULATED
2013-08-12T13:10:00Z,2013-08-12T19:05:35Z,,,,,,,,CALCULATED
2013-08-12T13:20:00Z,2013-08-12T19:15:35Z,,,,,,,,CALCULATED
2013-08-12T13:30:00Z,2013-08-12T19:25:35Z,,,,,,,,CALCULATED
2013-08-12T13:40:00Z,2013-08-12T19:35:35Z,,,,,,,,CALCULATED
2013-08-12T13:50:00Z,2013-08-12T19:45:35Z,,,,,,,,CALCULATED
2013-08-12T14:00:00Z,2013-08-12T19:55:35Z,,,,,,,,CALCULATED
2013-08-12T14:10:00Z,2013-08-12T20:05:35Z,,,,,,,,CALCULATED
2013-08-12T14:20:00Z,2013-08-12T20:15:35Z,,,,,,,,CALCULATED
2013-08-12T14:30:00Z,2013-08-12T20:25:35Z,,,,,,,,CALCULATED
2013-08-12T14:40:00Z,2013-08-12T20:35:35Z,,,,,,,,CALCULATED
2013-08-12T14:50:00Z,2013-08-12T20:45:35Z,,,,,,,,CALCULATED
2013-08-12T15:00:00Z,2013-08-12T20:55:35Z,,,,,,,,CALCULATED
2013-08-12T15:10:00Z,2013-08-12T21:05:35Z,,,,,,,,CALCULATED
2013-08-12T15:20:00Z,2013-08-12T21:15:35Z,,,,,,,,CALCULATED
2013-08-12T15:30:00Z,2013-08-12T21:25:35Z,,,,,,,,CALCULATED
2013-08-12T15:40:00Z,2013-08-12T21:35:35Z,,,,,,,,CALCULATED
2013-08-12T15:50:00Z,2013-08-12T21:45:35Z,,,,,,,,CALCULATED
2013-08-12T16:00:00Z,2013-08-12T21:55:35Z,,,,,,,,CALCULATED
2013-08-12T16:10:00Z,2013-08-12T22:05:35Z,,,,,,,,CALCULATED
2013-08-12T16:20:00Z,2013-08-12T22:15:35Z,,,,,,,,CALCULATED
2013-08-12T16:30:00Z,2013-08-12T22:25:35Z,,,,,,,,CALCULATED
2013-08-12T16:40:00Z,2013-08-12T22:35:35Z,,,,,,,,CALCULATED
2013-08-12T16:50:00Z,2013-08-12T22:45:35Z,,,,,,,,CALCULATED
2013-08-12T17:00:00Z,2013-08-12T22:55:35Z,,,,,,,,CALCULATED
2013-08-12T17:10:00Z,2013-08-12T23:05:35Z,,,,,,,,CALCULATED
2013-08-12T17:20:00Z,2013-08-12T23:15:35Z,,,,,,,,CALCULATED
2013-08-12T17:30:00Z,2013-08-12T23:25:35Z,,,,,,,,CALCULATED
2013-08-12T17:40:00Z,2013-08-12T23:35:35Z,,,,,,,,CALCULATED
2013-08-12T17:50:00Z,2013-08-12T23:45:35Z,,,,,,,,CALCULATED
2013-08-12T18:00:00Z,2013-08-12T23:55:35Z,,,,,,,,CALCULATED
2013-08-12T18:10:00Z,2013-08-13T00:05:47Z,,,,,,,,CALCULATED
2013-08-12T18:20:00Z,2013-08-13T00:15:47Z,,,,,,,,CALCULATED
2013-08-12T18:30:00Z,2013-08-13T00:25:47Z,,,,,,,,CALCULATED
2013-08-12T18:40:00Z,2013-08-13T00:35:47Z,,,,,,,,CALCULATED
2013-08-12T18:50:00Z,2013-08-13T00:45:47Z,,,,,,,,CALCULATED
2013-08-12T19:00:00Z,2013-08-13T00:55:47Z,,,,,,,,CALCULATED
2013-08-12T19:10:00Z,2013-08-13T01:05:47Z,,,,,,,,CALCULATED
2013-08-12T19:20:00Z,2013-08-13T01:15:47Z,,,,,,,,CALCULATED
2013-08-12T19:30:00Z,2013-08-13T01:25:47Z,,,,,,,,CALCULATED
2013-08-12T19:40:00Z,2013-08-13T01:35:47Z,,,,,,,,CALCULATED
2013-08-12T19:50:00Z,2013-08-13T01:45:47Z,,,,,,,,CALCULATED
2013-08-12T20:00:00Z,2013-08-13T01:55:47Z,,,,,,,,CALCULATED
2013-08-12T20:10:00Z,2013-08-13T02:05:47Z,,,,,,,,CALCULATED
2013-08-12T20:20:00Z,2013-08-13T02:15:47Z,,,,,,,,CALCULATED
2013-08-12T20:30:00Z,2013-08-13T02:25:47Z,,,,,,,,CALCULATED
2013-08-12T20:40:00Z,2013-08-13T02:35:47Z,,,,,,,,CALCULATED
2013-08-12T20:50:00Z,2013-08-13T02:45:47Z,,,,,,,,CALCULATED
2013-08-12T21:00:00Z,2013-08-13T02:55:47Z,,,,,,,,CALCULATED
2013-08-12T21:10:00Z,2013-08-13T03:05:47Z,,,,,,,,CALCULATED
2013-08-12T21:20:00Z,2013-08-13T03:15:47Z,,,,,,,,CALCULATED
2013-08-12T21:30:00Z,2013-08-13T03:25:47Z,,,,,,,,CALCULATED
2013-08-12T21:40:00Z,2013-08-13T03:35:47Z,,,,,,,,CALCULATED
2013-08-12T21:50:00Z,2013-08-13T03:45:47Z,,,,,,,,CALCULATED
2013-08-12T22:00:00Z,2013-08-13T03:55:47Z,,,,,,,,CALCULATED
2013-08-12T22:10:00Z,2013-08-13T04:05:47Z,,,,,,,,CALCULATED
2013-08-12T22:20:00Z,2013-08-13T04:15:47Z,,,,,,,,CALCULATED
2013-08-12T22:30:00Z,2013-08-13T04:25:47Z,,,,,,,,CALCULATED
2013-08-12T22:40:00Z,2013-08-13T04:35:47Z,,,,,,,,CALCULATED
2013-08-12T22:50:00Z,2013-08-13T04:45:47Z,,,,,,,,CALCULATED
2013-08-12T23:00:00Z,2013-08-13T04:55:47Z,,,,,,,,CALCULATED
2013-08-12T23:10:00Z,2013-08-13T05:05:47Z,,,,,,,,CALCULATED
2013-08-12T23:20:00Z,2013-08-13T05:15:47Z,,,,,,,,CALCULATED
2013-08-12T23:30:00Z,2013-08-13T05:25:47Z,,,,,,,,CALCULATED
2013-08-12T23:40:00Z,2013-08-13T05:35:47Z,,,,,,,,CALCULATED
2013-08-12T23:50:00Z,2013-08-13T05:45:47Z,,,,,,,,CALCULATED
2013-08-13T00:00:00Z,2013-08-13T05:55:47Z,,,,,,,,CALCULATED
2013-08-13T00:10:00Z,2013-08-13T06:05:47Z,,,,,,,,CALCULATED
2013-08-13T00:20:00Z,2013-08-13T06:15:47Z,,,,,,,,CALCULATED
2013-08-13T00:30:00Z,2013-08-13T06:25:47Z,,,,,,,,CALCULATED
2013-08-13T00:40:00Z,2013-08-13T06:35:47Z,,,,,,,,CALCULATED
2013-08-13T00:50:00Z,2013-08-13T06:45:47Z,,,,,,,,CALCULATED
2013-08-13T01:00:00Z,2013-08-13T06:55:47Z,,,,,,,,CALCULATED
2013-08-13T01:10:00Z,2013-08-13T07:05:47Z,,,,,,,,CALCULATED
2013-08-13T01:20:00Z,2013-08-13T07:15:47Z,,,,,,,,CALCULATED
2013-08-13T01:30:00Z,2013-08-13T07:25:47Z,,,,,,,,CALCULATED
2013-08-13T01:40:00Z,2013-08-13T07:35:47Z,,,,,,,,CALCULATED
2013-08-13T01:50:00Z,2013-08-13T07:45:47Z,,,,,,,,CALCULATED
2013-08-13T02:00:00Z,2013-08-13T07:55:47Z,,,,,,,,CALCULATED
2013-08-13T02:10:00Z,2013-08-13T08:05:47Z,,,,,,,,CALCULATED
2013-08-13T02:20:00Z,2013-08-13T08:15:47Z,,,,,,,,CALCULATED
2013-08-13T02:30:00Z,2013-08-13T08:25:47Z,,,,,,,,CALCULATED
2013-08-13T02:40:00Z,2013-08-13T08:35:47Z,,,,,,,,CALCULATED
2013-08-13T02:50:00Z,2013-08-13T08:45:47Z,,,,,,,,CALCULATED
2013-08-13T03:00:00Z,2013-08-13T08:55:47Z,,,,,,,,CALCULATED
2013-08-13T03:10:00Z,2013-08-13T09:05:47Z,,,,,,,,CALCULATED
2013-08-13T03:20:00Z,2013-08-13T09:15:47Z,,,,,,,,CALCULATED
2013-08-13T03:30:00Z,2013-08-13T09:25:47Z,,,,,,,,CALCULATED
2013-08-13T03:40:00Z,2013-08-13T09:35:47Z,,,,,,,,CALCULATED
2013-08-13T03:50:00Z,2013-08-13T09:45:47Z,,,,,,,,CALCULATED
2013-08-13T04:00:00Z,2013-08-13T09:55:47Z,,,,,,,,CALCULATED
2013-08-13T04:10:00Z,2013-08-13T10:05:47Z,,,,,,,,CALCULATED
2013-08-13T04:20:00Z,2013-08-13T10:15:47Z,,,,,,,,CALCULATED
2013-08-13T04:30:00Z,2013-08-13T10:25:47Z,,,,,,,,CALCULATED
2013-08-13T04:40:00Z,2013-08-13T10:35:47Z,,,,,,,,CALCULATED
2013-08-13T04:50:00Z,2013-08-13T10:45:47Z,,,,,,,,CALCULATED
2013-08-13T05:00:00Z,2013-08-13T10:55:47Z,,,,,,,,CALCULATED
2013-08-13T05:10:00Z,2013-08-13T11:05:47Z,,,,,,,,CALCULATED
2013-08-13T05:20:00Z,2013-08-13T11:15:47Z,,,,,,,,CALCULATED
2013-08-13T05:30:00Z,2013-08-13T11:25:47Z,,,,,,,,CALCULATED
2013-08-13T05:40:00Z,2013-08-13T11:35:47Z,,,,,,,,CALCULATED
2013-08-13T05:50:00Z,2013-08-13T11:45:47Z,,,,,,,,CALCULATED
2013-08-13T06:00:00Z,2013-08-13T11:55:47Z,,,,,,,,CALCULATED
2013-08-13T06:10:00Z,2013-08-13T12:05:47Z,,,,,,,,CALCULATED
2013-08-13T06:20:00Z,2013-08-13T12:15:47Z,,,,,,,,CALCULATED
2013-08-13T06:30:00Z,2013-08-13T12:25:47Z,,,,,,,,CALCULATED
2013-08-13T06:40:00Z,2013-08-13T12:35:47Z,,,,,,,,CALCULATED
2013-08-13T06:50:00Z,2013-08-13T12:45:47Z,,,,,,,,CALCULATED
2013-08-13T07:00:00Z,2013-08-13T12:55:47Z,,,,,,,,CALCULATED
2013-08-13T07:10:00Z,2013-08-13T13:05:47Z,,,,,,,,CALCULATED
2013-08-13T07:20:00Z,2013-08-13T13:15:47Z,,,,,,,,CALCULATED
2013-08-13T07:30:00Z,2013-08-13T13:25:47Z,,,,,,,,CALCULATED
2013-08-13T07:40:00Z,2013-08-13T13:35:47Z,,,,,,,,CALCULATED
2013-08-13T07:50:00Z,2013-08-13T13:45:47Z,,,,,,,,CALCULATED
2013-08-13T08:00:00Z,2013-08-13T13:55:47Z,,,,,,,,CALCULATED
2013-08-13T08:10:00Z,2013-08-13T14:05:47Z,,,,,,,,CALCULATED
2013-08-13T08:20:00Z,2013-08-13T14:15:47Z,,,,,,,,CALCULATED
2013-08-13T08:30:00Z,2013-08-13T14:25:47Z,,,,,,,,CALCULATED
2013-08-13T08:40:00Z,2013-08-13T14:35:47Z,,,,,,,,CALCULATED
2013-08-13T08:50:00Z,2013-08-13T14:45:47Z,,,,,,,,CALCULATED
2013-08-13T09:00:00Z,2013-08-13T14:55:47Z,,,,,,,,CALCULATED
2013-08-13T09:10:00Z,2013-08-13T15:05:47Z,,,,,,,,CALCULATED
2013-08-13T09:20:00Z,2013-08-13T15:15:47Z,,,,,,,,CALCULATED
2013-08-13T09:30:00Z,2013-08-13T15:25:47Z,,,,,,,,CALCULATED
2013-08-13T09:40:00Z,2013-08-13T15:35:47Z,,,,,,,,CALCULATED
2013-08-13T09:50:00Z,2013-08-13T15:45:47Z,,,,,,,,CALCULATED
2013-08-13T10:00:00Z,2013-08-13T15:55:47Z,,,,,,,,CALCULATED
2013-08-13T10:10:00Z,2013-08-13T16:05:47Z,,,,,,,,CALCULATED
2013-08-13T10:20:00Z,2013-08-13T16:15:47Z,,,,,,,,CALCULATED
2013-08-13T10:30:00Z,2013-08-13T16:25:47Z,,,,,,,,CALCULATED
2013-08-13T10:40:00Z,2013-08-13T16:35:47Z,,,,,,,,CALCULATED
2013-08-13T10:50:00Z,2013-08-13T16:45:47Z,,,,,,,,CALCULATED
2013-08-13T11:00:00Z,2013-08-13T16:55:47Z,,,,,,,,CALCULATED
2013-08-13T11:10:00Z,2013-08-13T17:05:47Z,,,,,,,,CALCULATED
2013-08-13T11:20:00Z,2013-08-13T17:15:47Z,,,,,,,,CALCULATED
2013-08-13T11:30:00Z,2013-08-13T17:25:47Z,,,,,,,,CALCULATED
2013-08-13T11:40:00Z,2013-08-13T17:35:47Z,,,,,,,,CALCULATED
2013-08-13T11:50:00Z,2013-08-13T17:45:47Z,,,,,,,,CALCULATED
2013-08-13T12:00:00Z,2013-08-13T17:55:47Z,,,,,,,,CALCULATED
2013-08-13T12:10:00Z,2013-08-13T18:05:47Z,,,,,,,,CALCULATED
2013-08-13T12:20:00Z,2013-08-13T18:15:47Z,,,,,,,,CALCULATED
2013-08-13T12:30:00Z,2013-08-13T18:25:47Z,,,,,,,,CALCULATED
2013-08-13T12:40:00Z,2013-08-13T18:35:47Z,,,,,,,,CALCULATED
2013-08-13T12:50:00Z,2013-08-13T18:45:47Z,,,,,,,,CALCULATED
2013-08-13T13:00:00Z,2013-08-13T18:55:47Z,,,,,,,,CALCULATED
2013-08-13T13:10:00Z,2013-08-13T19:05:47Z,,,,,,,,CALCULATED
2013-08-13T13:20:00Z,2013-08-13T19:15:47Z,,,,,,,,CALCULATED
2013-08-13T13:30:00Z,2013-08-13T19:25:47Z,,,,,,,,CALCULATED
2013-08-13T13:40:00Z,2013-08-13T19:35:47Z,,,,,,,,CALCULATED
2013-08-13T13:50:00Z,2013-08-13T19:45:47Z,,,,,,,,CALCULATED
2013-08-13T14:00:00Z,2013-08-13T19:55:47Z,,,,,,,,CALCULATED
2013-08-13T14:10:00Z,2013-08-13T20:05:47Z,,,,,,,,CALCULATED
2013-08-13T14:20:00Z,2013-08-13T20:15:47Z,,,,,,,,CALCULATED
2013-08-13T14:30:00Z,2013-08-13T20:25:47Z,,,,,,,,CALCULATED
2013-08-13T14:40:00Z,2013-08-13T20:35:47Z,,,,,,,,CALCULATED
2013-08-13T14:50:00Z,2013-08-13T20:45:47Z,,,,,,,,CALCULATED
2013-08-13T15:00:00Z,2013-08-13T20:55:47Z,,,,,,,,CALCULATED
2013-08-13T15:10:00Z,2013-08-13T21:05:47Z,,,,,,,,CALCULATED
2013-08-13T15:20:00Z,2013-08-13T21:15:47Z,,,,,,,,CALCULATED
2013-08-13T15:30:00Z,2013-08-13T21:25:47Z,,,,,,,,CALCULATED
2013-08-13T15:40:00Z,2013-08-13T21:35:47Z,,,,,,,,CALCULATED
2013-08-13T15:50:00Z,2013-08-13T21:45:47Z,,,,,,,,CALCULATED
2013-08-13T16:00:00Z,2013-08-13T21:55:47Z,,,,,,,,CALCULATED
2013-08-13T16:10:00Z,2013-08-13T22:05:47Z,,,,,,,,CALCULATED
2013-08-13T16:20:00Z,2013-08-13T22:15:47Z,,,,,,,,CALCULATED
2013-08-13T16:30:00Z,2013-08-13T22:25:47Z,,,,,,,,CALCULATED
2013-08-13T16:40:00Z,2013-08-13T22:35:47Z,,,,,,,,CALCULATED
2013-08-13T16:50:00Z,2013-08-13T22:45:47Z,,,,,,,,CALCULATED
2013-08-13T17:00:00Z,2013-08-13T22:55:47Z,,,,,,,,CALCULATED
2013-08-13T17:10:00Z,2013-08-13T23:05:47Z,,,,,,,,CALCULATED
2013-08-13T17:20:00Z,2013-08-13T23:15:47Z,,,,,,,,CALCULATED
2013-08-13T17:30:00Z,2013-08-13T23:25:47Z,,,,,,,,CALCULATED
2013-08-13T17:40:00Z,2013-08-13T23:35:47Z,,,,,,,,CALCULATED
2013-08-13T17:50:00Z,2013-08-13T23:45:47Z,,,,,,,,CALCULATED
2013-08-13T18:00:00Z,2013-08-13T23:55:47Z,,,,,,,,CALCULATED
2013-08-13T18:10:00Z,2013-08-14T00:06:00Z,,,,,,,,CALCULATED
2013-08-13T18:20:00Z,2013-08-14T00:16:00Z,,,,,,,,CALCULATED
2013-08-13T18:30:00Z,2013-08-14T00:26:00Z,,,,,,,,CALCULATED
2013-08-13T18:40:00Z,2013-08-14T00:36:00Z,,,,,,,,CALCULATED
2013-08-13T18:50:00Z,2013-08-14T00:46:00Z,,,,,,,,CALCULATED
2013-08-13T19:00:00Z,2013-08-14T00:56:00Z,,,,,,,,CALCULATED
2013-08-13T19:10:00Z,2013-08-14T01:06:00Z,,,,,,,,CALCULATED
2013-08-13T19:20:00Z,2013-08-14T01:16:00Z,,,,,,,,CALCULATED
2013-08-13T19:30:00Z,2013-08-14T01:26:00Z,,,,,,,,CALCULATED
2013-08-13T19:40:00Z,2013-08-14T01:36:00Z,,,,,,,,CALCULATED
2013-08-13T19:50:00Z,2013-08-14T01:46:00Z,,,,,,,,CALCULATED
2013-08-13T20:00:00Z,2013-08-14T01:56:00Z,,,,,,,,CALCULATED
2013-08-13T20:10:00Z,2013-08-14T02:06:00Z,,,,,,,,CALCULATED
2013-08-13T20:20:00Z,2013-08-14T02:16:00Z,,,,,,,,CALCULATED
2013-08-13T20:30:00Z,2013-08-14T02:26:00Z,,,,,,,,CALCULATED
2013-08-13T20:40:00Z,2013-08-14T02:36:00Z,,,,,,,,CALCULATED
2013-08-13T20:50:00Z,2013-08-14T02:46:00Z,,,,,,,,CALCULATED
2013-08-13T21:00:00Z,2013-08-14T02:56:00Z,,,,,,,,CALCULATED
2013-08-13T21:10:00Z,2013-08-14T03:06:00Z,,,,,,,,CALCULATED
2013-08-13T21:20:00Z,2013-08-14T03:16:00Z,,,,,,,,CALCULATED
2013-08-13T21:30:00Z,2013-08-14T03:26:00Z,,,,,,,,CALCULATED
2013-08-13T21:40:00Z,2013-08-14T03:36:00Z,,,,,,,,CALCULATED
2013-08-13T21:50:00Z,2013-08-14T03:46:00Z,,,,,,,,CALCULATED
2013-08-13T22:00:00Z,2013-08-14T03:56:00Z,,,,,,,,CALCULATED
2013-08-13T22:10:00Z,2013-08-14T04:06:00Z,,,,,,,,CALCULATED
2013-08-13T22:20:00Z,2013-08-14T04:16:00Z,,,,,,,,CALCULATED
2013-08-13T22:30:00Z,2013-08-14T04:26:00Z,,,,,,,,CALCULATED
2013-08-13T22:40:00Z,2013-08-14T04:36:00Z,,,,,,,,CALCULATED
2013-08-13T22:50:00Z,2013-08-14T04:46:00Z,,,,,,,,CALCULATED
2013-08-13T23:00:00Z,2013-08-14T04:56:00Z,,,,,,,,CALCULATED
2013-08-13T23:10:00Z,2013-08-14T05:06:00Z,,,,,,,,CALCULATED
2013-08-13T23:20:00Z,2013-08-14T05:16:00Z,,,,,,,,CALCULATED
2013-08-13T23:30:00Z,2013-08-14T05:26:00Z,,,,,,,,CALCULATED
2013-08-13T23:40:00Z,2013-08-14T05:36:00Z,,,,,,OUT_WARN,,CALCULATED
2013-08-13T23:50:00Z,2013-08-14T05:46:00Z,,,,,,OUT_WARN,,CALCULATED
2013-08-14T00:00:00Z,2013-08-14T05:56:00Z,,,,,,OUT_WARN,,CALCULATED
2013-08-14T00:10:00Z,2013-08-14T06:06:00Z,,,,,,OUT_WARN,,CALCULATED
2013-08-14T00:20:00Z,2013-08-14T06:16:00Z,,,,,,OUT_WARN,,CALCULATED
2013-08-14T00:30:00Z,2013-08-14T06:26:00Z,,,,,,OUT_WARN,,CALCULATED
2013-08-14T00:40:00Z,2013-08-14T06:36:00Z,,,,,,OUT_WARN,,CALCULATED
2013-08-14T00:50:00Z,2013-08-14T06:46:00Z,,,,,,OUT_WARN,,CALCULATED
2013-08-14T01:00:00Z,2013-08-14T06:56:00Z,,,,,,OUT_WARN,,CALCULATED
2013-08-14T01:10:00Z,2013-08-14T07:06:00Z,,,,,,,,CALCULATED
2013-08-14T01:20:00Z,2013-08-14T07:16:00Z,,,,,,,,CALCULATED
2013-08-14T01:30:00Z,2013-08-14T07:26:00Z,,,,,,OUT_WARN,,CALCULATED
2013-08-14T01:40:00Z,2013-08-14T07:36:00Z,,,,,,,,CALCULATED
2013-08-14T01:50:00Z,2013-08-14T07:46:00Z,,,,,,,,CALCULATED
2013-08-14T02:00:00Z,2013-08-14T07:56:00Z,,,,,,,,CALCULATED
2013-08-14T02:10:00Z,2013-08-14T08:06:00Z,,,,,,OUT_WARN,,CALCULATED
2013-08-14T02:20:00Z,2013-08-14T08:16:00Z,,,,,,,,CALCULATED
2013-08-14T02:30:00Z,2013-08-14T08:26:00Z,,,,,,,,CALCULATED
2013-08-14T02:40:00Z,2013-08-14T08:36:00Z,,,,,,,,CALCULATED
2013-08-14T02:50:00Z,2013-08-14T08:46:00Z,,,,,,OUT_WARN,,CALCULATED
2013-08-14T03:00:00Z,2013-08-14T08:56:00Z,,,,,,,,CALCULATED
2013-08-14T03:10:00Z,2013-08-14T09:06:00Z,,,,,,,,CALCULATED
2013-08-14T03:20:00Z,2013-08-14T09:16:00Z,,,,,,,,CALCULATED
2013-08-14T03:30:00Z,2013-08-14T09:26:00Z,,,,,,,,CALCULATED
2013-08-14T03:40:00Z,2013-08-14T09:36:00Z,,,,,,,,CALCULATED
2013-08-14T03:50:00Z,2013-08-14T09:46:00Z,,,,,,,,CALCULATED
2013-08-14T04:00:00Z,2013-08-14T09:56:00Z,,,,,,,,CALCULATED
2013-08-14T04:10:00Z,2013-08-14T10:06:00Z,,,,,,,,CALCULATED
2013-08-14T04:20:00Z,2013-08-14T10:16:00Z,,,,,,,,CALCULATED
2013-08-14T04:30:00Z,2013-08-14T10:26:00Z,,,,,,,,CALCULATED
2013-08-14T04:40:00Z,2013-08-14T10:36:00Z,,,,,,,,CALCULATED
2013-08-14T04:50:00Z,2013-08-14T10:46:00Z,,,,,,,,CALCULATED
2013-08-14T05:00:00Z,2013-08-14T10:56:00Z,,,,,,,,CALCULATED
2013-08-14T05:10:00Z,2013-08-14T11:06:00Z,,,,,,,,CALCULATED
2013-08-14T05:20:00Z,2013-08-14T11:16:00Z,,,,,,,,CALCULATED
2013-08-14T05:30:00Z,2013-08-14T11:26:00Z,,,,,,,,CALCULATED
2013-08-14T05:40:00Z,2013-08-14T11:36:00Z,,,,,,,,CALCULATED
2013-08-14T05:50:00Z,2013-08-14T11:46:00Z,,,,,,,,CALCULATED
2013-08-14T06:00:00Z,2013-08-14T11:56:00Z,,,,,,,,CALCULATED
2013-08-14T06:10:00Z,2013-08-14T12:06:00Z,,,,,,,,CALCULATED
2013-08-14T06:20:00Z,2013-08-14T12:16:00Z,,,,,,,,CALCULATED
2013-08-14T06:30:00Z,2013-08-14T12:26:00Z,,,,,,,,CALCULATED
2013-08-14T06:40:00Z,2013-08-14T12:36:00Z,,,,,,,,CALCULATED
2013-08-14T06:50:00Z,2013-08-14T12:46:00Z,,,,,,,,CALCULATED
2013-08-14T07:00:00Z,2013-08-14T12:56:00Z,,,,,,,,CALCULATED
2013-08-14T07:10:00Z,2013-08-14T13:06:00Z,,,,,,,,CALCULATED
2013-08-14T07:20:00Z,2013-08-14T13:16:00Z,,,,,,,,CALCULATED
2013-08-14T07:30:00Z,2013-08-14T13:26:00Z,,,,,,,,CALCULATED
2013-08-14T07:40:00Z,2013-08-14T13:36:00Z,,,,,,,,CALCULATED
2013-08-14T07:50:00Z,2013-08-14T13:46:00Z,,,,,,,,CALCULATED
2013-08-14T08:00:00Z,2013-08-14T13:56:00Z,,,,,,,,CALCULATED
2013-08-14T08:10:00Z,2013-08-14T14:06:00Z,,,,,,,,CALCULATED
2013-08-14T08:20:00Z,2013-08-14T14:16:00Z,,,,,,,,CALCULATED
2013-08-14T08:30:00Z,2013-08-14T14:26:00Z,,,,,,,,CALCULATED
2013-08-14T08:40:00Z,2013-08-14T14:36:00Z,,,,,,,,CALCULATED
2013-08-14T08:50:00Z,2013-08-14T14:46:00Z,,,,,,,,CALCULATED
2013-08-14T09:00:00Z,2013-08-14T14:56:00Z,,,,,,,,CALCULATED
2013-08-14T09:10:00Z,2013-08-14T15:06:00Z,,,,,,,,CALCULATED
2013-08-14T09:20:00Z,2013-08-14T15:16:00Z,,,,,,,,CALCULATED
2013-08-14T09:30:00Z,2013-08-14T15:26:00Z,,,,,,,,CALCULATED
2013-08-14T09:40:00Z,2013-08-14T15:36:00Z,,,,,,,,CALCULATED
2013-08-14T09:50:00Z,2013-08-14T15:46:00Z,,,,,,,,CALCULATED
2013-08-14T10:00:00Z,2013-08-14T15:56:00Z,,,,,,,,CALCULATED
2013-08-14T10:10:00Z,2013-08-14T16:06:00Z,,,,,,,,CALCULATED
2013-08-14T10:20:00Z,2013-08-14T16:16:00Z,,,,,,,,CALCULATED
2013-08-14T10:30:00Z,2013-08-14T16:26:00Z,,,,,,,,CALCULATED
2013-08-14T10:40:00Z,2013-08-14T16:36:00Z,,,,,,,,CALCULATED
2013-08-14T10:50:00Z,2013-08-14T16:46:00Z,,,,,,,,CALCULATED
2013-08-14T11:00:00Z,2013-08-14T16:56:00Z,,,,,,,,CALCULATED
2013-08-14T11:10:00Z,2013-08-14T17:06:00Z,,,,,,,,CALCULATED
2013-08-14T11:20:00Z,2013-08-14T17:16:00Z,,,,,,,,CALCULATED
2013-08-14T11:30:00Z,2013-08-14T17:26:00Z,,,,,,,,CALCULATED
2013-08-14T11:40:00Z,2013-08-14T17:36:00Z,,,,,,,,CALCULATED
2013-08-14T11:50:00Z,2013-08-14T17:46:00Z,,,,,,,,CALCULATED
2013-08-14T12:00:00Z,2013-08-14T17:56:00Z,,,,,,,,CALCULATED
2013-08-14T12:10:00Z,2013-08-14T18:06:00Z,,,,,,,,CALCULATED
2013-08-14T12:20:00Z,2013-08-14T18:16:00Z,,,,,,,,CALCULATED
2013-08-14T12:30:00Z,2013-08-14T18:26:00Z,,,,,,,,CALCULATED
2013-08-14T12:40:00Z,2013-08-14T18:36:00Z,,,,,,,,CALCULATED
2013-08-14T12:50:00Z,2013-08-14T18:46:00Z,,,,,,,,CALCULATED
2013-08-14T13:00:00Z,2013-08-14T18:56:00Z,,,,,,,,CALCULATED
2013-08-14T13:10:00Z,2013-08-14T19:06:00Z,,,,,,,,CALCULATED
2013-08-14T13:20:00Z,2013-08-14T19:16:00Z,,,,,,,,CALCULATED
2013-08-14T13:30:00Z,2013-08-14T19:26:00Z,,,,,,,,CALCULATED
2013-08-14T13:40:00Z,2013-08-14T19:36:00Z,,,,,,,,CALCULATED
2013-08-14T13:50:00Z,2013-08-14T19:46:00Z,,,,,,,,CALCULATED
2013-08-14T14:00:00Z,2013-08-14T19:56:00Z,,,,,,,,CALCULATED
2013-08-14T14:10:00Z,2013-08-14T20:06:00Z,,,,,,,,CALCULATED
2013-08-14T14:20:00Z,2013-08-14T20:16:00Z,,,,,,,,CALCULATED
2013-08-14T14:30:00Z,2013-08-14T20:26:00Z,,,,,,OUT_WARN,,CALCULATED
2013-08-14T14:40:00Z,2013-08-14T20:36:00Z,,,,,,,,CALCULATED
2013-08-14T14:50:00Z,2013-08-14T20:46:00Z,,,,,,,,CALCULATED
2013-08-14T15:00:00Z,2013-08-14T20:56:00Z,,,,,,,,CALCULATED
2013-08-14T15:10:00Z,2013-08-14T21:06:00Z,,,,,,,,CALCULATED
2013-08-14T15:20:00Z,2013-08-14T21:16:00Z,,,,,,,,CALCULATED
2013-08-14T15:30:00Z,2013-08-14T21:26:00Z,,,,,,,,CALCULATED
2013-08-14T15:40:00Z,2013-08-14T21:36:00Z,,,,,,,,CALCULATED
2013-08-14T15:50:00Z,2013-08-14T21:46:00Z,,,,,,,,CALCULATED
2013-08-14T16:00:00Z,2013-08-14T21:56:00Z,,,,,,,,CALCULATED
2013-08-14T16:10:00Z,2013-08-14T22:06:00Z,,,,,,,,CALCULATED
2013-08-14T16:20:00Z,2013-08-14T22:16:00Z,,,,,,,,CALCULATED
2013-08-14T16:30:00Z,2013-08-14T22:26:00Z,,,,,,,,CALCULATED
2013-08-14T16:40:00Z,2013-08-14T22:36:00Z,,,,,,OUT_WARN,,CALCULATED
2013-08-14T16:50:00Z,2013-08-14T22:46:00Z,,,,,,,,CALCULATED
2013-08-14T17:00:00Z,2013-08-14T22:56:00Z,,,,,,,,CALCULATED
2013-08-14T17:10:00Z,2013-08-14T23:06:00Z,,,,,,,,CALCULATED
2013-08-14T17:20:00Z,2013-08-14T23:16:00Z,,,,,,,,CALCULATED
2013-08-14T17:30:00Z,2013-08-14T23:26:00Z,,,,,,,,CALCULATED
2013-08-14T17:40:00Z,2013-08-14T23:36:00Z,,,,,,,,CALCULATED
2013-08-14T17:50:00Z,2013-08-14T23:46:00Z,,,,,,,,CALCULATED
2013-08-14T18:00:00Z,2013-08-14T23:56:00Z,,,,,,,,CALCULATED
2013-08-14T18:10:00Z,2013-08-15T00:06:13Z,,,,,,,,CALCULATED
2013-08-14T18:20:00Z,2013-08-15T00:16:13Z,,,,,,,,CALCULATED
2013-08-14T18:30:00Z,2013-08-15T00:26:13Z,,,,,,,,CALCULATED
2013-08-14T18:40:00Z,2013-08-15T00:36:13Z,,,,,,,,CALCULATED
2013-08-14T18:50:00Z,2013-08-15T00:46:13Z,,,,,,,,CALCULATED
2013-08-14T19:00:00Z,2013-08-15T00:56:13Z,,,,,,,,CALCULATED
2013-08-14T19:10:00Z,2013-08-15T01:06:13Z,,,,,,,,CALCULATED
2013-08-14T19:20:00Z,2013-08-15T01:16:13Z,,,,,,,,CALCULATED
2013-08-14T19:30:00Z,2013-08-15T01:26:13Z,,,,,,,,CALCULATED
2013-08-14T19:40:00Z,2013-08-15T01:36:13Z,,,,,,,,CALCULATED
2013-08-14T19:50:00Z,2013-08-15T01:46:13Z,,,,,,,,CALCULATED
2013-08-14T20:00:00Z,2013-08-15T01:56:13Z,,,,,,OUT_WARN,,CALCULATED
2013-08-14T20:10:00Z,2013-08-15T02:06:13Z,,,,,,OUT_WARN,,CALCULATED
2013-08-14T20:20:00Z,2013-08-15T02:16:13Z,,,,,,,,CALCULATED
2013-08-14T20:30:00Z,2013-08-15T02:26:13Z,,,,,,,,CALCULATED
2013-08-14T20:40:00Z,2013-08-15T02:36:13Z,,,,,,,,CALCULATED
2013-08-14T20:50:00Z,2013-08-15T02:46:13Z,,,,,,OUT_WARN,,CALCULATED
2013-08-14T21:00:00Z,2013-08-15T02:56:13Z,,,,,,OUT_WARN,,CALCULATED
2013-08-14T21:10:00Z,2013-08-15T03:06:13Z,,,,,,OUT_WARN,,CALCULATED
2013-08-14T21:20:00Z,2013-08-15T03:16:13Z,,,,,,,,CALCULATED
2013-08-14T21:30:00Z,2013-08-15T03:26:13Z,,,,,,,,CALCULATED
2013-08-14T21:40:00Z,2013-08-15T03:36:13Z,,,,,,,OUT_WARN,CALCULATED
2013-08-14T21:50:00Z,2013-08-15T03:46:13Z,,,,,,,,CALCULATED
2013-08-14T22:00:00Z,2013-08-15T03:56:13Z,,,,,,,OUT_WARN,CALCULATED
2013-08-14T22:10:00Z,2013-08-15T04:06:13Z,,,,,,,OUT_WARN,CALCULATED
2013-08-14T22:20:00Z,2013-08-15T04:16:13Z,,,,,,,,CALCULATED
2013-08-14T22:30:00Z,2013-08-15T04:26:13Z,,,,,,,OUT_WARN,CALCULATED
2013-08-14T22:40:00Z,2013-08-15T04:36:13Z,,,,,,,OUT_WARN,CALCULATED
2013-08-14T22:50:00Z,2013-08-15T04:46:13Z,,,,,,,OUT_WARN,CALCULATED
2013-08-14T23:00:00Z,2013-08-15T04:56:13Z,,,,,,,OUT_WARN,CALCULATED
2013-08-14T23:10:00Z,2013-08-15T05:06:13Z,,,,,,,,CALCULATED
2013-08-14T23:20:00Z,2013-08-15T05:16:13Z,,,,,,,OUT_WARN,CALCULATED
2013-08-14T23:30:00Z,2013-08-15T05:26:13Z,,,,,,,,CALCULATED
2013-08-14T23:40:00Z,2013-08-15T05:36:13Z,,,,,,,,CALCULATED
2013-08-14T23:50:00Z,2013-08-15T05:46:13Z,,,,,,,,CALCULATED
2013-08-15T00:00:00Z,2013-08-15T05:56:13Z,,,,,,,,CALCULATED
2013-08-15T00:10:00Z,2013-08-15T06:06:13Z,,,,,,,,CALCULATED
2013-08-15T00:20:00Z,2013-08-15T06:16:13Z,,,,,,,,CALCULATED
2013-08-15T00:30:00Z,2013-08-15T06:26:13Z,,,,,,,,CALCULATED
2013-08-15T00:40:00Z,2013-08-15T06:36:13Z,,,,,,,,CALCULATED
2013-08-15T00:50:00Z,2013-08-15T06:46:13Z,,,,,,,,CALCULATED
2013-08-15T01:00:00Z,2013-08-15T06:56:13Z,,,,,,,,CALCULATED
2013-08-15T01:10:00Z,2013-08-15T07:06:13Z,,,,,,,,CALCULATED
2013-08-15T01:20:00Z,2013-08-15T07:16:13Z,,,,,,,,CALCULATED
2013-08-15T01:30:00Z,2013-08-15T07:26:13Z,,,,,,,,CALCULATED
2013-08-15T01:40:00Z,2013-08-15T07:36:13Z,,,,,,,,CALCULATED
2013-08-15T01:50:00Z,2013-08-15T07:46:13Z,,,,,,,,CALCULATED
2013-08-15T02:00:00Z,2013-08-15T07:56:13Z,,,,,,,,CALCULATED
2013-08-15T02:10:00Z,2013-08-15T08:06:13Z,,,,,,,,CALCULATED
2013-08-15T02:20:00Z,2013-08-15T08:16:13Z,,,,,,,,CALCULATED
2013-08-15T02:30:00Z,2013-08-15T08:26:13Z,,,,,,,,CALCULATED
2013-08-15T02:40:00Z,2013-08-15T08:36:13Z,,,,,,,,CALCULATED
2013-08-15T02:50:00Z,2013-08-15T08:46:13Z,,,,,,,,CALCULATED
2013-08-15T03:00:00Z,2013-08-15T08:56:13Z,,,,,,,,CALCULATED
2013-08-15T03:10:00Z,2013-08-15T09:06:13Z,,,,,,,,CALCULATED
2013-08-15T03:20:00Z,2013-08-15T09:16:13Z,,,,,,,,CALCULATED
2013-08-15T03:30:00Z,2013-08-15T09:26:13Z,,,,,,,,CALCULATED
2013-08-15T03:40:00Z,2013-08-15T09:36:13Z,,,,,,,,CALCULATED
2013-08-15T03:50:00Z,2013-08-15T09:46:13Z,,,,,,,,CALCULATED
2013-08-15T04:00:00Z,2013-08-15T09:56:13Z,,,,,,,,CALCULATED
2013-08-15T04:10:00Z,2013-08-15T10:06:13Z,,,,,,,,CALCULATED
2013-08-15T04:20:00Z,2013-08-15T10:16:13Z,,,,,,,,CALCULATED
2013-08-15T04:30:00Z,2013-08-15T10:26:13Z,,,,,,,,CALCULATED
2013-08-15T04:40:00Z,2013-08-15T10:36:13Z,,,,,,,,CALCULATED
2013-08-15T04:50:00Z,2013-08-15T10:46:13Z,,,,,,,,CALCULATED
2013-08-15T05:00:00Z,2013-08-15T10:56:13Z,,,,,,,,CALCULATED
2013-08-15T05:10:00Z,2013-08-15T11:06:13Z,,,,,,,,CALCULATED
2013-08-15T05:20:00Z,2013-08-15T11:16:13Z,,,,,,,,CALCULATED
2013-08-15T05:30:00Z,2013-08-15T11:26:13Z,,,,,,,,CALCULATED
2013-08-15T05:40:00Z,2013-08-15T11:36:13Z,,,,,,,,CALCULATED
2013-08-15T05:50:00Z,2013-08-15T11:46:13Z,,,,,,,,CALCULATED
2013-08-15T06:00:00Z,2013-08-15T11:56:13Z,,,,,,,,CALCULATED
2013-08-15T06:10:00Z,2013-08-15T12:06:13Z,,,,,,,,CALCULATED
2013-08-15T06:20:00Z,2013-08-15T12:16:13Z,,,,,,,,CALCULATED
2013-08-15T06:30:00Z,2013-08-15T12:26:13Z,,,,,,,,CALCULATED
2013-08-15T06:40:00Z,2013-08-15T12:36:13Z,,,,,,,,CALCULATED
2013-08-15T06:50:00Z,2013-08-15T12:46:13Z,,,,,,,,CALCULATED
2013-08-15T07:00:00Z,2013-08-15T12:56:13Z,,,,,,,,CALCULATED
2013-08-15T07:10:00Z,2013-08-15T13:06:13Z,,,,,,,,CALCULATED
2013-08-15T07:20:00Z,2013-08-15T13:16:13Z,,,,,,,,CALCULATED
2013-08-15T07:30:00Z,2013-08-15T13:26:13Z,,,,,,,,CALCULATED
2013-08-15T07:40:00Z,2013-08-15T13:36:13Z,,,,,,,,CALCULATED
2013-08-15T07:50:00Z,2013-08-15T13:46:13Z,,,,,,,,CALCULATED
2013-08-15T08:00:00Z,2013-08-15T13:56:13Z,,,,,,,,CALCULATED
2013-08-15T08:10:00Z,2013-08-15T14:06:13Z,,,,,,,,CALCULATED
2013-08-15T08:20:00Z,2013-08-15T14:16:13Z,,,,,,,,CALCULATED
2013-08-15T08:30:00Z,2013-08-15T14:26:13Z,,,,,,,,CALCULATED
2013-08-15T08:40:00Z,2013-08-15T14:36:13Z,,,,,,,,CALCULATED
2013-08-15T08:50:00Z,2013-08-15T14:46:13Z,,,,,,,,CALCULATED
2013-08-15T09:00:00Z,2013-08-15T14:56:13Z,,,,,,,,CALCULATED
2013-08-15T09:10:00Z,2013-08-15T15:06:13Z,,,,,,,,CALCULATED
2013-08-15T09:20:00Z,2013-08-15T15:16:13Z,,,,,,,,CALCULATED
2013-08-15T09:30:00Z,2013-08-15T15:26:13Z,,,,,,,,CALCULATED
2013-08-15T09:40:00Z,2013-08-15T15:36:13Z,,,,,,,,CALCULATED
2013-08-15T09:50:00Z,2013-08-15T15:46:13Z,,,,,,,,CALCULATED
2013-08-15T10:00:00Z,2013-08-15T15:56:13Z,,,,,,,,CALCULATED
2013-08-15T10:10:00Z,2013-08-15T16:06:13Z,,,,,,,,CALCULATED
2013-08-15T10:20:00Z,2013-08-15T16:16:13Z,,,,,,,,CALCULATED
2013-08-15T10:30:00Z,2013-08-15T16:26:13Z,,,,,,,,CALCULATED
2013-08-15T10:40:00Z,2013-08-15T16:36:13Z,,,,,,,,CALCULATED
2013-08-15T10:50:00Z,2013-08-15T16:46:13Z,,,,,,,,CALCULATED
2013-08-15T11:00:00Z,2013-08-15T16:56:13Z,,,,,,,,CALCULATED
2013-08-15T11:10:00Z,2013-08-15T17:06:13Z,,,,,,,,CALCULATED
2013-08-15T11:20:00Z,2013-08-15T17:16:13Z,,,,,,,,CALCULATED
2013-08-15T11:30:00Z,2013-08-15T17:26:13Z,,,,,,,,CALCULATED
2013-08-15T11:40:00Z,2013-08-15T17:36:13Z,,,,,,,,CALCULATED
2013-08-15T11:50:00Z,2013-08-15T17:46:13Z,,,,,,OUT_WARN,,CALCULATED
2013-08-15T12:00:00Z,2013-08-15T17:56:13Z,,,,,,OUT_WARN,,CALCULATED
2013-08-15T12:10:00Z,2013-08-15T18:06:13Z,,,,,,OUT_WARN,,CALCULATED
2013-08-15T12:20:00Z,2013-08-15T18:16:13Z,,,,,,OUT_WARN,,CALCULATED
2013-08-15T12:30:00Z,2013-08-15T18:26:13Z,,,,,,OUT_WARN,,CALCULATED
2013-08-15T12:40:00Z,2013-08-15T18:36:13Z,,,,,,,,CALCULATED
2013-08-15T12:50:00Z,2013-08-15T18:46:13Z,,,,,,,,CALCULATED
2013-08-15T13:00:00Z,2013-08-15T18:56:13Z,,,,,,OUT_WARN,,CALCULATED
2013-08-15T13:10:00Z,2013-08-15T19:06:13Z,,,,,,,,CALCULATED
2013-08-15T13:20:00Z,2013-08-15T19:16:13Z,,,,,,,,CALCULATED
2013-08-15T13:30:00Z,2013-08-15T19:26:13Z,,,,,,,,CALCULATED
2013-08-15T13:40:00Z,2013-08-15T19:36:13Z,,,,,,,,CALCULATED
2013-08-15T13:50:00Z,2013-08-15T19:46:13Z,,,,,,,,CALCULATED
2013-08-15T14:00:00Z,2013-08-15T19:56:13Z,,,,,,,,CALCULATED
2013-08-15T14:10:00Z,2013-08-15T20:06:13Z,,,,,,,,CALCULATED
2013-08-15T14:20:00Z,2013-08-15T20:16:13Z,,,,,,,,CALCULATED
2013-08-15T14:30:00Z,2013-08-15T20:26:13Z,,,,,,,,CALCULATED
2013-08-15T14:40:00Z,2013-08-15T20:36:13Z,,,,,,,,CALCULATED
2013-08-15T14:50:00Z,2013-08-15T20:46:13Z,,,,,,,,CALCULATED
2013-08-15T15:00:00Z,2013-08-15T20:56:13Z,,,,,,,,CALCULATED
2013-08-15T15:10:00Z,2013-08-15T21:06:13Z,,,,,,,,CALCULATED
2013-08-15T15:20:00Z,2013-08-15T21:16:13Z,,,,,,,,CALCULATED
2013-08-15T15:30:00Z,2013-08-15T21:26:13Z,,,,,,,,CALCULATED
2013-08-15T15:40:00Z,2013-08-15T21:36:13Z,,,,,,,,CALCULATED
2013-08-15T15:50:00Z,2013-08-15T21:46:13Z,,,,,,,,CALCULATED
2013-08-15T16:00:00Z,2013-08-15T21:56:13Z,,,,,,,,CALCULATED
2013-08-15T16:10:00Z,2013-08-15T22:06:13Z,,,,,,,,CALCULATED
2013-08-15T16:20:00Z,2013-08-15T22:16:13Z,,,,,,,,CALCULATED
2013-08-15T16:30:00Z,2013-08-15T22:26:13Z,,,,,,,,CALCULATED
2013-08-15T16:40:00Z,2013-08-15T22:36:13Z,,,,,,,,CALCULATED
2013-08-15T16:50:00Z,2013-08-15T22:46:13Z,,,,,,,,CALCULATED
2013-08-15T17:00:00Z,2013-08-15T22:56:13Z,,,,,,,,CALCULATED
2013-08-15T17:10:00Z,2013-08-15T23:06:13Z,,,,,,,,CALCULATED
2013-08-15T17:20:00Z,2013-08-15T23:16:13Z,,,,,,,,CALCULATED
2013-08-15T17:30:00Z,2013-08-15T23:26:13Z,,,,,,,,CALCULATED
2013-08-15T17:40:00Z,2013-08-15T23:36:13Z,,,,,,,,CALCULATED
2013-08-15T17:50:00Z,2013-08-15T23:46:13Z,,,,,,,,CALCULATED
2013-08-15T18:00:00Z,2013-08-15T23:56:13Z,,,,,,,,CALCULATED
2013-08-15T18:10:00Z,2013-08-16T00:06:27Z,,,,,,,,CALCULATED
2013-08-15T18:20:00Z,2013-08-16T00:16:27Z,,,,,,,,CALCULATED
2013-08-15T18:30:00Z,2013-08-16T00:26:27Z,,,,,,,,CALCULATED
2013-08-15T18:40:00Z,2013-08-16T00:36:27Z,,,,,,,,CALCULATED
2013-08-15T18:50:00Z,2013-08-16T00:46:27Z,,,,,,,,CALCULATED
2013-08-15T19:00:00Z,2013-08-16T00:56:27Z,,,,,,,,CALCULATED
2013-08-15T19:10:00Z,2013-08-16T01:06:27Z,,,,,,,,CALCULATED
2013-08-15T19:20:00Z,2013-08-16T01:16:27Z,,,,,,,,CALCULATED
2013-08-15T19:30:00Z,2013-08-16T01:26:27Z,,,,,,,,CALCULATED
2013-08-15T19:40:00Z,2013-08-16T01:36:27Z,,,,,,,,CALCULATED
2013-08-15T19:50:00Z,2013-08-16T01:46:27Z,,,,,,,,CALCULATED
2013-08-15T20:00:00Z,2013-08-16T01:56:27Z,,,,,,,,CALCULATED
2013-08-15T20:10:00Z,2013-08-16T02:06:27Z,,,,,,,,CALCULATED
2013-08-15T20:20:00Z,2013-08-16T02:16:27Z,,,,,,,,CALCULATED
2013-08-15T20:30:00Z,2013-08-16T02:26:27Z,,,,,,,,CALCULATED
2013-08-15T20:40:00Z,2013-08-16T02:36:27Z,,,,,,,,CALCULATED
2013-08-15T20:50:00Z,2013-08-16T02:46:27Z,,,,,,,,CALCULATED
2013-08-15T21:00:00Z,2013-08-16T02:56:27Z,,,,,,,,CALCULATED
2013-08-15T21:10:00Z,2013-08-16T03:06:27Z,,,,,,,,CALCULATED
2013-08-15T21:20:00Z,2013-08-16T03:16:27Z,,,,,,,,CALCULATED
2013-08-15T21:30:00Z,2013-08-16T03:26:27Z,,,,,,,,CALCULATED
2013-08-15T21:40:00Z,2013-08-16T03:36:27Z,,,,,,,,CALCULATED
2013-08-15T21:50:00Z,2013-08-16T03:46:27Z,,,,,,,,CALCULATED
2013-08-15T22:00:00Z,2013-08-16T03:56:27Z,,,,,,,,CALCULATED
2013-08-15T22:10:00Z,2013-08-16T04:06:27Z,,,,,,,,CALCULATED
2013-08-15T22:20:00Z,2013-08-16T04:16:27Z,,,,,,,,CALCULATED
2013-08-15T22:30:00Z,2013-08-16T04:26:27Z,,,,,,,,CALCULATED
2013-08-15T22:40:00Z,2013-08-16T04:36:27Z,,,,,,,,CALCULATED
2013-08-15T22:50:00Z,2013-08-16T04:46:27Z,,,,,,,,CALCULATED
2013-08-15T23:00:00Z,2013-08-16T04:56:27Z,,,,,,,,CALCULATED
2013-08-15T23:10:00Z,2013-08-16T05:06:27Z,,,,,,,,CALCULATED
2013-08-15T23:20:00Z,2013-08-16T05:16:27Z,,,,,,,,CALCULATED
2013-08-15T23:30:00Z,2013-08-16T05:26:27Z,,,,,,,,CALCULATED
2013-08-15T23:40:00Z,2013-08-16T05:36:27Z,,,,,,,,CALCULATED
2013-08-15T23:50:00Z,2013-08-16T05:46:27Z,,,,,,,,CALCULATED
2013-08-16T00:00:00Z,2013-08-16T05:56:27Z,,,,,,,,CALCULATED
2013-08-16T00:10:00Z,2013-08-16T06:06:27Z,,,,,,,,CALCULATED
2013-08-16T00:20:00Z,2013-08-16T06:16:27Z,,,,,,,,CALCULATED
2013-08-16T00:30:00Z,2013-08-16T06:26:27Z,,,,,,,,CALCULATED
2013-08-16T00:40:00Z,2013-08-16T06:36:27Z,,,,,,,,CALCULATED
2013-08-16T00:50:00Z,2013-08-16T06:46:27Z,,,,,,,,CALCULATED
2013-08-16T01:00:00Z,2013-08-16T06:56:27Z,,,,,,,,CALCULATED
2013-08-16T01:10:00Z,2013-08-16T07:06:27Z,,,,,,,,CALCULATED
2013-08-16T01:20:00Z,2013-08-16T07:16:27Z,,,,,,,,CALCULATED
2013-08-16T01:30:00Z,2013-08-16T07:26:27Z,,,,,,,,CALCULATED
2013-08-16T01:40:00Z,2013-08-16T07:36:27Z,,,,,,,,CALCULATED
2013-08-16T01:50:00Z,2013-08-16T07:46:27Z,,,,,,,,CALCULATED
2013-08-16T02:00:00Z,2013-08-16T07:56:27Z,,,,,,,,CALCULATED
2013-08-16T02:10:00Z,2013-08-16T08:06:27Z,,,,,,,,CALCULATED
2013-08-16T02:20:00Z,2013-08-16T08:16:27Z,,,,,,,,CALCULATED
2013-08-16T02:30:00Z,2013-08-16T08:26:27Z,,,,,,,,CALCULATED
2013-08-16T02:40:00Z,2013-08-16T08:36:27Z,,,,,,,,CALCULATED
2013-08-16T02:50:00Z,2013-08-16T08:46:27Z,,,,,,,,CALCULATED
2013-08-16T03:00:00Z,2013-08-16T08:56:27Z,,,,,,,,CALCULATED
2013-08-16T03:10:00Z,2013-08-16T09:06:27Z,,,,,,,,CALCULATED
2013-08-16T03:20:00Z,2013-08-16T09:16:27Z,,,,,,,,CALCULATED
2013-08-16T03:30:00Z,2013-08-16T09:26:27Z,,,,,,,,CALCULATED
2013-08-16T03:40:00Z,2013-08-16T09:36:27Z,,,,,,,,CALCULATED
2013-08-16T03:50:00Z,2013-08-16T09:46:27Z,,,,,,,,CALCULATED
2013-08-16T04:00:00Z,2013-08-16T09:56:27Z,,,,,,,,CALCULATED
2013-08-16T04:10:00Z,2013-08-16T10:06:27Z,,,,,,,,CALCULATED
2013-08-16T04:20:00Z,2013-08-16T10:16:27Z,,,,,,,,CALCULATED
2013-08-16T04:30:00Z,2013-08-16T10:26:27Z,,,,,,,,CALCULATED
2013-08-16T04:40:00Z,2013-08-16T10:36:27Z,,,,,,,,CALCULATED
2013-08-16T04:50:00Z,2013-08-16T10:46:27Z,,,,,,,,CALCULATED
2013-08-16T05:00:00Z,2013-08-16T10:56:27Z,,,,,,,,CALCULATED
2013-08-16T05:10:00Z,2013-08-16T11:06:27Z,,,,,,,,CALCULATED
2013-08-16T05:20:00Z,2013-08-16T11:16:27Z,,,,,,,,CALCULATED
2013-08-16T05:30:00Z,2013-08-16T11:26:27Z,,,,,,,,CALCULATED
2013-08-16T05:40:00Z,2013-08-16T11:36:27Z,,,,,,,,CALCULATED
2013-08-16T05:50:00Z,2013-08-16T11:46:27Z,,,,,,,,CALCULATED
2013-08-16T06:00:00Z,2013-08-16T11:56:27Z,,,,,,,,CALCULATED
2013-08-16T06:10:00Z,2013-08-16T12:06:27Z,,,,,,,,CALCULATED
2013-08-16T06:20:00Z,2013-08-16T12:16:27Z,,,,,,,,CALCULATED
2013-08-16T06:30:00Z,2013-08-16T12:26:27Z,,,,,,,,CALCULATED
2013-08-16T06:40:00Z,2013-08-16T12:36:27Z,,,,,,,,CALCULATED
2013-08-16T06:50:00Z,2013-08-16T12:46:27Z,,,,,,,,CALCULATED
2013-08-16T07:00:00Z,2013-08-16T12:56:27Z,,,,,,,,CALCULATED
2013-08-16T07:10:00Z,2013-08-16T13:06:27Z,,,,,,,,CALCULATED
2013-08-16T07:20:00Z,2013-08-16T13:16:27Z,,,,,,,,CALCULATED
2013-08-16T07:30:00Z,2013-08-16T13:26:27Z,,,,,,,,CALCULATED
2013-08-16T07:40:00Z,2013-08-16T13:36:27Z,,,,,,,,CALCULATED
2013-08-16T07:50:00Z,2013-08-16T13:46:27Z,,,,,,,,CALCULATED
2013-08-16T08:00:00Z,2013-08-16T13:56:27Z,,,,,,,,CALCULATED
2013-08-16T08:10:00Z,2013-08-16T14:06:27Z,,,,,,,,CALCULATED
2013-08-16T08:20:00Z,2013-08-16T14:16:27Z,,,,,,,,CALCULATED
2013-08-16T08:30:00Z,2013-08-16T14:26:27Z,,,,,,,,CALCULATED
2013-08-16T08:40:00Z,2013-08-16T14:36:27Z,,,,,,,,CALCULATED
2013-08-16T08:50:00Z,2013-08-16T14:46:27Z,,,,,,,,CALCULATED
2013-08-16T09:00:00Z,2013-08-16T14:56:27Z,,,,,,,,CALCULATED
2013-08-16T09:10:00Z,2013-08-16T15:06:27Z,,,,,,,,CALCULATED
2013-08-16T09:20:00Z,2013-08-16T15:16:27Z,,,,,,,,CALCULATED
2013-08-16T09:30:00Z,2013-08-16T15:26:27Z,,,,,,,,CALCULATED
2013-08-16T09:40:00Z,2013-08-16T15:36:27Z,,,,,,,,CALCULATED
2013-08-16T09:50:00Z,2013-08-16T15:46:27Z,,,,,,,,CALCULATED
2013-08-16T10:00:00Z,2013-08-16T15:56:27Z,,,,,,,,CALCULATED
2013-08-16T10:10:00Z,2013-08-16T16:06:27Z,,,,,,,,CALCULATED
2013-08-16T10:20:00Z,2013-08-16T16:16:27Z,,,,,,,,CALCULATED
2013-08-16T10:30:00Z,2013-08-16T16:26:27Z,,,,,,,,CALCULATED
2013-08-16T10:40:00Z,2013-08-16T16:36:27Z,,,,,,,,CALCULATED
2013-08-16T10:50:00Z,2013-08-16T16:46:27Z,,,,,,,,CALCULATED
2013-08-16T11:00:00Z,2013-08-16T16:56:27Z,,,,,,,,CALCULATED
2013-08-16T11:10:00Z,2013-08-16T17:06:27Z,,,,,,,,CALCULATED
2013-08-16T11:20:00Z,2013-08-16T17:16:27Z,,,,,,,,CALCULATED
2013-08-16T11:30:00Z,2013-08-16T17:26:27Z,,,,,,,,CALCULATED
2013-08-16T11:40:00Z,2013-08-16T17:36:27Z,,,,,,,,CALCULATED
2013-08-16T11:50:00Z,2013-08-16T17:46:27Z,,,,,,,,CALCULATED
2013-08-16T12:00:00Z,2013-08-16T17:56:27Z,,,,,,,,CALCULATED
2013-08-16T12:10:00Z,2013-08-16T18:06:27Z,,,,,,,,CALCULATED
2013-08-16T12:20:00Z,2013-08-16T18:16:27Z,,,,,,,,CALCULATED
2013-08-16T12:30:00Z,2013-08-16T18:26:27Z,,,,,,,,CALCULATED
2013-08-16T12:40:00Z,2013-08-16T18:36:27Z,,,,,,OUT_WARN,,CALCULATED
2013-08-16T12:50:00Z,2013-08-16T18:46:27Z,,,,,,,,CALCULATED
2013-08-16T13:00:00Z,2013-08-16T18:56:27Z,,,,,,,,CALCULATED
2013-08-16T13:10:00Z,2013-08-16T19:06:27Z,,,,,,,,CALCULATED
2013-08-16T13:20:00Z,2013-08-16T19:16:27Z,,,,,,,,CALCULATED
2013-08-16T13:30:00Z,2013-08-16T19:26:27Z,,,,,,,,CALCULATED
2013-08-16T13:40:00Z,2013-08-16T19:36:27Z,,,,,,,,CALCULATED
2013-08-16T13:50:00Z,2013-08-16T19:46:27Z,,,,,,,,CALCULATED
2013-08-16T14:00:00Z,2013-08-16T19:56:27Z,,,,,,,,CALCULATED
2013-08-16T14:10:00Z,2013-08-16T20:06:27Z,,,,,,,,CALCULATED
2013-08-16T14:20:00Z,2013-08-16T20:16:27Z,,,,,,,,CALCULATED
2013-08-16T14:30:00Z,2013-08-16T20:26:27Z,,,,,,,,CALCULATED
2013-08-16T14:40:00Z,2013-08-16T20:36:27Z,,,,,,,,CALCULATED
2013-08-16T14:50:00Z,2013-08-16T20:46:27Z,,,,,,,,CALCULATED
2013-08-16T15:00:00Z,2013-08-16T20:56:27Z,,,,,,,,CALCULATED
2013-08-16T15:10:00Z,2013-08-16T21:06:27Z,,,,,,,,CALCULATED
2013-08-16T15:20:00Z,2013-08-16T21:16:27Z,,,,,,,,CALCULATED
2013-08-16T15:30:00Z,2013-08-16T21:26:27Z,,,,,,,,CALCULATED
2013-08-16T15:40:00Z,2013-08-16T21:36:27Z,,,,,,,,CALCULATED
2013-08-16T15:50:00Z,2013-08-16T21:46:27Z,,,,,,,,CALCULATED
2013-08-16T16:00:00Z,2013-08-16T21:56:27Z,,,,,,,,CALCULATED
2013-08-16T16:10:00Z,2013-08-16T22:06:27Z,,,,,,,,CALCULATED
2013-08-16T16:20:00Z,2013-08-16T22:16:27Z,,,,,,,,CALCULATED
2013-08-16T16:30:00Z,2013-08-16T22:26:27Z,,,,,,,,CALCULATED
2013-08-16T16:40:00Z,2013-08-16T22:36:27Z,,,,,,,,CALCULATED
2013-08-16T16:50:00Z,2013-08-16T22:46:27Z,,,,,,,,CALCULATED
2013-08-16T17:00:00Z,2013-08-16T22:56:27Z,,,,,,,,CALCULATED
2013-08-16T17:10:00Z,2013-08-16T23:06:27Z,,,,,,,,CALCULATED
2013-08-16T17:20:00Z,2013-08-16T23:16:27Z,,,,,,,,CALCULATED
2013-08-16T17:30:00Z,2013-08-16T23:26:27Z,,,,,,,,CALCULATED
2013-08-16T17:40:00Z,2013-08-16T23:36:27Z,,,,,,,,CALCULATED
2013-08-16T17:50:00Z,2013-08-16T23:46:27Z,,,,,,OUT_WARN,,CALCULATED
2013-08-16T18:00:00Z,2013-08-16T23:56:27Z,,,,,,OUT_WARN,,CALCULATED
2013-08-16T18:10:00Z,2013-08-17T00:06:41Z,,,,,,OUT_WARN,,CALCULATED
2013-08-16T18:20:00Z,2013-08-17T00:16:41Z,,,,,,OUT_WARN,,CALCULATED
2013-08-16T18:30:00Z,2013-08-17T00:26:41Z,,,,,,OUT_WARN,,CALCULATED
2013-08-16T18:40:00Z,2013-08-17T00:36:41Z,,,,,,,,CALCULATED
2013-08-16T18:50:00Z,2013-08-17T00:46:41Z,,,,,,,,CALCULATED
2013-08-16T19:00:00Z,2013-08-17T00:56:41Z,,,,,,,,CALCULATED
2013-08-16T19:10:00Z,2013-08-17T01:06:41Z,,,,,,,,CALCULATED
2013-08-16T19:20:00Z,2013-08-17T01:16:41Z,,,,,,,,CALCULATED
2013-08-16T19:30:00Z,2013-08-17T01:26:41Z,,,,,,,,CALCULATED
2013-08-16T19:40:00Z,2013-08-17T01:36:41Z,,,,,,,,CALCULATED
2013-08-16T19:50:00Z,2013-08-17T01:46:41Z,,,,,,,,CALCULATED
2013-08-16T20:00:00Z,2013-08-17T01:56:41Z,,,,,,,,CALCULATED
2013-08-16T20:10:00Z,2013-08-17T02:06:41Z,,,,,,,,CALCULATED
2013-08-16T20:20:00Z,2013-08-17T02:16:41Z,,,,,,,,CALCULATED
2013-08-16T20:30:00Z,2013-08-17T02:26:41Z,,,,,,,,CALCULATED
2013-08-16T20:40:00Z,2013-08-17T02:36:41Z,,,,,,,,CALCULATED
2013-08-16T20:50:00Z,2013-08-17T02:46:41Z,,,,,,,,CALCULATED
2013-08-16T21:00:00Z,2013-08-17T02:56:41Z,,,,,,,,CALCULATED
2013-08-16T21:10:00Z,2013-08-17T03:06:41Z,,,,,,,,CALCULATED
2013-08-16T21:20:00Z,2013-08-17T03:16:41Z,,,,,,,,CALCULATED
2013-08-16T21:30:00Z,2013-08-17T03:26:41Z,,,,,,,,CALCULATED
2013-08-16T21:40:00Z,2013-08-17T03:36:41Z,,,,,,,,CALCULATED
2013-08-16T21:50:00Z,2013-08-17T03:46:41Z,,,,,,,,CALCULATED
2013-08-16T22:00:00Z,2013-08-17T03:56:41Z,,,,,,,,CALCULATED
2013-08-16T22:10:00Z,2013-08-17T04:06:41Z,,,,,,,,CALCULATED
2013-08-16T22:20:00Z,2013-08-17T04:16:41Z,,,,,,,,CALCULATED
2013-08-16T22:30:00Z,2013-08-17T04:26:41Z,,,,,,,,CALCULATED
2013-08-16T22:40:00Z,2013-08-17T04:36:41Z,,,,,,OUT_WARN,,CALCULATED
2013-08-16T22:50:00Z,2013-08-17T04:46:41Z,,,,,,OUT_WARN,,CALCULATED
2013-08-16T23:00:00Z,2013-08-17T04:56:41Z,,,,,,OUT_WARN,,CALCULATED
2013-08-16T23:10:00Z,2013-08-17T05:06:41Z,,,,,,,,CALCULATED
2013-08-16T23:20:00Z,2013-08-17T05:16:41Z,,,,,,,,CALCULATED
2013-08-16T23:30:00Z,2013-08-17T05:26:41Z,,,,,,,,CALCULATED
2013-08-16T23:40:00Z,2013-08-17T05:36:41Z,,,,,,,,CALCULATED
2013-08-16T23:50:00Z,2013-08-17T05:46:41Z,,,,,,,,CALCULATED
2013-08-17T00:00:00Z,2013-08-17T05:56:41Z,,,,,,,,CALCULATED
2013-08-17T00:10:00Z,2013-08-17T06:06:41Z,,,,,,,,CALCULATED
2013-08-17T00:20:00Z,2013-08-17T06:16:41Z,,,,,,,,CALCULATED
2013-08-17T00:30:00Z,2013-08-17T06:26:41Z,,,,,,,,CALCULATED
2013-08-17T00:40:00Z,2013-08-17T06:36:41Z,,,,,,,,CALCULATED
2013-08-17T00:50:00Z,2013-08-17T06:46:41Z,,,,,,,,CALCULATED
2013-08-17T01:00:00Z,2013-08-17T06:56:41Z,,,,,,,,CALCULATED
2013-08-17T01:10:00Z,2013-08-17T07:06:41Z,,,,,,,,CALCULATED
2013-08-17T01:20:00Z,2013-08-17T07:16:41Z,,,,,,,,CALCULATED
2013-08-17T01:30:00Z,2013-08-17T07:26:41Z,,,,,,,,CALCULATED
2013-08-17T01:40:00Z,2013-08-17T07:36:41Z,,,,,,,,CALCULATED
2013-08-17T01:50:00Z,2013-08-17T07:46:41Z,,,,,,,,CALCULATED
2013-08-17T02:00:00Z,2013-08-17T07:56:41Z,,,,,,,,CALCULATED
2013-08-17T02:10:00Z,2013-08-17T08:06:41Z,,,,,,,,CALCULATED
2013-08-17T02:20:00Z,2013-08-17T08:16:41Z,,,,,,,,CALCULATED
2013-08-17T02:30:00Z,2013-08-17T08:26:41Z,,,,,,,,CALCULATED
2013-08-17T02:40:00Z,2013-08-17T08:36:41Z,,,,,,,,CALCULATED
2013-08-17T02:50:00Z,2013-08-17T08:46:41Z,,,,,,,,CALCULATED
2013-08-17T03:00:00Z,2013-08-17T08:56:41Z,,,,,,,,CALCULATED
2013-08-17T03:10:00Z,2013-08-17T09:06:41Z,,,,,,,,CALCULATED
2013-08-17T03:20:00Z,2013-08-17T09:16:41Z,,,,,,,,CALCULATED
2013-08-17T03:30:00Z,2013-08-17T09:26:41Z,,,,,,,,CALCULATED
2013-08-17T03:40:00Z,2013-08-17T09:36:41Z,,,,,,,,CALCULATED
2013-08-17T03:50:00Z,2013-08-17T09:46:41Z,,,,,,,,CALCULATED
2013-08-17T04:00:00Z,2013-08-17T09:56:41Z,,,,,,,,CALCULATED
2013-08-17T04:10:00Z,2013-08-17T10:06:41Z,,,,,,,,CALCULATED
2013-08-17T04:20:00Z,2013-08-17T10:16:41Z,,,,,,,,CALCULATED
2013-08-17T04:30:00Z,2013-08-17T10:26:41Z,,,,,,,,CALCULATED
2013-08-17T04:40:00Z,2013-08-17T10:36:41Z,,,,,,,,CALCULATED
2013-08-17T04:50:00Z,2013-08-17T10:46:41Z,,,,,,,,CALCULATED
2013-08-17T05:00:00Z,2013-08-17T10:56:41Z,,,,,,,,CALCULATED
2013-08-17T05:10:00Z,2013-08-17T11:06:41Z,,,,,,,,CALCULATED
2013-08-17T05:20:00Z,2013-08-17T11:16:41Z,,,,,,,,CALCULATED
2013-08-17T05:30:00Z,2013-08-17T11:26:41Z,,,,,,,,CALCULATED
2013-08-17T05:40:00Z,2013-08-17T11:36:41Z,,,,,,,,CALCULATED
2013-08-17T05:50:00Z,2013-08-17T11:46:41Z,,,,,,,,CALCULATED
2013-08-17T06:00:00Z,2013-08-17T11:56:41Z,,,,,,,,CALCULATED
2013-08-17T06:10:00Z,2013-08-17T12:06:41Z,,,,,,,,CALCULATED
2013-08-17T06:20:00Z,2013-08-17T12:16:41Z,,,,,,,,CALCULATED
2013-08-17T06:30:00Z,2013-08-17T12:26:41Z,,,,,,,,CALCULATED
2013-08-17T06:40:00Z,2013-08-17T12:36:41Z,,,,,,,,CALCULATED
2013-08-17T06:50:00Z,2013-08-17T12:46:41Z,,,,,,,,CALCULATED
2013-08-17T07:00:00Z,2013-08-17T12:56:41Z,,,,,,,,CALCULATED
2013-08-17T07:10:00Z,2013-08-17T13:06:41Z,,,,,,,,CALCULATED
2013-08-17T07:20:00Z,2013-08-17T13:16:41Z,,,,,,,,CALCULATED
2013-08-17T07:30:00Z,2013-08-17T13:26:41Z,,,,,,,,CALCULATED
2013-08-17T07:40:00Z,2013-08-17T13:36:41Z,,,,,,,,CALCULATED
2013-08-17T07:50:00Z,2013-08-17T13:46:41Z,,,,,,,,CALCULATED
2013-08-17T08:00:00Z,2013-08-17T13:56:41Z,,,,,,,,CALCULATED
2013-08-17T08:10:00Z,2013-08-17T14:06:41Z,,,,,,,,CALCULATED
2013-08-17T08:20:00Z,2013-08-17T14:16:41Z,,,,,,,,CALCULATED
2013-08-17T08:30:00Z,2013-08-17T14:26:41Z,,,,,,,,CALCULATED
2013-08-17T08:40:00Z,2013-08-17T14:36:41Z,,,,,,,,CALCULATED
2013-08-17T08:50:00Z,2013-08-17T14:46:41Z,,,,,,,,CALCULATED
2013-08-17T09:00:00Z,2013-08-17T14:56:41Z,,,,,,,,CALCULATED
2013-08-17T09:10:00Z,2013-08-17T15:06:41Z,,,,,,,,CALCULATED
2013-08-17T09:20:00Z,2013-08-17T15:16:41Z,,,,,,,,CALCULATED
2013-08-17T09:30:00Z,2013-08-17T15:26:41Z,,,,,,,,CALCULATED
2013-08-17T09:40:00Z,2013-08-17T15:36:41Z,,,,,,,,CALCULATED
2013-08-17T09:50:00Z,2013-08-17T15:46:41Z,,,,,,,,CALCULATED
2013-08-17T10:00:00Z,2013-08-17T15:56:41Z,,,,,,,,CALCULATED
2013-08-17T10:10:00Z,2013-08-17T16:06:41Z,,,,,,,,CALCULATED
2013-08-17T10:20:00Z,2013-08-17T16:16:41Z,,,,,,,,CALCULATED
2013-08-17T10:30:00Z,2013-08-17T16:26:41Z,,,,,,,,CALCULATED
2013-08-17T10:40:00Z,2013-08-17T16:36:41Z,,,,,,,,CALCULATED
2013-08-17T10:50:00Z,2013-08-17T16:46:41Z,,,,,,,,CALCULATED
2013-08-17T11:00:00Z,2013-08-17T16:56:41Z,,,,,,,,CALCULATED
2013-08-17T11:10:00Z,2013-08-17T17:06:41Z,,,,,,,,CALCULATED
2013-08-17T11:20:00Z,2013-08-17T17:16:41Z,,,,,,,,CALCULATED
2013-08-17T11:30:00Z,2013-08-17T17:26:41Z,,,,,,,,CALCULATED
2013-08-17T11:40:00Z,2013-08-17T17:36:41Z,,,,,,,,CALCULATED
2013-08-17T11:50:00Z,2013-08-17T17:46:41Z,,,,,,,,CALCULATED
2013-08-17T12:00:00Z,2013-08-17T17:56:41Z,,,,,,,,CALCULATED
2013-08-17T12:10:00Z,2013-08-17T18:06:41Z,,,,,,,,CALCULATED
2013-08-17T12:20:00Z,2013-08-17T18:16:41Z,,,,,,,,CALCULATED
2013-08-17T12:30:00Z,2013-08-17T18:26:41Z,,,,,,,,CALCULATED
2013-08-17T12:40:00Z,2013-08-17T18:36:41Z,,,,,,,,CALCULATED
2013-08-17T12:50:00Z,2013-08-17T18:46:41Z,,,,,,,,CALCULATED
2013-08-17T13:00:00Z,2013-08-17T18:56:41Z,,,,,,,,CALCULATED
2013-08-17T13:10:00Z,2013-08-17T19:06:41Z,,,,,,,,CALCULATED
2013-08-17T13:20:00Z,2013-08-17T19:16:41Z,,,,,,,,CALCULATED
2013-08-17T13:30:00Z,2013-08-17T19:26:41Z,,,,,,,,CALCULATED
2013-08-17T13:40:00Z,2013-08-17T19:36:41Z,,,,,,,,CALCULATED
2013-08-17T13:50:00Z,2013-08-17T19:46:41Z,,,,,,,,CALCULATED
2013-08-17T14:00:00Z,2013-08-17T19:56:41Z,,,,,,,,CALCULATED
2013-08-17T14:10:00Z,2013-08-17T20:06:41Z,,,,,,,,CALCULATED
2013-08-17T14:20:00Z,2013-08-17T20:16:41Z,,,,,,,,CALCULATED
2013-08-17T14:30:00Z,2013-08-17T20:26:41Z,,,,,,,,CALCULATED
2013-08-17T14:40:00Z,2013-08-17T20:36:41Z,,,,,,,,CALCULATED
2013-08-17T14:50:00Z,2013-08-17T20:46:41Z,,,,,,,,CALCULATED
2013-08-17T15:00:00Z,2013-08-17T20:56:41Z,,,,,,,,CALCULATED
2013-08-17T15:10:00Z,2013-08-17T21:06:41Z,,,,,,,,CALCULATED
2013-08-17T15:20:00Z,2013-08-17T21:16:41Z,,,,,,,,CALCULATED
2013-08-17T15:30:00Z,2013-08-17T21:26:41Z,,,,,,,,CALCULATED
2013-08-17T15:40:00Z,2013-08-17T21:36:41Z,,,,,,,,CALCULATED
2013-08-17T15:50:00Z,2013-08-17T21:46:41Z,,,,,,,,CALCULATED
2013-08-17T16:00:00Z,2013-08-17T21:56:41Z,,,,,,,,CALCULATED
2013-08-17T16:10:00Z,2013-08-17T22:06:41Z,,,,,,,,CALCULATED
2013-08-17T16:20:00Z,2013-08-17T22:16:41Z,,,,,,,,CALCULATED
2013-08-17T16:30:00Z,2013-08-17T22:26:41Z,,,,,,,,CALCULATED
2013-08-17T16:40:00Z,2013-08-17T22:36:41Z,,,,,,,,CALCULATED
2013-08-17T16:50:00Z,2013-08-17T22:46:41Z,,,,,,,,CALCULATED
2013-08-17T17:00:00Z,2013-08-17T22:56:41Z,,,,,,,,CALCULATED
2013-08-17T17:10:00Z,2013-08-17T23:06:41Z,,,,,,,,CALCULATED
2013-08-17T17:20:00Z,2013-08-17T23:16:41Z,,,,,,,,CALCULATED
2013-08-17T17:30:00Z,2013-08-17T23:26:41Z,,,,,,,,CALCULATED
2013-08-17T17:40:00Z,2013-08-17T23:36:41Z,,,,,,,,CALCULATED
2013-08-17T17:50:00Z,2013-08-17T23:46:41Z,,,,,,,,CALCULATED
2013-08-17T18:00:00Z,2013-08-17T23:56:41Z,,,,,,,,CALCULATED
2013-08-17T18:10:00Z,2013-08-18T00:06:56Z,,,,,,,,CALCULATED
2013-08-17T18:20:00Z,2013-08-18T00:16:56Z,,,,,,,,CALCULATED
2013-08-17T18:30:00Z,2013-08-18T00:26:56Z,,,,,,,,CALCULATED
2013-08-17T18:40:00Z,2013-08-18T00:36:56Z,,,,,,,,CALCULATED
2013-08-17T18:50:00Z,2013-08-18T00:46:56Z,,,,,,,,CALCULATED
2013-08-17T19:00:00Z,2013-08-18T00:56:56Z,,,,,,,,CALCULATED
2013-08-17T19:10:00Z,2013-08-18T01:06:56Z,,,,,,,,CALCULATED
2013-08-17T19:20:00Z,2013-08-18T01:16:56Z,,,,,,,,CALCULATED
2013-08-17T19:30:00Z,2013-08-18T01:26:56Z,,,,,,,,CALCULATED
2013-08-17T19:40:00Z,2013-08-18T01:36:56Z,,,,,,,,CALCULATED
2013-08-17T19:50:00Z,2013-08-18T01:46:56Z,,,,,,,,CALCULATED
2013-08-17T20:00:00Z,2013-08-18T01:56:56Z,,,,,,,,CALCULATED
2013-08-17T20:10:00Z,2013-08-18T02:06:56Z,,,,,,,,CALCULATED
2013-08-17T20:20:00Z,2013-08-18T02:16:56Z,,,,,,,,CALCULATED
2013-08-17T20:30:00Z,2013-08-18T02:26:56Z,,,,,,,,CALCULATED
2013-08-17T20:40:00Z,2013-08-18T02:36:56Z,,,,,,,,CALCULATED
2013-08-17T20:50:00Z,2013-08-18T02:46:56Z,,,,,,,,CALCULATED
2013-08-17T21:00:00Z,2013-08-18T02:56:56Z,,,,,,,,CALCULATED
2013-08-17T21:10:00Z,2013-08-18T03:06:56Z,,,,,,,,CALCULATED
2013-08-17T21:20:00Z,2013-08-18T03:16:56Z,,,,,,,,CALCULATED
2013-08-17T21:30:00Z,2013-08-18T03:26:56Z,,,,,,,,CALCULATED
2013-08-17T21:40:00Z,2013-08-18T03:36:56Z,,,,,,,,CALCULATED
2013-08-17T21:50:00Z,2013-08-18T03:46:56Z,,,,,,,,CALCULATED
2013-08-17T22:00:00Z,2013-08-18T03:56:56Z,,,,,,,,CALCULATED
2013-08-17T22:10:00Z,2013-08-18T04:06:56Z,,,,,,,,CALCULATED
2013-08-17T22:20:00Z,2013-08-18T04:16:56Z,,,,,,,,CALCULATED
2013-08-17T22:30:00Z,2013-08-18T04:26:56Z,,,,,,,,CALCULATED
2013-08-17T22:40:00Z,2013-08-18T04:36:56Z,,,,,,,,CALCULATED
2013-08-17T22:50:00Z,2013-08-18T04:46:56Z,,,,,,,,CALCULATED
2013-08-17T23:00:00Z,2013-08-18T04:56:56Z,,,,,,,,CALCULATED
2013-08-17T23:10:00Z,2013-08-18T05:06:56Z,,,,,,,,CALCULATED
2013-08-17T23:20:00Z,2013-08-18T05:16:56Z,,,,,,,,CALCULATED
2013-08-17T23:30:00Z,2013-08-18T05:26:56Z,,,,,,,,CALCULATED
2013-08-17T23:40:00Z,2013-08-18T05:36:56Z,,,,,,,,CALCULATED
2013-08-17T23:50:00Z,2013-08-18T05:46:56Z,,,,,,,,CALCULATED
2013-08-18T00:00:00Z,2013-08-18T05:56:56Z,,,,,,OUT_WARN,,CALCULATED
2013-08-18T00:10:00Z,2013-08-18T06:06:56Z,,,,,,,,CALCULATED
2013-08-18T00:20:00Z,2013-08-18T06:16:56Z,,,,,,,,CALCULATED
2013-08-18T00:30:00Z,2013-08-18T06:26:56Z,,,,,,,,CALCULATED
2013-08-18T00:40:00Z,2013-08-18T06:36:56Z,,,,,,,,CALCULATED
2013-08-18T00:50:00Z,2013-08-18T06:46:56Z,,,,,,,,CALCULATED
2013-08-18T01:00:00Z,2013-08-18T06:56:56Z,,,,,,,,CALCULATED
2013-08-18T01:10:00Z,2013-08-18T07:06:56Z,,,,,,,,CALCULATED
2013-08-18T01:20:00Z,2013-08-18T07:16:56Z,,,,,,,,CALCULATED
2013-08-18T01:30:00Z,2013-08-18T07:26:56Z,,,,,,,,CALCULATED
2013-08-18T01:40:00Z,2013-08-18T07:36:56Z,,,,,,,,CALCULATED
2013-08-18T01:50:00Z,2013-08-18T07:46:56Z,,,,,,,,CALCULATED
2013-08-18T02:00:00Z,2013-08-18T07:56:56Z,,,,,,,,CALCULATED
2013-08-18T02:10:00Z,2013-08-18T08:06:56Z,,,,,,,,CALCULATED
2013-08-18T02:20:00Z,2013-08-18T08:16:56Z,,,,,,,,CALCULATED
2013-08-18T02:30:00Z,2013-08-18T08:26:56Z,,,,,,,,CALCULATED
2013-08-18T02:40:00Z,2013-08-18T08:36:56Z,,,,,,,,CALCULATED
2013-08-18T02:50:00Z,2013-08-18T08:46:56Z,,,,,,,,CALCULATED
2013-08-18T03:00:00Z,2013-08-18T08:56:56Z,,,,,,,,CALCULATED
2013-08-18T03:10:00Z,2013-08-18T09:06:56Z,,,,,,,,CALCULATED
2013-08-18T03:20:00Z,2013-08-18T09:16:56Z,,,,,,,,CALCULATED
2013-08-18T03:30:00Z,2013-08-18T09:26:56Z,,,,,,,,CALCULATED
2013-08-18T03:40:00Z,2013-08-18T09:36:56Z,,,,,,,,CALCULATED
2013-08-18T03:50:00Z,2013-08-18T09:46:56Z,,,,,,,,CALCULATED
2013-08-18T04:00:00Z,2013-08-18T09:56:56Z,,,,,,,,CALCULATED
2013-08-18T04:10:00Z,2013-08-18T10:06:56Z,,,,,,,,CALCULATED
2013-08-18T04:20:00Z,2013-08-18T10:16:56Z,,,,,,,,CALCULATED
2013-08-18T04:30:00Z,2013-08-18T10:26:56Z,,,,,,,,CALCULATED
2013-08-18T04:40:00Z,2013-08-18T10:36:56Z,,,,,,,,CALCULATED
2013-08-18T04:50:00Z,2013-08-18T10:46:56Z,,,,,,,,CALCULATED
2013-08-18T05:00:00Z,2013-08-18T10:56:56Z,,,,,,,,CALCULATED
2013-08-18T05:10:00Z,2013-08-18T11:06:56Z,,,,,,,,CALCULATED
2013-08-18T05:20:00Z,2013-08-18T11:16:56Z,,,,,,,,CALCULATED
2013-08-18T05:30:00Z,2013-08-18T11:26:56Z,,,,,,,,CALCULATED
2013-08-18T05:40:00Z,2013-08-18T11:36:56Z,,,,,,,,CALCULATED
2013-08-18T05:50:00Z,2013-08-18T11:46:56Z,,,,,,,,CALCULATED
2013-08-18T06:00:00Z,2013-08-18T11:56:56Z,,,,,,,,CALCULATED
2013-08-18T06:10:00Z,2013-08-18T12:06:56Z,,,,,,,,CALCULATED
2013-08-18T06:20:00Z,2013-08-18T12:16:56Z,,,,,,,,CALCULATED
2013-08-18T06:30:00Z,2013-08-18T12:26:56Z,,,,,,,,CALCULATED
2013-08-18T06:40:00Z,2013-08-18T12:36:56Z,,,,,,,,CALCULATED
2013-08-18T06:50:00Z,2013-08-18T12:46:56Z,,,,,,,,CALCULATED
2013-08-18T07:00:00Z,2013-08-18T12:56:56Z,,,,,,,,CALCULATED
2013-08-18T07:10:00Z,2013-08-18T13:06:56Z,,,,,,,,CALCULATED
2013-08-18T07:20:00Z,2013-08-18T13:16:56Z,,,,,,,,CALCULATED
2013-08-18T07:30:00Z,2013-08-18T13:26:56Z,,,,,,,,CALCULATED
2013-08-18T07:40:00Z,2013-08-18T13:36:56Z,,,,,,,,CALCULATED
2013-08-18T07:50:00Z,2013-08-18T13:46:56Z,,,,,,,,CALCULATED
2013-08-18T08:00:00Z,2013-08-18T13:56:56Z,,,,,,,,CALCULATED
2013-08-18T08:10:00Z,2013-08-18T14:06:56Z,,,,,,,,CALCULATED
2013-08-18T08:20:00Z,2013-08-18T14:16:56Z,,,,,,,,CALCULATED
2013-08-18T08:30:00Z,2013-08-18T14:26:56Z,,,,,,,,CALCULATED
2013-08-18T08:40:00Z,2013-08-18T14:36:56Z,,,,,,,,CALCULATED
2013-08-18T08:50:00Z,2013-08-18T14:46:56Z,,,,,,,,CALCULATED
2013-08-18T09:00:00Z,2013-08-18T14:56:56Z,,,,,,,,CALCULATED
2013-08-18T09:10:00Z,2013-08-18T15:06:56Z,,,,,,,,CALCULATED
2013-08-18T09:20:00Z,2013-08-18T15:16:56Z,,,,,,,,CALCULATED
2013-08-18T09:30:00Z,2013-08-18T15:26:56Z,,,,,,,,CALCULATED
2013-08-18T09:40:00Z,2013-08-18T15:36:56Z,,,,,,,,CALCULATED
2013-08-18T09:50:00Z,2013-08-18T15:46:56Z,,,,,,,,CALCULATED
2013-08-18T10:00:00Z,2013-08-18T15:56:56Z,,,,,,,,CALCULATED
2013-08-18T10:10:00Z,2013-08-18T16:06:56Z,,,,,,,,CALCULATED
2013-08-18T10:20:00Z,2013-08-18T16:16:56Z,,,,,,,,CALCULATED
2013-08-18T10:30:00Z,2013-08-18T16:26:56Z,,,,,,,,CALCULATED
2013-08-18T10:40:00Z,2013-08-18T16:36:56Z,,,,,,,,CALCULATED
2013-08-18T10:50:00Z,2013-08-18T16:46:56Z,,,,,,,,CALCULATED
2013-08-18T11:00:00Z,2013-08-18T16:56:56Z,,,,,,,,CALCULATED
2013-08-18T11:10:00Z,2013-08-18T17:06:56Z,,,,,,,,CALCULATED
2013-08-18T11:20:00Z,2013-08-18T17:16:56Z,,,,,,,,CALCULATED
2013-08-18T11:30:00Z,2013-08-18T17:26:56Z,,,,,,,,CALCULATED
2013-08-18T11:40:00Z,2013-08-18T17:36:56Z,,,,,,,,CALCULATED
2013-08-18T11:50:00Z,2013-08-18T17:46:56Z,,,,,,,,CALCULATED
2013-08-18T12:00:00Z,2013-08-18T17:56:56Z,,,,,,,,CALCULATED
2013-08-18T12:10:00Z,2013-08-18T18:06:56Z,,,,,,,,CALCULATED
2013-08-18T12:20:00Z,2013-08-18T18:16:56Z,,,,,,,,CALCULATED
2013-08-18T12:30:00Z,2013-08-18T18:26:56Z,,,,,,,,CALCULATED
2013-08-18T12:40:00Z,2013-08-18T18:36:56Z,,,,,,,,CALCULATED
2013-08-18T12:50:00Z,2013-08-18T18:46:56Z,,,,,,,,CALCULATED
2013-08-18T13:00:00Z,2013-08-18T18:56:56Z,,,,,,,,CALCULATED
2013-08-18T13:10:00Z,2013-08-18T19:06:56Z,,,,,,,,CALCULATED
2013-08-18T13:20:00Z,2013-08-18T19:16:56Z,,,,,,,,CALCULATED
2013-08-18T13:30:00Z,2013-08-18T19:26:56Z,,,,,,,,CALCULATED
2013-08-18T13:40:00Z,2013-08-18T19:36:56Z,,,,,,,,CALCULATED
2013-08-18T13:50:00Z,2013-08-18T19:46:56Z,,,,,,,,CALCULATED
2013-08-18T14:00:00Z,2013-08-18T19:56:56Z,,,,,,,,CALCULATED
2013-08-18T14:10:00Z,2013-08-18T20:06:56Z,,,,,,,,CALCULATED
2013-08-18T14:20:00Z,2013-08-18T20:16:56Z,,,,,,,,CALCULATED
2013-08-18T14:30:00Z,2013-08-18T20:26:56Z,,,,,,,,CALCULATED
2013-08-18T14:40:00Z,2013-08-18T20:36:56Z,,,,,,,,CALCULATED
2013-08-18T14:50:00Z,2013-08-18T20:46:56Z,,,,,,,,CALCULATED
2013-08-18T15:00:00Z,2013-08-18T20:56:56Z,,,,,,,,CALCULATED
2013-08-18T15:10:00Z,2013-08-18T21:06:56Z,,,,,,,,CALCULATED
2013-08-18T15:20:00Z,2013-08-18T21:16:56Z,,,,,,,,CALCULATED
2013-08-18T15:30:00Z,2013-08-18T21:26:56Z,,,,,,,,CALCULATED
2013-08-18T15:40:00Z,2013-08-18T21:36:56Z,,,,,,,,CALCULATED
2013-08-18T15:50:00Z,2013-08-18T21:46:56Z,,,,,,,,CALCULATED
2013-08-18T16:00:00Z,2013-08-18T21:56:56Z,,,,,,,,CALCULATED
2013-08-18T16:10:00Z,2013-08-18T22:06:56Z,,,,,,,,CALCULATED
2013-08-18T16:20:00Z,2013-08-18T22:16:56Z,,,,,,,,CALCULATED
2013-08-18T16:30:00Z,2013-08-18T22:26:56Z,,,,,,,,CALCULATED
2013-08-18T16:40:00Z,2013-08-18T22:36:56Z,,,,,,,,CALCULATED
2013-08-18T16:50:00Z,2013-08-18T22:46:56Z,,,,,,,,CALCULATED
2013-08-18T17:00:00Z,2013-08-18T22:56:56Z,,,,,,,,CALCULATED
2013-08-18T17:10:00Z,2013-08-18T23:06:56Z,,,,,,,,CALCULATED
2013-08-18T17:20:00Z,2013-08-18T23:16:56Z,,,,,,,,CALCULATED
2013-08-18T17:30:00Z,2013-08-18T23:26:56Z,,,,,,,,CALCULATED
2013-08-18T17:40:00Z,2013-08-18T23:36:56Z,,,,,,,,CALCULATED
2013-08-18T17:50:00Z,2013-08-18T23:46:56Z,,,,,,,,CALCULATED
2013-08-18T18:00:00Z,2013-08-18T23:56:56Z,,,,,,,,CALCULATED
2013-08-18T18:10:00Z,2013-08-19T00:07:11Z,,,,,,,,CALCULATED
2013-08-18T18:20:00Z,2013-08-19T00:17:11Z,,,,,,,,CALCULATED
2013-08-18T18:30:00Z,2013-08-19T00:27:11Z,,,,,,,,CALCULATED
2013-08-18T18:40:00Z,2013-08-19T00:37:11Z,,,,,,,,CALCULATED
2013-08-18T18:50:00Z,2013-08-19T00:47:11Z,,,,,,,,CALCULATED
2013-08-18T19:00:00Z,2013-08-19T00:57:11Z,,,,,,,,CALCULATED
2013-08-18T19:10:00Z,2013-08-19T01:07:11Z,,,,,,,,CALCULATED
2013-08-18T19:20:00Z,2013-08-19T01:17:11Z,,,,,,,,CALCULATED
2013-08-18T19:30:00Z,2013-08-19T01:27:11Z,,,,,,,,CALCULATED
2013-08-18T19:40:00Z,2013-08-19T01:37:11Z,,,,,,,,CALCULATED
2013-08-18T19:50:00Z,2013-08-19T01:47:11Z,,,,,,,,CALCULATED
2013-08-18T20:00:00Z,2013-08-19T01:57:11Z,,,,,,,,CALCULATED
2013-08-18T20:10:00Z,2013-08-19T02:07:11Z,,,,,,,,CALCULATED
2013-08-18T20:20:00Z,2013-08-19T02:17:11Z,,,,,,,,CALCULATED
2013-08-18T20:30:00Z,2013-08-19T02:27:11Z,,,,,,,,CALCULATED
2013-08-18T20:40:00Z,2013-08-19T02:37:11Z,,,,,,,,CALCULATED
2013-08-18T20:50:00Z,2013-08-19T02:47:11Z,,,,,,,,CALCULATED
2013-08-18T21:00:00Z,2013-08-19T02:57:11Z,,,,,,,,CALCULATED
2013-08-18T21:10:00Z,2013-08-19T03:07:11Z,,,,,,,,CALCULATED
2013-08-18T21:20:00Z,2013-08-19T03:17:11Z,,,,,,,,CALCULATED
2013-08-18T21:30:00Z,2013-08-19T03:27:11Z,,,,,,,,CALCULATED
2013-08-18T21:40:00Z,2013-08-19T03:37:11Z,,,,,,,,CALCULATED
2013-08-18T21:50:00Z,2013-08-19T03:47:11Z,,,,,,,,CALCULATED
2013-08-18T22:00:00Z,2013-08-19T03:57:11Z,,,,,,,,CALCULATED
2013-08-18T22:10:00Z,2013-08-19T04:07:11Z,,,,,,,,CALCULATED
2013-08-18T22:20:00Z,2013-08-19T04:17:11Z,,,,,,,,CALCULATED
2013-08-18T22:30:00Z,2013-08-19T04:27:11Z,,,,,,,,CALCULATED
2013-08-18T22:40:00Z,2013-08-19T04:37:11Z,,,,,,,,CALCULATED
2013-08-18T22:50:00Z,2013-08-19T04:47:11Z,,,,,,,,CALCULATED
2013-08-18T23:00:00Z,2013-08-19T04:57:11Z,,,,,,,,CALCULATED
2013-08-18T23:10:00Z,2013-08-19T05:07:11Z,,,,,,,,CALCULATED
2013-08-18T23:20:00Z,2013-08-19T05:17:11Z,,,,,,,,CALCULATED
2013-08-18T23:30:00Z,2013-08-19T05:27:11Z,,,,,,,,CALCULATED
2013-08-18T23:40:00Z,2013-08-19T05:37:11Z,,,,,,,,CALCULATED
2013-08-18T23:50:00Z,2013-08-19T05:47:11Z,,,,,,,,CALCULATED
2013-08-19T00:00:00Z,2013-08-19T05:57:11Z,,,,,,,,CALCULATED
2013-08-19T00:10:00Z,2013-08-19T06:07:11Z,,,,,,,,CALCULATED
2013-08-19T00:20:00Z,2013-08-19T06:17:11Z,,,,,,,,CALCULATED
2013-08-19T00:30:00Z,2013-08-19T06:27:11Z,,,,,,,,CALCULATED
2013-08-19T00:40:00Z,2013-08-19T06:37:11Z,,,,,,,,CALCULATED
2013-08-19T00:50:00Z,2013-08-19T06:47:11Z,,,,,,,,CALCULATED
2013-08-19T01:00:00Z,2013-08-19T06:57:11Z,,,,,,,,CALCULATED
2013-08-19T01:10:00Z,2013-08-19T07:07:11Z,,,,,,,,CALCULATED
2013-08-19T01:20:00Z,2013-08-19T07:17:11Z,,,,,,,,CALCULATED
2013-08-19T01:30:00Z,2013-08-19T07:27:11Z,,,,,,,,CALCULATED
2013-08-19T01:40:00Z,2013-08-19T07:37:11Z,,,,,,,,CALCULATED
2013-08-19T01:50:00Z,2013-08-19T07:47:11Z,,,,,,,,CALCULATED
2013-08-19T02:00:00Z,2013-08-19T07:57:11Z,,,,,,,,CALCULATED
2013-08-19T02:10:00Z,2013-08-19T08:07:11Z,,,,,,,,CALCULATED
2013-08-19T02:20:00Z,2013-08-19T08:17:11Z,,,,,,,,CALCULATED
2013-08-19T02:30:00Z,2013-08-19T08:27:11Z,,,,,,,,CALCULATED
2013-08-19T02:40:00Z,2013-08-19T08:37:11Z,,,,,,,,CALCULATED
2013-08-19T02:50:00Z,2013-08-19T08:47:11Z,,,,,,,,CALCULATED
2013-08-19T03:00:00Z,2013-08-19T08:57:11Z,,,,,,,,CALCULATED
2013-08-19T03:10:00Z,2013-08-19T09:07:11Z,,,,,,,,CALCULATED
2013-08-19T03:20:00Z,2013-08-19T09:17:11Z,,,,,,,,CALCULATED
2013-08-19T03:30:00Z,2013-08-19T09:27:11Z,,,,,,,,CALCULATED
2013-08-19T03:40:00Z,2013-08-19T09:37:11Z,,,,,,,,CALCULATED
2013-08-19T03:50:00Z,2013-08-19T09:47:11Z,,,,,,,,CALCULATED
2013-08-19T04:00:00Z,2013-08-19T09:57:11Z,,,,,,,,CALCULATED
2013-08-19T04:10:00Z,2013-08-19T10:07:11Z,,,,,,,,CALCULATED
2013-08-19T04:20:00Z,2013-08-19T10:17:11Z,,,,,,,,CALCULATED
2013-08-19T04:30:00Z,2013-08-19T10:27:11Z,,,,,,,,CALCULATED
2013-08-19T04:40:00Z,2013-08-19T10:37:11Z,,,,,,,,CALCULATED
2013-08-19T04:50:00Z,2013-08-19T10:47:11Z,,,,,,,,CALCULATED
2013-08-19T05:00:00Z,2013-08-19T10:57:11Z,,,,,,,,CALCULATED
2013-08-19T05:10:00Z,2013-08-19T11:07:11Z,,,,,,,,CALCULATED
2013-08-19T05:20:00Z,2013-08-19T11:17:11Z,,,,,,,,CALCULATED
2013-08-19T05:30:00Z,2013-08-19T11:27:11Z,,,,,,,,CALCULATED
2013-08-19T05:40:00Z,2013-08-19T11:37:11Z,,,,,,,,CALCULATED
2013-08-19T05:50:00Z,2013-08-19T11:47:11Z,,,,,,,,CALCULATED
2013-08-19T06:00:00Z,2013-08-19T11:57:11Z,,,,,,,,CALCULATED
2013-08-19T06:10:00Z,2013-08-19T12:07:11Z,,,,,,,,CALCULATED
2013-08-19T06:20:00Z,2013-08-19T12:17:11Z,,,,,,,,CALCULATED
2013-08-19T06:30:00Z,2013-08-19T12:27:11Z,,,,,,,,CALCULATED
2013-08-19T06:40:00Z,2013-08-19T12:37:11Z,,,,,,,,CALCULATED
2013-08-19T06:50:00Z,2013-08-19T12:47:11Z,,,,,,,,CALCULATED
2013-08-19T07:00:00Z,2013-08-19T12:57:11Z,,,,,,,,CALCULATED
2013-08-19T07:10:00Z,2013-08-19T13:07:11Z,,,,,,,,CALCULATED
2013-08-19T07:20:00Z,2013-08-19T13:17:11Z,,,,,,,,CALCULATED
2013-08-19T07:30:00Z,2013-08-19T13:27:11Z,,,,,,,,CALCULATED
2013-08-19T07:40:00Z,2013-08-19T13:37:11Z,,,,,,,,CALCULATED
2013-08-19T07:50:00Z,2013-08-19T13:47:11Z,,,,,,,,CALCULATED
2013-08-19T08:00:00Z,2013-08-19T13:57:11Z,,,,,,,,CALCULATED
2013-08-19T08:10:00Z,2013-08-19T14:07:11Z,,,,,,,,CALCULATED
2013-08-19T08:20:00Z,2013-08-19T14:17:11Z,,,,,,,,CALCULATED
2013-08-19T08:30:00Z,2013-08-19T14:27:11Z,,,,,,,,CALCULATED
2013-08-19T08:40:00Z,2013-08-19T14:37:11Z,,,,,,,,CALCULATED
2013-08-19T08:50:00Z,2013-08-19T14:47:11Z,,,,,,,,CALCULATED
2013-08-19T09:00:00Z,2013-08-19T14:57:11Z,,,,,,,,CALCULATED
2013-08-19T09:10:00Z,2013-08-19T15:07:11Z,,,,,,,,CALCULATED
2013-08-19T09:20:00Z,2013-08-19T15:17:11Z,,,,,,,,CALCULATED
2013-08-19T09:30:00Z,2013-08-19T15:27:11Z,,,,,,,,CALCULATED
2013-08-19T09:40:00Z,2013-08-19T15:37:11Z,,,,,,,,CALCULATED
2013-08-19T09:50:00Z,2013-08-19T15:47:11Z,,,,,,,,CALCULATED
2013-08-19T10:00:00Z,2013-08-19T15:57:11Z,,,,,,,,CALCULATED
2013-08-19T10:10:00Z,2013-08-19T16:07:11Z,,,,,,,,CALCULATED
2013-08-19T10:20:00Z,2013-08-19T16:17:11Z,,,,,,,,CALCULATED
2013-08-19T10:30:00Z,2013-08-19T16:27:11Z,,,,,,,,CALCULATED
2013-08-19T10:40:00Z,2013-08-19T16:37:11Z,,,,,,,,CALCULATED
2013-08-19T10:50:00Z,2013-08-19T16:47:11Z,,,,,,,,CALCULATED
2013-08-19T11:00:00Z,2013-08-19T16:57:11Z,,,,,,,,CALCULATED
2013-08-19T11:10:00Z,2013-08-19T17:07:11Z,,,,,,,,CALCULATED
2013-08-19T11:20:00Z,2013-08-19T17:17:11Z,,,,,,,,CALCULATED
2013-08-19T11:30:00Z,2013-08-19T17:27:11Z,,,,,,,,CALCULATED
2013-08-19T11:40:00Z,2013-08-19T17:37:11Z,,,,,,,,CALCULATED
2013-08-19T11:50:00Z,2013-08-19T17:47:11Z,,,,,,,,CALCULATED
2013-08-19T12:00:00Z,2013-08-19T17:57:11Z,,,,,,,,CALCULATED
2013-08-19T12:10:00Z,2013-08-19T18:07:11Z,,,,,,,,CALCULATED
2013-08-19T12:20:00Z,2013-08-19T18:17:11Z,,,,,,,,CALCULATED
2013-08-19T12:30:00Z,2013-08-19T18:27:11Z,,,,,,,,CALCULATED
2013-08-19T12:40:00Z,2013-08-19T18:37:11Z,,,,,,,,CALCULATED
2013-08-19T12:50:00Z,2013-08-19T18:47:11Z,,,,,,,,CALCULATED
2013-08-19T13:00:00Z,2013-08-19T18:57:11Z,,,,,,,,CALCULATED
2013-08-19T13:10:00Z,2013-08-19T19:07:11Z,,,,,,,,CALCULATED
2013-08-19T13:20:00Z,2013-08-19T19:17:11Z,,,,,,,,CALCULATED
2013-08-19T13:30:00Z,2013-08-19T19:27:11Z,,,,,,,,CALCULATED
2013-08-19T13:40:00Z,2013-08-19T19:37:11Z,,,,,,,,CALCULATED
2013-08-19T13:50:00Z,2013-08-19T19:47:11Z,,,,,,,,CALCULATED
2013-08-19T14:00:00Z,2013-08-19T19:57:11Z,,,,,,,,CALCULATED
2013-08-19T14:10:00Z,2013-08-19T20:07:11Z,,,,,,,,CALCULATED
2013-08-19T14:20:00Z,2013-08-19T20:17:11Z,,,,,,,,CALCULATED
2013-08-19T14:30:00Z,2013-08-19T20:27:11Z,,,,,,,,CALCULATED
2013-08-19T14:40:00Z,2013-08-19T20:37:11Z,,,,,,,,CALCULATED
2013-08-19T14:50:00Z,2013-08-19T20:47:11Z,,,,,,,,CALCULATED
2013-08-19T15:00:00Z,2013-08-19T20:57:11Z,,,,,,,,CALCULATED
2013-08-19T15:10:00Z,2013-08-19T21:07:11Z,,,,,,,,CALCULATED
2013-08-19T15:20:00Z,2013-08-19T21:17:11Z,,,,,,,,CALCULATED
2013-08-19T15:30:00Z,2013-08-19T21:27:11Z,,,,,,,,CALCULATED
2013-08-19T15:40:00Z,2013-08-19T21:37:11Z,,,,,,,,CALCULATED
2013-08-19T15:50:00Z,2013-08-19T21:47:11Z,,,,,,,,CALCULATED
2013-08-19T16:00:00Z,2013-08-19T21:57:11Z,,,,,,,,CALCULATED
2013-08-19T16:10:00Z,2013-08-19T22:07:11Z,,,,,,,,CALCULATED
2013-08-19T16:20:00Z,2013-08-19T22:17:11Z,,,,,,,,CALCULATED
2013-08-19T16:30:00Z,2013-08-19T22:27:11Z,,,,,,,,CALCULATED
2013-08-19T16:40:00Z,2013-08-19T22:37:11Z,,,,,,,,CALCULATED
2013-08-19T16:50:00Z,2013-08-19T22:47:11Z,,,,,,,,CALCULATED
2013-08-19T17:00:00Z,2013-08-19T22:57:11Z,,,,,,,,CALCULATED
2013-08-19T17:10:00Z,2013-08-19T23:07:11Z,,,,,,,,CALCULATED
2013-08-19T17:20:00Z,2013-08-19T23:17:11Z,,,,,,,,CALCULATED
2013-08-19T17:30:00Z,2013-08-19T23:27:11Z,,,,,,,,CALCULATED
2013-08-19T17:40:00Z,2013-08-19T23:37:11Z,,,,,,,,CALCULATED
2013-08-19T17:50:00Z,2013-08-19T23:47:11Z,,,,,,,,CALCULATED
2013-08-19T18:00:00Z,2013-08-19T23:57:11Z,,,,,,,,CALCULATED
2013-08-19T18:10:00Z,2013-08-20T00:07:27Z,,,,,,,,CALCULATED
2013-08-19T18:20:00Z,2013-08-20T00:17:27Z,,,,,,,,CALCULATED
2013-08-19T18:30:00Z,2013-08-20T00:27:27Z,,,,,,,,CALCULATED
2013-08-19T18:40:00Z,2013-08-20T00:37:27Z,,,,,,,,CALCULATED
2013-08-19T18:50:00Z,2013-08-20T00:47:27Z,,,,,,,,CALCULATED
2013-08-19T19:00:00Z,2013-08-20T00:57:27Z,,,,,,,,CALCULATED
2013-08-19T19:10:00Z,2013-08-20T01:07:27Z,,,,,,,,CALCULATED
2013-08-19T19:20:00Z,2013-08-20T01:17:27Z,,,,,,,,CALCULATED
2013-08-19T19:30:00Z,2013-08-20T01:27:27Z,,,,,,,,CALCULATED
2013-08-19T19:40:00Z,2013-08-20T01:37:27Z,,,,,,,,CALCULATED
2013-08-19T19:50:00Z,2013-08-20T01:47:27Z,,,,,,,,CALCULATED
2013-08-19T20:00:00Z,2013-08-20T01:57:27Z,,,,,,,,CALCULATED
2013-08-19T20:10:00Z,2013-08-20T02:07:27Z,,,,,,,,CALCULATED
2013-08-19T20:20:00Z,2013-08-20T02:17:27Z,,,,,,,,CALCULATED
2013-08-19T20:30:00Z,2013-08-20T02:27:27Z,,,,,,,,CALCULATED
2013-08-19T20:40:00Z,2013-08-20T02:37:27Z,,,,,,,,CALCULATED
2013-08-19T20:50:00Z,2013-08-20T02:47:27Z,,,,,,,,CALCULATED
2013-08-19T21:00:00Z,2013-08-20T02:57:27Z,,,,,,,,CALCULATED
2013-08-19T21:10:00Z,2013-08-20T03:07:27Z,,,,,,,,CALCULATED
2013-08-19T21:20:00Z,2013-08-20T03:17:27Z,,,,,,,,CALCULATED
2013-08-19T21:30:00Z,2013-08-20T03:27:27Z,,,,,,,,CALCULATED
2013-08-19T21:40:00Z,2013-08-20T03:37:27Z,,,,,,,,CALCULATED
2013-08-19T21:50:00Z,2013-08-20T03:47:27Z,,,,,,,,CALCULATED
2013-08-19T22:00:00Z,2013-08-20T03:57:27Z,,,,,,,,CALCULATED
2013-08-19T22:10:00Z,2013-08-20T04:07:27Z,,,,,,,,CALCULATED
2013-08-19T22:20:00Z,2013-08-20T04:17:27Z,,,,,,,,CALCULATED
2013-08-19T22:30:00Z,2013-08-20T04:27:27Z,,,,,,,,CALCULATED
2013-08-19T22:40:00Z,2013-08-20T04:37:27Z,,,,,,,,CALCULATED
2013-08-19T22:50:00Z,2013-08-20T04:47:27Z,,,,,,,,CALCULATED
2013-08-19T23:00:00Z,2013-08-20T04:57:27Z,,,,,,,,CALCULATED
2013-08-19T23:10:00Z,2013-08-20T05:07:27Z,,,,,,,,CALCULATED
2013-08-19T23:20:00Z,2013-08-20T05:17:27Z,,,,,,,,CALCULATED
2013-08-19T23:30:00Z,2013-08-20T05:27:27Z,,,,,,,,CALCULATED
2013-08-19T23:40:00Z,2013-08-20T05:37:27Z,,,,,,,,CALCULATED
2013-08-19T23:50:00Z,2013-08-20T05:47:27Z,,,,,,,,CALCULATED
2013-08-20T00:00:00Z,2013-08-20T05:57:27Z,,,,,,,,CALCULATED
2013-08-20T00:10:00Z,2013-08-20T06:07:27Z,,,,,,,,CALCULATED
2013-08-20T00:20:00Z,2013-08-20T06:17:27Z,,,,,,,,CALCULATED
2013-08-20T00:30:00Z,2013-08-20T06:27:27Z,,,,,,,,CALCULATED
2013-08-20T00:40:00Z,2013-08-20T06:37:27Z,,,,,,,,CALCULATED
2013-08-20T00:50:00Z,2013-08-20T06:47:27Z,,,,,,,,CALCULATED
2013-08-20T01:00:00Z,2013-08-20T06:57:27Z,,,,,,,,CALCULATED
2013-08-20T01:10:00Z,2013-08-20T07:07:27Z,,,,,,,,CALCULATED
2013-08-20T01:20:00Z,2013-08-20T07:17:27Z,,,,,,,,CALCULATED
2013-08-20T01:30:00Z,2013-08-20T07:27:27Z,,,,,,,,CALCULATED
2013-08-20T01:40:00Z,2013-08-20T07:37:27Z,,,,,,,,CALCULATED
2013-08-20T01:50:00Z,2013-08-20T07:47:27Z,,,,,,,,CALCULATED
2013-08-20T02:00:00Z,2013-08-20T07:57:27Z,,,,,,,,CALCULATED
2013-08-20T02:10:00Z,2013-08-20T08:07:27Z,,,,,,,,CALCULATED
2013-08-20T02:20:00Z,2013-08-20T08:17:27Z,,,,,,,,CALCULATED
2013-08-20T02:30:00Z,2013-08-20T08:27:27Z,,,,,,,,CALCULATED
2013-08-20T02:40:00Z,2013-08-20T08:37:27Z,,,,,,,,CALCULATED
2013-08-20T02:50:00Z,2013-08-20T08:47:27Z,,,,,,,,CALCULATED
2013-08-20T03:00:00Z,2013-08-20T08:57:27Z,,,,,,,,CALCULATED
2013-08-20T03:10:00Z,2013-08-20T09:07:27Z,,,,,,,,CALCULATED
2013-08-20T03:20:00Z,2013-08-20T09:17:27Z,,,,,,,,CALCULATED
2013-08-20T03:30:00Z,2013-08-20T09:27:27Z,,,,,,,,CALCULATED
2013-08-20T03:40:00Z,2013-08-20T09:37:27Z,,,,,,,,CALCULATED
2013-08-20T03:50:00Z,2013-08-20T09:47:27Z,,,,,,,,CALCULATED
2013-08-20T04:00:00Z,2013-08-20T09:57:27Z,,,,,,,,CALCULATED
2013-08-20T04:10:00Z,2013-08-20T10:07:27Z,,,,,,,,CALCULATED
2013-08-20T04:20:00Z,2013-08-20T10:17:27Z,,,,,,,,CALCULATED
2013-08-20T04:30:00Z,2013-08-20T10:27:27Z,,,,,,,,CALCULATED
2013-08-20T04:40:00Z,2013-08-20T10:37:27Z,,,,,,,,CALCULATED
2013-08-20T04:50:00Z,2013-08-20T10:47:27Z,,,,,,,,CALCULATED
2013-08-20T05:00:00Z,2013-08-20T10:57:27Z,,,,,,,,CALCULATED
2013-08-20T05:10:00Z,2013-08-20T11:07:27Z,,,,,,,,CALCULATED
2013-08-20T05:20:00Z,2013-08-20T11:17:27Z,,,,,,,,CALCULATED
2013-08-20T05:30:00Z,2013-08-20T11:27:27Z,,,,,,,,CALCULATED
2013-08-20T05:40:00Z,2013-08-20T11:37:27Z,,,,,,,,CALCULATED
2013-08-20T05:50:00Z,2013-08-20T11:47:27Z,,,,,,,,CALCULATED
2013-08-20T06:00:00Z,2013-08-20T11:57:27Z,,,,,,,,CALCULATED
2013-08-20T06:10:00Z,2013-08-20T12:07:27Z,,,,,,,,CALCULATED
2013-08-20T06:20:00Z,2013-08-20T12:17:27Z,,,,,,,,CALCULATED
2013-08-20T06:30:00Z,2013-08-20T12:27:27Z,,,,,,,,CALCULATED
2013-08-20T06:40:00Z,2013-08-20T12:37:27Z,,,,,,,,CALCULATED
2013-08-20T06:50:00Z,2013-08-20T12:47:27Z,,,,,,,,CALCULATED
2013-08-20T07:00:00Z,2013-08-20T12:57:27Z,,,,,,,,CALCULATED
2013-08-20T07:10:00Z,2013-08-20T13:07:27Z,,,,,,,,CALCULATED
2013-08-20T07:20:00Z,2013-08-20T13:17:27Z,,,,,,,,CALCULATED
2013-08-20T07:30:00Z,2013-08-20T13:27:27Z,,,,,,,,CALCULATED
2013-08-20T07:40:00Z,2013-08-20T13:37:27Z,,,,,,,,CALCULATED
2013-08-20T07:50:00Z,2013-08-20T13:47:27Z,,,,,,,,CALCULATED
2013-08-20T08:00:00Z,2013-08-20T13:57:27Z,,,,,,,,CALCULATED
2013-08-20T08:10:00Z,2013-08-20T14:07:27Z,,,,,,,,CALCULATED
2013-08-20T08:20:00Z,2013-08-20T14:17:27Z,,,,,,,,CALCULATED
2013-08-20T08:30:00Z,2013-08-20T14:27:27Z,,,,,,,,CALCULATED
2013-08-20T08:40:00Z,2013-08-20T14:37:27Z,,RANGE_WARN,,,,,,CALCULATED
2013-08-20T08:50:00Z,2013-08-20T14:47:27Z,,,,,,,,CALCULATED
2013-08-20T09:00:00Z,2013-08-20T14:57:27Z,,RANGE_WARN,,,,,,CALCULATED
2013-08-20T09:10:00Z,2013-08-20T15:07:27Z,,RANGE_WARN,,,,,,CALCULATED
2013-08-20T09:20:00Z,2013-08-20T15:17:27Z,,RANGE_WARN,,,,,,CALCULATED
2013-08-20T09:30:00Z,2013-08-20T15:27:27Z,,RANGE_WARN,,,,,,CALCULATED
2013-08-20T09:40:00Z,2013-08-20T15:37:27Z,,RANGE_WARN,,,,,,CALCULATED
2013-08-20T09:50:00Z,2013-08-20T15:47:27Z,,RANGE_WARN,,,,,,CALCULATED
2013-08-20T10:00:00Z,2013-08-20T15:57:27Z,,RANGE_WARN,,,,,,CALCULATED
2013-08-20T10:10:00Z,2013-08-20T16:07:27Z,,RANGE_WARN,,,,,,CALCULATED
2013-08-20T10:20:00Z,2013-08-20T16:17:27Z,,RANGE_WARN,,,,,,CALCULATED
2013-08-20T10:30:00Z,2013-08-20T16:27:27Z,,RANGE_WARN,,,,,,CALCULATED
2013-08-20T10:40:00Z,2013-08-20T16:37:27Z,,RANGE_WARN,,,,,,CALCULATED
2013-08-20T10:50:00Z,2013-08-20T16:47:27Z,,RANGE_WARN,,,,,,CALCULATED
2013-08-20T11:00:00Z,2013-08-20T16:57:27Z,,RANGE_WARN,,,,,,CALCULATED
2013-08-20T11:10:00Z,2013-08-20T17:07:27Z,,RANGE_WARN,,,,,,CALCULATED
2013-08-20T11:20:00Z,2013-08-20T17:17:27Z,,RANGE_WARN,,,,,,CALCULATED
2013-08-20T11:30:00Z,2013-08-20T17:27:27Z,,RANGE_WARN,,,,,,CALCULATED
2013-08-20T11:40:00Z,2013-08-20T17:37:27Z,,RANGE_WARN,,,,,,CALCULATED
2013-08-20T11:50:00Z,2013-08-20T17:47:27Z,,RANGE_WARN,,,,,,CALCULATED
2013-08-20T12:00:00Z,2013-08-20T17:57:27Z,,RANGE_WARN,,,,,,CALCULATED
2013-08-20T12:10:00Z,2013-08-20T18:07:27Z,,RANGE_WARN,,,,,,CALCULATED
2013-08-20T12:20:00Z,2013-08-20T18:17:27Z,,RANGE_WARN,,,,,,CALCULATED
2013-08-20T12:30:00Z,2013-08-20T18:27:27Z,,RANGE_WARN,,,,,,CALCULATED
2013-08-20T12:40:00Z,2013-08-20T18:37:27Z,,RANGE_WARN,,,,,,CALCULATED
2013-08-20T12:50:00Z,2013-08-20T18:47:27Z,,,,,,,,CALCULATED
2013-08-20T13:00:00Z,2013-08-20T18:57:27Z,,,,,,,,CALCULATED
2013-08-20T13:10:00Z,2013-08-20T19:07:27Z,,,,,,,,CALCULATED
2013-08-20T13:20:00Z,2013-08-20T19:17:27Z,,,,,,,,CALCULATED
2013-08-20T13:30:00Z,2013-08-20T19:27:27Z,,,,,,,,CALCULATED
2013-08-20T13:40:00Z,2013-08-20T19:37:27Z,,,,,,,,CALCULATED
2013-08-20T13:50:00Z,2013-08-20T19:47:27Z,,,,,,,,CALCULATED
2013-08-20T14:00:00Z,2013-08-20T19:57:27Z,,,,,,,,CALCULATED
2013-08-20T14:10:00Z,2013-08-20T20:07:27Z,,,,,,,,CALCULATED
2013-08-20T14:20:00Z,2013-08-20T20:17:27Z,,,,,,,,CALCULATED
2013-08-20T14:30:00Z,2013-08-20T20:27:27Z,,,,,,,,CALCULATED
2013-08-20T14:40:00Z,2013-08-20T20:37:27Z,,,,,,,,CALCULATED
2013-08-20T14:50:00Z,2013-08-20T20:47:27Z,,,,,,,,CALCULATED
2013-08-20T15:00:00Z,2013-08-20T20:57:27Z,,,,,,,,CALCULATED
2013-08-20T15:10:00Z,2013-08-20T21:07:27Z,,,,,,,,CALCULATED
2013-08-20T15:20:00Z,2013-08-20T21:17:27Z,,,,,,,,CALCULATED
2013-08-20T15:30:00Z,2013-08-20T21:27:27Z,,,,,,,,CALCULATED
2013-08-20T15:40:00Z,2013-08-20T21:37:27Z,,,,,,,,CALCULATED
2013-08-20T15:50:00Z,2013-08-20T21:47:27Z,,,,,,,,CALCULATED
2013-08-20T16:00:00Z,2013-08-20T21:57:27Z,,,,,,,,CALCULATED
2013-08-20T16:10:00Z,2013-08-20T22:07:27Z,,,,,,,,CALCULATED
2013-08-20T16:20:00Z,2013-08-20T22:17:27Z,,,,,,,,CALCULATED
2013-08-20T16:30:00Z,2013-08-20T22:27:27Z,,,,,,,,CALCULATED
2013-08-20T16:40:00Z,2013-08-20T22:37:27Z,,,,,,,,CALCULATED
2013-08-20T16:50:00Z,2013-08-20T22:47:27Z,,,,,,,,CALCULATED
2013-08-20T17:00:00Z,2013-08-20T22:57:27Z,,,,,,,,CALCULATED
2013-08-20T17:10:00Z,2013-08-20T23:07:27Z,,,,,,,,CALCULATED
2013-08-20T17:20:00Z,2013-08-20T23:17:27Z,,,,,,,,CALCULATED
2013-08-20T17:30:00Z,2013-08-20T23:27:27Z,,,,,,,,CALCULATED
2013-08-20T17:40:00Z,2013-08-20T23:37:27Z,,,,,,,,CALCULATED
2013-08-20T17:50:00Z,2013-08-20T23:47:27Z,,,,,,,,CALCULATED
2013-08-20T18:00:00Z,2013-08-20T23:57:27Z,,,,,,,,CALCULATED
2013-08-20T18:10:00Z,2013-08-21T00:07:43Z,,,,,,,,CALCULATED
2013-08-20T18:20:00Z,2013-08-21T00:17:43Z,,,,,,,,CALCULATED
2013-08-20T18:30:00Z,2013-08-21T00:27:43Z,,,,,,,,CALCULATED
2013-08-20T18:40:00Z,2013-08-21T00:37:43Z,,,,,,,,CALCULATED
2013-08-20T18:50:00Z,2013-08-21T00:47:43Z,,,,,,,,CALCULATED
2013-08-20T19:00:00Z,2013-08-21T00:57:43Z,,,,,,,,CALCULATED
2013-08-20T19:10:00Z,2013-08-21T01:07:43Z,,,,,,,,CALCULATED
2013-08-20T19:20:00Z,2013-08-21T01:17:43Z,,,,,,,,CALCULATED
2013-08-20T19:30:00Z,2013-08-21T01:27:43Z,,,,,,,,CALCULATED
2013-08-20T19:40:00Z,2013-08-21T01:37:43Z,,,,,,,,CALCULATED
2013-08-20T19:50:00Z,2013-08-21T01:47:43Z,,,,,,,,CALCULATED
2013-08-20T20:00:00Z,2013-08-21T01:57:43Z,,,,,,,,CALCULATED
2013-08-20T20:10:00Z,2013-08-21T02:07:43Z,,,,,,,,CALCULATED
2013-08-20T20:20:00Z,2013-08-21T02:17:43Z,,,,,,,,CALCULATED
2013-08-20T20:30:00Z,2013-08-21T02:27:43Z,,,,,,,,CALCULATED
2013-08-20T20:40:00Z,2013-08-21T02:37:43Z,,,,,,,,CALCULATED
2013-08-20T20:50:00Z,2013-08-21T02:47:43Z,,,,,,,,CALCULATED
2013-08-20T21:00:00Z,2013-08-21T02:57:43Z,,,,,,,,CALCULATED
2013-08-20T21:10:00Z,2013-08-21T03:07:43Z,,,,,,,,CALCULATED
2013-08-20T21:20:00Z,2013-08-21T03:17:43Z,,,,,,,,CALCULATED
2013-08-20T21:30:00Z,2013-08-21T03:27:43Z,,,,,,,,CALCULATED
2013-08-20T21:40:00Z,2013-08-21T03:37:43Z,,,,,,,,CALCULATED
2013-08-20T21:50:00Z,2013-08-21T03:47:43Z,,,,,,,,CALCULATED
2013-08-20T22:00:00Z,2013-08-21T03:57:43Z,,,,,,,,CALCULATED
2013-08-20T22:10:00Z,2013-08-21T04:07:43Z,,,,,,,,CALCULATED
2013-08-20T22:20:00Z,2013-08-21T04:17:43Z,,,,,,,,CALCULATED
2013-08-20T22:30:00Z,2013-08-21T04:27:43Z,,,,,,,,CALCULATED
2013-08-20T22:40:00Z,2013-08-21T04:37:43Z,,,,,,,,CALCULATED
2013-08-20T22:50:00Z,2013-08-21T04:47:43Z,,,,,,,,CALCULATED
2013-08-20T23:00:00Z,2013-08-21T04:57:43Z,,,,,,,,CALCULATED
2013-08-20T23:10:00Z,2013-08-21T05:07:43Z,,,,,,OUT_WARN,,CALCULATED
2013-08-20T23:20:00Z,2013-08-21T05:17:43Z,,,,,,,,CALCULATED
2013-08-20T23:30:00Z,2013-08-21T05:27:43Z,,,,,,,,CALCULATED
2013-08-20T23:40:00Z,2013-08-21T05:37:43Z,,,,,,,,CALCULATED
2013-08-20T23:50:00Z,2013-08-21T05:47:43Z,,,,,,,,CALCULATED
2013-08-21T00:00:00Z,2013-08-21T05:57:43Z,,,,,,OUT_WARN,,CALCULATED
2013-08-21T00:10:00Z,2013-08-21T06:07:43Z,,,,,,OUT_WARN,,CALCULATED
2013-08-21T00:20:00Z,2013-08-21T06:17:43Z,,,,,,,,CALCULATED
2013-08-21T00:30:00Z,2013-08-21T06:27:43Z,,,,,,,,CALCULATED
2013-08-21T00:40:00Z,2013-08-21T06:37:43Z,,,,,,,,CALCULATED
2013-08-21T00:50:00Z,2013-08-21T06:47:43Z,,,,,,,,CALCULATED
2013-08-21T01:00:00Z,2013-08-21T06:57:43Z,,,,,,,,CALCULATED
2013-08-21T01:10:00Z,2013-08-21T07:07:43Z,,,,,,,,CALCULATED
2013-08-21T01:20:00Z,2013-08-21T07:17:43Z,,,,,,,,CALCULATED
2013-08-21T01:30:00Z,2013-08-21T07:27:43Z,,,,,,,,CALCULATED
2013-08-21T01:40:00Z,2013-08-21T07:37:43Z,,,,,,,,CALCULATED
2013-08-21T01:50:00Z,2013-08-21T07:47:43Z,,,,,,,,CALCULATED
2013-08-21T02:00:00Z,2013-08-21T07:57:43Z,,,,,,,,CALCULATED
2013-08-21T02:10:00Z,2013-08-21T08:07:43Z,,,,,,,,CALCULATED
2013-08-21T02:20:00Z,2013-08-21T08:17:43Z,,,,,,,,CALCULATED
2013-08-21T02:30:00Z,2013-08-21T08:27:43Z,,,,,,,,CALCULATED
2013-08-21T02:40:00Z,2013-08-21T08:37:43Z,,,,,,,,CALCULATED
2013-08-21T02:50:00Z,2013-08-21T08:47:43Z,,,,,,,,CALCULATED
2013-08-21T03:00:00Z,2013-08-21T08:57:43Z,,,,,,,,CALCULATED
2013-08-21T03:10:00Z,2013-08-21T09:07:43Z,,,,,,,,CALCULATED
2013-08-21T03:20:00Z,2013-08-21T09:17:43Z,,,,,,,,CALCULATED
2013-08-21T03:30:00Z,2013-08-21T09:27:43Z,,,,,,,,CALCULATED
2013-08-21T03:40:00Z,2013-08-21T09:37:43Z,,,,,,,,CALCULATED
2013-08-21T03:50:00Z,2013-08-21T09:47:43Z,,,,,,,,CALCULATED
2013-08-21T04:00:00Z,2013-08-21T09:57:43Z,,,,,,,,CALCULATED
2013-08-21T04:10:00Z,2013-08-21T10:07:43Z,,,,,,,,CALCULATED
2013-08-21T04:20:00Z,2013-08-21T10:17:43Z,,,,,,,,CALCULATED
2013-08-21T04:30:00Z,2013-08-21T10:27:43Z,,,,,,,,CALCULATED
2013-08-21T04:40:00Z,2013-08-21T10:37:43Z,,,,,,,,CALCULATED
2013-08-21T04:50:00Z,2013-08-21T10:47:43Z,,,,,,,,CALCULATED
2013-08-21T05:00:00Z,2013-08-21T10:57:43Z,,,,,,,,CALCULATED
2013-08-21T05:10:00Z,2013-08-21T11:07:43Z,,,,,,,,CALCULATED
2013-08-21T05:20:00Z,2013-08-21T11:17:43Z,,,,,,,,CALCULATED
2013-08-21T05:30:00Z,2013-08-21T11:27:43Z,,,,,,,,CALCULATED
2013-08-21T05:40:00Z,2013-08-21T11:37:43Z,,,,,,,,CALCULATED
2013-08-21T05:50:00Z,2013-08-21T11:47:43Z,,,,,,,,CALCULATED
2013-08-21T06:00:00Z,2013-08-21T11:57:43Z,,,,,,,,CALCULATED
2013-08-21T06:10:00Z,2013-08-21T12:07:43Z,,,,,,,,CALCULATED
2013-08-21T06:20:00Z,2013-08-21T12:17:43Z,,,,,,,,CALCULATED
2013-08-21T06:30:00Z,2013-08-21T12:27:43Z,,,,,,,,CALCULATED
2013-08-21T06:40:00Z,2013-08-21T12:37:43Z,,,,,,,,CALCULATED
2013-08-21T06:50:00Z,2013-08-21T12:47:43Z,,,,,,,,CALCULATED
2013-08-21T07:00:00Z,2013-08-21T12:57:43Z,,,,,,,,CALCULATED
2013-08-21T07:10:00Z,2013-08-21T13:07:43Z,,,,,,,,CALCULATED
2013-08-21T07:20:00Z,2013-08-21T13:17:43Z,,,,,,,,CALCULATED
2013-08-21T07:30:00Z,2013-08-21T13:27:43Z,,,,,,,,CALCULATED
2013-08-21T07:40:00Z,2013-08-21T13:37:43Z,,,,,,,,CALCULATED
2013-08-21T07:50:00Z,2013-08-21T13:47:43Z,,,,,,,,CALCULATED
2013-08-21T08:00:00Z,2013-08-21T13:57:43Z,,,,,,,,CALCULATED
2013-08-21T08:10:00Z,2013-08-21T14:07:43Z,,,,,,,,CALCULATED
2013-08-21T08:20:00Z,2013-08-21T14:17:43Z,,,,,,,,CALCULATED
2013-08-21T08:30:00Z,2013-08-21T14:27:43Z,,,,,,,,CALCULATED
2013-08-21T08:40:00Z,2013-08-21T14:37:43Z,,RANGE_WARN,,,,,,CALCULATED
2013-08-21T08:50:00Z,2013-08-21T14:47:43Z,,RANGE_WARN,,,,,,CALCULATED
2013-08-21T09:00:00Z,2013-08-21T14:57:43Z,,,,,,,,CALCULATED
2013-08-21T09:10:00Z,2013-08-21T15:07:43Z,,,,,,,,CALCULATED
2013-08-21T09:20:00Z,2013-08-21T15:17:43Z,,RANGE_WARN,,,,,,CALCULATED
2013-08-21T09:30:00Z,2013-08-21T15:27:43Z,,,,,,,,CALCULATED
2013-08-21T09:40:00Z,2013-08-21T15:37:43Z,,,,,,,,CALCULATED
2013-08-21T09:50:00Z,2013-08-21T15:47:43Z,,,,,,,,CALCULATED
2013-08-21T10:00:00Z,2013-08-21T15:57:43Z,,,,,,,,CALCULATED
2013-08-21T10:10:00Z,2013-08-21T16:07:43Z,,RANGE_WARN,,,,,,CALCULATED
2013-08-21T10:20:00Z,2013-08-21T16:17:43Z,,RANGE_WARN,,,,,,CALCULATED
2013-08-21T10:30:00Z,2013-08-21T16:27:43Z,,RANGE_WARN,,,,,,CALCULATED
2013-08-21T10:40:00Z,2013-08-21T16:37:43Z,,RANGE_WARN,,,,,,CALCULATED
2013-08-21T10:50:00Z,2013-08-21T16:47:43Z,,,,,,,,CALCULATED
2013-08-21T11:00:00Z,2013-08-21T16:57:43Z,,,,,,,,CALCULATED
2013-08-21T11:10:00Z,2013-08-21T17:07:43Z,,,,,,,,CALCULATED
2013-08-21T11:20:00Z,2013-08-21T17:17:43Z,,,,,,,,CALCULATED
2013-08-21T11:30:00Z,2013-08-21T17:27:43Z,,,,,,,,CALCULATED
2013-08-21T11:40:00Z,2013-08-21T17:37:43Z,,,,,,,,CALCULATED
2013-08-21T11:50:00Z,2013-08-21T17:47:43Z,,,,,,OUT_WARN,,CALCULATED
2013-08-21T12:00:00Z,2013-08-21T17:57:43Z,,,,,,,,CALCULATED
2013-08-21T12:10:00Z,2013-08-21T18:07:43Z,,,,,,,,CALCULATED
2013-08-21T12:20:00Z,2013-08-21T18:17:43Z,,,,,,,,CALCULATED
2013-08-21T12:30:00Z,2013-08-21T18:27:43Z,,,,,,,,CALCULATED
2013-08-21T12:40:00Z,2013-08-21T18:37:43Z,,,,,,,,CALCULATED
2013-08-21T12:50:00Z,2013-08-21T18:47:43Z,,,,,,,,CALCULATED
2013-08-21T13:00:00Z,2013-08-21T18:57:43Z,,,,,,,,CALCULATED
2013-08-21T13:10:00Z,2013-08-21T19:07:43Z,,,,,,,,CALCULATED
2013-08-21T13:20:00Z,2013-08-21T19:17:43Z,,,,,,,,CALCULATED
2013-08-21T13:30:00Z,2013-08-21T19:27:43Z,,,,,,,,CALCULATED
2013-08-21T13:40:00Z,2013-08-21T19:37:43Z,,,,,,,,CALCULATED
2013-08-21T13:50:00Z,2013-08-21T19:47:43Z,,,,,,,,CALCULATED
2013-08-21T14:00:00Z,2013-08-21T19:57:43Z,,,,,,,,CALCULATED
2013-08-21T14:10:00Z,2013-08-21T20:07:43Z,,,,,,,,CALCULATED
2013-08-21T14:20:00Z,2013-08-21T20:17:43Z,,,,,,,,CALCULATED
2013-08-21T14:30:00Z,2013-08-21T20:27:43Z,,,,,,,,CALCULATED
2013-08-21T14:40:00Z,2013-08-21T20:37:43Z,,,,,,,,CALCULATED
2013-08-21T14:50:00Z,2013-08-21T20:47:43Z,,,,,,,,CALCULATED
2013-08-21T15:00:00Z,2013-08-21T20:57:43Z,,,,,,,,CALCULATED
2013-08-21T15:10:00Z,2013-08-21T21:07:43Z,,,,,,,,CALCULATED
2013-08-21T15:20:00Z,2013-08-21T21:17:43Z,,,,,,,,CALCULATED
2013-08-21T15:30:00Z,2013-08-21T21:27:43Z,,,,,,,,CALCULATED
2013-08-21T15:40:00Z,2013-08-21T21:37:43Z,,,,,,,,CALCULATED
2013-08-21T15:50:00Z,2013-08-21T21:47:43Z,,,,,,,,CALCULATED
2013-08-21T16:00:00Z,2013-08-21T21:57:43Z,,,,,,,,CALCULATED
2013-08-21T16:10:00Z,2013-08-21T22:07:43Z,,,,,,,,CALCULATED
2013-08-21T16:20:00Z,2013-08-21T22:17:43Z,,,,,,,,CALCULATED
2013-08-21T16:30:00Z,2013-08-21T22:27:43Z,,,,,,,,CALCULATED
2013-08-21T16:40:00Z,2013-08-21T22:37:43Z,,,,,,,,CALCULATED
2013-08-21T16:50:00Z,2013-08-21T22:47:43Z,,,,,,,,CALCULATED
2013-08-21T17:00:00Z,2013-08-21T22:57:43Z,,,,,,,,CALCULATED
2013-08-21T17:10:00Z,2013-08-21T23:07:43Z,,,,,,,,CALCULATED
2013-08-21T17:20:00Z,2013-08-21T23:17:43Z,,,,,,,,CALCULATED
2013-08-21T17:30:00Z,2013-08-21T23:27:43Z,,,,,,,,CALCULATED
2013-08-21T17:40:00Z,2013-08-21T23:37:43Z,,,,,,,,CALCULATED
2013-08-21T17:50:00Z,2013-08-21T23:47:43Z,,,,,,,,CALCULATED
2013-08-21T18:00:00Z,2013-08-21T23:57:43Z,,,,,,,,CALCULATED
2013-08-21T18:10:00Z,2013-08-22T00:08:00Z,,,,,,,,CALCULATED
2013-08-21T18:20:00Z,2013-08-22T00:18:00Z,,,,,,,,CALCULATED
2013-08-21T18:30:00Z,2013-08-22T00:28:00Z,,,,,,,,CALCULATED
2013-08-21T18:40:00Z,2013-08-22T00:38:00Z,,,,,,,,CALCULATED
2013-08-21T18:50:00Z,2013-08-22T00:48:00Z,,,,,,,,CALCULATED
2013-08-21T19:00:00Z,2013-08-22T00:58:00Z,,,,,,,,CALCULATED
2013-08-21T19:10:00Z,2013-08-22T01:08:00Z,,,,,,,,CALCULATED
2013-08-21T19:20:00Z,2013-08-22T01:18:00Z,,,,,,,,CALCULATED
2013-08-21T19:30:00Z,2013-08-22T01:28:00Z,,,,,,,,CALCULATED
2013-08-21T19:40:00Z,2013-08-22T01:38:00Z,,,,,,,,CALCULATED
2013-08-21T19:50:00Z,2013-08-22T01:48:00Z,,,,,,,,CALCULATED
2013-08-21T20:00:00Z,2013-08-22T01:58:00Z,,,,,,,,CALCULATED
2013-08-21T20:10:00Z,2013-08-22T02:08:00Z,,,,,,,,CALCULATED
2013-08-21T20:20:00Z,2013-08-22T02:18:00Z,,,,,,,,CALCULATED
2013-08-21T20:30:00Z,2013-08-22T02:28:00Z,,,,,,,,CALCULATED
2013-08-21T20:40:00Z,2013-08-22T02:38:00Z,,,,,,,,CALCULATED
2013-08-21T20:50:00Z,2013-08-22T02:48:00Z,,,,,,,,CALCULATED
2013-08-21T21:00:00Z,2013-08-22T02:58:00Z,,,,,,,,CALCULATED
2013-08-21T21:10:00Z,2013-08-22T03:08:00Z,,,,,,,,CALCULATED
2013-08-21T21:20:00Z,2013-08-22T03:18:00Z,,,,,,,,CALCULATED
2013-08-21T21:30:00Z,2013-08-22T03:28:00Z,,,,,,,,CALCULATED
2013-08-21T21:40:00Z,2013-08-22T03:38:00Z,,,,,,,,CALCULATED
2013-08-21T21:50:00Z,2013-08-22T03:48:00Z,,,,,,,,CALCULATED
2013-08-21T22:00:00Z,2013-08-22T03:58:00Z,,,,,,,,CALCULATED
2013-08-21T22:10:00Z,2013-08-22T04:08:00Z,,,,,,,,CALCULATED
2013-08-21T22:20:00Z,2013-08-22T04:18:00Z,,,,,,,,CALCULATED
2013-08-21T22:30:00Z,2013-08-22T04:28:00Z,,,,,,,,CALCULATED
2013-08-21T22:40:00Z,2013-08-22T04:38:00Z,,,,,,,,CALCULATED
2013-08-21T22:50:00Z,2013-08-22T04:48:00Z,,,,,,,,CALCULATED
2013-08-21T23:00:00Z,2013-08-22T04:58:00Z,,,,,,,,CALCULATED
2013-08-21T23:10:00Z,2013-08-22T05:08:00Z,,,,,,,,CALCULATED
2013-08-21T23:20:00Z,2013-08-22T05:18:00Z,,,,,,,,CALCULATED
2013-08-21T23:30:00Z,2013-08-22T05:28:00Z,,,,,,,,CALCULATED
2013-08-21T23:40:00Z,2013-08-22T05:38:00Z,,,,,,,,CALCULATED
2013-08-21T23:50:00Z,2013-08-22T05:48:00Z,,,,,,,,CALCULATED
2013-08-22T00:00:00Z,2013-08-22T05:58:00Z,,,,,,,,CALCULATED
2013-08-22T00:10:00Z,2013-08-22T06:08:00Z,,,,,,,,CALCULATED
2013-08-22T00:20:00Z,2013-08-22T06:18:00Z,,,,,,,,CALCULATED
2013-08-22T00:30:00Z,2013-08-22T06:28:00Z,,,,,,,,CALCULATED
2013-08-22T00:40:00Z,2013-08-22T06:38:00Z,,,,,,,,CALCULATED
2013-08-22T00:50:00Z,2013-08-22T06:48:00Z,,,,,,,,CALCULATED
2013-08-22T01:00:00Z,2013-08-22T06:58:00Z,,,,,,,,CALCULATED
2013-08-22T01:10:00Z,2013-08-22T07:08:00Z,,,,,,,,CALCULATED
2013-08-22T01:20:00Z,2013-08-22T07:18:00Z,,,,,,,,CALCULATED
2013-08-22T01:30:00Z,2013-08-22T07:28:00Z,,,,,,,,CALCULATED
2013-08-22T01:40:00Z,2013-08-22T07:38:00Z,,,,,,,,CALCULATED
2013-08-22T01:50:00Z,2013-08-22T07:48:00Z,,,,,,,,CALCULATED
2013-08-22T02:00:00Z,2013-08-22T07:58:00Z,,,,,,,,CALCULATED
2013-08-22T02:10:00Z,2013-08-22T08:08:00Z,,,,,,,,CALCULATED
2013-08-22T02:20:00Z,2013-08-22T08:18:00Z,,,,,,,,CALCULATED
2013-08-22T02:30:00Z,2013-08-22T08:28:00Z,,,,,,,,CALCULATED
2013-08-22T02:40:00Z,2013-08-22T08:38:00Z,,,,,,,,CALCULATED
2013-08-22T02:50:00Z,2013-08-22T08:48:00Z,,,,,,,,CALCULATED
2013-08-22T03:00:00Z,2013-08-22T08:58:00Z,,,,,,,,CALCULATED
2013-08-22T03:10:00Z,2013-08-22T09:08:00Z,,,,,,,,CALCULATED
2013-08-22T03:20:00Z,2013-08-22T09:18:00Z,,,,,,,,CALCULATED
2013-08-22T03:30:00Z,2013-08-22T09:28:00Z,,,,,,,,CALCULATED
2013-08-22T03:40:00Z,2013-08-22T09:38:00Z,,,,,,,,CALCULATED
2013-08-22T03:50:00Z,2013-08-22T09:48:00Z,,,,,,,,CALCULATED
2013-08-22T04:00:00Z,2013-08-22T09:58:00Z,,,,,,,,CALCULATED
2013-08-22T04:10:00Z,2013-08-22T10:08:00Z,,,,,,,,CALCULATED
2013-08-22T04:20:00Z,2013-08-22T10:18:00Z,,,,,,,,CALCULATED
2013-08-22T04:30:00Z,2013-08-22T10:28:00Z,,,,,,,,CALCULATED
2013-08-22T04:40:00Z,2013-08-22T10:38:00Z,,,,,,,,CALCULATED
2013-08-22T04:50:00Z,2013-08-22T10:48:00Z,,,,,,,,CALCULATED
2013-08-22T05:00:00Z,2013-08-22T10:58:00Z,,,,,,,,CALCULATED
2013-08-22T05:10:00Z,2013-08-22T11:08:00Z,,,,,,,,CALCULATED
2013-08-22T05:20:00Z,2013-08-22T11:18:00Z,,,,,,,,CALCULATED
2013-08-22T05:30:00Z,2013-08-22T11:28:00Z,,,,,,,,CALCULATED
2013-08-22T05:40:00Z,2013-08-22T11:38:00Z,,,,,,,,CALCULATED
2013-08-22T05:50:00Z,2013-08-22T11:48:00Z,,,,,,,,CALCULATED
2013-08-22T06:00:00Z,2013-08-22T11:58:00Z,,,,,,,,CALCULATED
2013-08-22T06:10:00Z,2013-08-22T12:08:00Z,,,,,,,,CALCULATED
2013-08-22T06:20:00Z,2013-08-22T12:18:00Z,,RANGE_WARN,,,,,,CALCULATED
2013-08-22T06:30:00Z,2013-08-22T12:28:00Z,,,,,,,,CALCULATED
2013-08-22T06:40:00Z,2013-08-22T12:38:00Z,,,,,,,,CALCULATED
2013-08-22T06:50:00Z,2013-08-22T12:48:00Z,,,,,,,,CALCULATED
2013-08-22T07:00:00Z,2013-08-22T12:58:00Z,,,,,,,,CALCULATED
2013-08-22T07:10:00Z,2013-08-22T13:08:00Z,,,,,,,,CALCULATED
2013-08-22T07:20:00Z,2013-08-22T13:18:00Z,,,,,,,,CALCULATED
2013-08-22T07:30:00Z,2013-08-22T13:28:00Z,,,,,,,,CALCULATED
2013-08-22T07:40:00Z,2013-08-22T13:38:00Z,,,,,,,,CALCULATED
2013-08-22T07:50:00Z,2013-08-22T13:48:00Z,,,,,,,,CALCULATED
2013-08-22T08:00:00Z,2013-08-22T13:58:00Z,,,,,,,,CALCULATED
2013-08-22T08:10:00Z,2013-08-22T14:08:00Z,,RANGE_WARN,,,,,,CALCULATED
2013-08-22T08:20:00Z,2013-08-22T14:18:00Z,,,,,,,,CALCULATED
2013-08-22T08:30:00Z,2013-08-22T14:28:00Z,,,,,,,,CALCULATED
2013-08-22T08:40:00Z,2013-08-22T14:38:00Z,,RANGE_WARN,,,,,,CALCULATED
2013-08-22T08:50:00Z,2013-08-22T14:48:00Z,,,,,,,,CALCULATED
2013-08-22T09:00:00Z,2013-08-22T14:58:00Z,,,,,,,,CALCULATED
2013-08-22T09:10:00Z,2013-08-22T15:08:00Z,,,,,,,,CALCULATED
2013-08-22T09:20:00Z,2013-08-22T15:18:00Z,,,,,,,,CALCULATED
2013-08-22T09:30:00Z,2013-08-22T15:28:00Z,,RANGE_WARN,,,,,,CALCULATED
2013-08-22T09:40:00Z,2013-08-22T15:38:00Z,,,,,,,,CALCULATED
2013-08-22T09:50:00Z,2013-08-22T15:48:00Z,,RANGE_WARN,,,,,,CALCULATED
2013-08-22T10:00:00Z,2013-08-22T15:58:00Z,,,,,,,,CALCULATED
2013-08-22T10:10:00Z,2013-08-22T16:08:00Z,,RANGE_WARN,,,,,,CALCULATED
2013-08-22T10:20:00Z,2013-08-22T16:18:00Z,,,,,,,,CALCULATED
2013-08-22T10:30:00Z,2013-08-22T16:28:00Z,,,,,,,,CALCULATED
2013-08-22T10:40:00Z,2013-08-22T16:38:00Z,,,,,,,,CALCULATED
2013-08-22T10:50:00Z,2013-08-22T16:48:00Z,,,,,,,,CALCULATED
2013-08-22T11:00:00Z,2013-08-22T16:58:00Z,,,,,,,,CALCULATED
2013-08-22T11:10:00Z,2013-08-22T17:08:00Z,,,,,,OUT_WARN,,CALCULATED
2013-08-22T11:20:00Z,2013-08-22T17:18:00Z,,,,,,OUT_WARN,,CALCULATED
2013-08-22T11:30:00Z,2013-08-22T17:28:00Z,,,,,,OUT_WARN,,CALCULATED
2013-08-22T11:40:00Z,2013-08-22T17:38:00Z,,,,,,OUT_WARN,,CALCULATED
2013-08-22T11:50:00Z,2013-08-22T17:48:00Z,,,,,,,,CALCULATED
2013-08-22T12:00:00Z,2013-08-22T17:58:00Z,,,,,,,,CALCULATED
2013-08-22T12:10:00Z,2013-08-22T18:08:00Z,,,,,,,,CALCULATED
2013-08-22T12:20:00Z,2013-08-22T18:18:00Z,,,,,,,,CALCULATED
2013-08-22T12:30:00Z,2013-08-22T18:28:00Z,,,,,,,,CALCULATED
2013-08-22T12:40:00Z,2013-08-22T18:38:00Z,,,,,,,,CALCULATED
2013-08-22T12:50:00Z,2013-08-22T18:48:00Z,,,,,,,,CALCULATED
2013-08-22T13:00:00Z,2013-08-22T18:58:00Z,,,,,,,,CALCULATED
2013-08-22T13:10:00Z,2013-08-22T19:08:00Z,,,,,,,,CALCULATED
2013-08-22T13:20:00Z,2013-08-22T19:18:00Z,,,,,,,,CALCULATED
2013-08-22T13:30:00Z,2013-08-22T19:28:00Z,,,,,,,,CALCULATED
2013-08-22T13:40:00Z,2013-08-22T19:38:00Z,,,,,,,,CALCULATED
2013-08-22T13:50:00Z,2013-08-22T19:48:00Z,,,,,,,,CALCULATED
2013-08-22T14:00:00Z,2013-08-22T19:58:00Z,,,,,,,,CALCULATED
2013-08-22T14:10:00Z,2013-08-22T20:08:00Z,,,,,,,,CALCULATED
2013-08-22T14:20:00Z,2013-08-22T20:18:00Z,,,,,,,,CALCULATED
2013-08-22T14:30:00Z,2013-08-22T20:28:00Z,,,,,,,,CALCULATED
2013-08-22T14:40:00Z,2013-08-22T20:38:00Z,,,,,,,,CALCULATED
2013-08-22T14:50:00Z,2013-08-22T20:48:00Z,,,,,,,,CALCULATED
2013-08-22T15:00:00Z,2013-08-22T20:58:00Z,,,,,,,,CALCULATED
2013-08-22T15:10:00Z,2013-08-22T21:08:00Z,,,,,,,,CALCULATED
2013-08-22T15:20:00Z,2013-08-22T21:18:00Z,,,,,,,,CALCULATED
2013-08-22T15:30:00Z,2013-08-22T21:28:00Z,,,,,,,,CALCULATED
2013-08-22T15:40:00Z,2013-08-22T21:38:00Z,,,,,,,,CALCULATED
2013-08-22T15:50:00Z,2013-08-22T21:48:00Z,,,,,,,,CALCULATED
2013-08-22T16:00:00Z,2013-08-22T21:58:00Z,,,,,,,,CALCULATED
2013-08-22T16:10:00Z,2013-08-22T22:08:00Z,,,,,,,,CALCULATED
2013-08-22T16:20:00Z,2013-08-22T22:18:00Z,,,,,,,,CALCULATED
2013-08-22T16:30:00Z,2013-08-22T22:28:00Z,,,,,,,,CALCULATED
2013-08-22T16:40:00Z,2013-08-22T22:38:00Z,,,,,,,,CALCULATED
2013-08-22T16:50:00Z,2013-08-22T22:48:00Z,,,,,,,,CALCULATED
2013-08-22T17:00:00Z,2013-08-22T22:58:00Z,,,,,,,,CALCULATED
2013-08-22T17:10:00Z,2013-08-22T23:08:00Z,,,,,,,,CALCULATED
2013-08-22T17:20:00Z,2013-08-22T23:18:00Z,,,,,,,,CALCULATED
2013-08-22T17:30:00Z,2013-08-22T23:28:00Z,,,,,,,,CALCULATED
2013-08-22T17:40:00Z,2013-08-22T23:38:00Z,,,,,,,,CALCULATED
2013-08-22T17:50:00Z,2013-08-22T23:48:00Z,,,,,,,,CALCULATED
2013-08-22T18:00:00Z,2013-08-22T23:58:00Z,,,,,,,,CALCULATED
2013-08-22T18:10:00Z,2013-08-23T00:08:17Z,,,,,,,,CALCULATED
2013-08-22T18:20:00Z,2013-08-23T00:18:17Z,,,,,,,,CALCULATED
2013-08-22T18:30:00Z,2013-08-23T00:28:17Z,,,,,,,,CALCULATED
2013-08-22T18:40:00Z,2013-08-23T00:38:17Z,,,,,,,,CALCULATED
2013-08-22T18:50:00Z,2013-08-23T00:48:17Z,,,,,,,,CALCULATED
2013-08-22T19:00:00Z,2013-08-23T00:58:17Z,,,,,,,,CALCULATED
2013-08-22T19:10:00Z,2013-08-23T01:08:17Z,,,,,,,,CALCULATED
2013-08-22T19:20:00Z,2013-08-23T01:18:17Z,,,,,,,,CALCULATED
2013-08-22T19:30:00Z,2013-08-23T01:28:17Z,,,,,,,,CALCULATED
2013-08-22T19:40:00Z,2013-08-23T01:38:17Z,,,,,,,,CALCULATED
2013-08-22T19:50:00Z,2013-08-23T01:48:17Z,,,,,,,,CALCULATED
2013-08-22T20:00:00Z,2013-08-23T01:58:17Z,,,,,,,,CALCULATED
2013-08-22T20:10:00Z,2013-08-23T02:08:17Z,,,,,,,,CALCULATED
2013-08-22T20:20:00Z,2013-08-23T02:18:17Z,,,,,,,,CALCULATED
2013-08-22T20:30:00Z,2013-08-23T02:28:17Z,,,,,,,,CALCULATED
2013-08-22T20:40:00Z,2013-08-23T02:38:17Z,,,,,,,,CALCULATED
2013-08-22T20:50:00Z,2013-08-23T02:48:17Z,,,,,,,,CALCULATED
2013-08-22T21:00:00Z,2013-08-23T02:58:17Z,,,,,,OUT_WARN,,CALCULATED
2013-08-22T21:10:00Z,2013-08-23T03:08:17Z,,,,,,,,CALCULATED
2013-08-22T21:20:00Z,2013-08-23T03:18:17Z,,,,,,,,CALCULATED
2013-08-22T21:30:00Z,2013-08-23T03:28:17Z,,,,,,,,CALCULATED
2013-08-22T21:40:00Z,2013-08-23T03:38:17Z,,,,,,,,CALCULATED
2013-08-22T21:50:00Z,2013-08-23T03:48:17Z,,,,,,,,CALCULATED
2013-08-22T22:00:00Z,2013-08-23T03:58:17Z,,,,,,,,CALCULATED
2013-08-22T22:10:00Z,2013-08-23T04:08:17Z,,,,,,,,CALCULATED
2013-08-22T22:20:00Z,2013-08-23T04:18:17Z,,,,,,,,CALCULATED
2013-08-22T22:30:00Z,2013-08-23T04:28:17Z,,,,,,,,CALCULATED
2013-08-22T22:40:00Z,2013-08-23T04:38:17Z,,,,,,,,CALCULATED
2013-08-22T22:50:00Z,2013-08-23T04:48:17Z,,,,,,,,CALCULATED
2013-08-22T23:00:00Z,2013-08-23T04:58:17Z,,,,,,,,CALCULATED
2013-08-22T23:10:00Z,2013-08-23T05:08:17Z,,,,,,,,CALCULATED
2013-08-22T23:20:00Z,2013-08-23T05:18:17Z,,,,,,,,CALCULATED
2013-08-22T23:30:00Z,2013-08-23T05:28:17Z,,,,,,,,CALCULATED
2013-08-22T23:40:00Z,2013-08-23T05:38:17Z,,,,,,,,CALCULATED
2013-08-22T23:50:00Z,2013-08-23T05:48:17Z,,,,,,,,CALCULATED
2013-08-23T00:00:00Z,2013-08-23T05:58:17Z,,,,,,,,CALCULATED
2013-08-23T00:10:00Z,2013-08-23T06:08:17Z,,,,,,,,CALCULATED
2013-08-23T00:20:00Z,2013-08-23T06:18:17Z,,,,,,,,CALCULATED
2013-08-23T00:30:00Z,2013-08-23T06:28:17Z,,,,,,,,CALCULATED
2013-08-23T00:40:00Z,2013-08-23T06:38:17Z,,,,,,,,CALCULATED
2013-08-23T00:50:00Z,2013-08-23T06:48:17Z,,,,,,,,CALCULATED
2013-08-23T01:00:00Z,2013-08-23T06:58:17Z,,,,,,,,CALCULATED
2013-08-23T01:10:00Z,2013-08-23T07:08:17Z,,,,,,,,CALCULATED
2013-08-23T01:20:00Z,2013-08-23T07:18:17Z,,,,,,,,CALCULATED
2013-08-23T01:30:00Z,2013-08-23T07:28:17Z,,,,,,OUT_WARN,,CALCULATED
2013-08-23T01:40:00Z,2013-08-23T07:38:17Z,,,,,,,,CALCULATED
2013-08-23T01:50:00Z,2013-08-23T07:48:17Z,,,,,,,,CALCULATED
2013-08-23T02:00:00Z,2013-08-23T07:58:17Z,,,,,,,,CALCULATED
2013-08-23T02:10:00Z,2013-08-23T08:08:17Z,,,,,,,,CALCULATED
2013-08-23T02:20:00Z,2013-08-23T08:18:17Z,,,,,,,,CALCULATED
2013-08-23T02:30:00Z,2013-08-23T08:28:17Z,,,,,,,,CALCULATED
2013-08-23T02:40:00Z,2013-08-23T08:38:17Z,,,,,,,,CALCULATED
2013-08-23T02:50:00Z,2013-08-23T08:48:17Z,,,,,,,,CALCULATED
2013-08-23T03:00:00Z,2013-08-23T08:58:17Z,,,,,,,,CALCULATED
2013-08-23T03:10:00Z,2013-08-23T09:08:17Z,,,,,,,,CALCULATED
2013-08-23T03:20:00Z,2013-08-23T09:18:17Z,,,,,,,,CALCULATED
2013-08-23T03:30:00Z,2013-08-23T09:28:17Z,,,,,,,,CALCULATED
2013-08-23T03:40:00Z,2013-08-23T09:38:17Z,,,,,,,,CALCULATED
2013-08-23T03:50:00Z,2013-08-23T09:48:17Z,,,,,,,,CALCULATED
2013-08-23T04:00:00Z,2013-08-23T09:58:17Z,,,,,,,,CALCULATED
2013-08-23T04:10:00Z,2013-08-23T10:08:17Z,,,,,,,,CALCULATED
2013-08-23T04:20:00Z,2013-08-23T10:18:17Z,,,,,,,,CALCULATED
2013-08-23T04:30:00Z,2013-08-23T10:28:17Z,,,,,,,,CALCULATED
2013-08-23T04:40:00Z,2013-08-23T10:38:17Z,,,,,,,,CALCULATED
2013-08-23T04:50:00Z,2013-08-23T10:48:17Z,,,,,,,,CALCULATED
2013-08-23T05:00:00Z,2013-08-23T10:58:17Z,,,,,,,,CALCULATED
2013-08-23T05:10:00Z,2013-08-23T11:08:17Z,,,,,,,,CALCULATED
2013-08-23T05:20:00Z,2013-08-23T11:18:17Z,,,,,,,,CALCULATED
2013-08-23T05:30:00Z,2013-08-23T11:28:17Z,,,,,,,,CALCULATED
2013-08-23T05:40:00Z,2013-08-23T11:38:17Z,,,,,,,,CALCULATED
2013-08-23T05:50:00Z,2013-08-23T11:48:17Z,,,,,,,,CALCULATED
2013-08-23T06:00:00Z,2013-08-23T11:58:17Z,,,,,,,,CALCULATED
2013-08-23T06:10:00Z,2013-08-23T12:08:17Z,,,,,,,,CALCULATED
2013-08-23T06:20:00Z,2013-08-23T12:18:17Z,,,,,,,,CALCULATED
2013-08-23T06:30:00Z,2013-08-23T12:28:17Z,,,,,,,,CALCULATED
2013-08-23T06:40:00Z,2013-08-23T12:38:17Z,,,,,,,,CALCULATED
2013-08-23T06:50:00Z,2013-08-23T12:48:17Z,,,,,,,,CALCULATED
2013-08-23T07:00:00Z,2013-08-23T12:58:17Z,,,,,,,,CALCULATED
2013-08-23T07:10:00Z,2013-08-23T13:08:17Z,,,,,,,,CALCULATED
2013-08-23T07:20:00Z,2013-08-23T13:18:17Z,,,,,,,,CALCULATED
2013-08-23T07:30:00Z,2013-08-23T13:28:17Z,,,,,,,,CALCULATED
2013-08-23T07:40:00Z,2013-08-23T13:38:17Z,,,,,,,,CALCULATED
2013-08-23T07:50:00Z,2013-08-23T13:48:17Z,,,,,,,,CALCULATED
2013-08-23T08:00:00Z,2013-08-23T13:58:17Z,,,,,,,,CALCULATED
2013-08-23T08:10:00Z,2013-08-23T14:08:17Z,,,,,,,,CALCULATED
2013-08-23T08:20:00Z,2013-08-23T14:18:17Z,,,,,,,,CALCULATED
2013-08-23T08:30:00Z,2013-08-23T14:28:17Z,,,,,,,,CALCULATED
2013-08-23T08:40:00Z,2013-08-23T14:38:17Z,,,,,,,,CALCULATED
2013-08-23T08:50:00Z,2013-08-23T14:48:17Z,,,,,,,,CALCULATED
2013-08-23T09:00:00Z,2013-08-23T14:58:17Z,,,,,,,,CALCULATED
2013-08-23T09:10:00Z,2013-08-23T15:08:17Z,,,,,,,,CALCULATED
2013-08-23T09:20:00Z,2013-08-23T15:18:17Z,,,,,,,,CALCULATED
2013-08-23T09:30:00Z,2013-08-23T15:28:17Z,,,,,,,,CALCULATED
2013-08-23T09:40:00Z,2013-08-23T15:38:17Z,,,,,,,,CALCULATED
2013-08-23T09:50:00Z,2013-08-23T15:48:17Z,,,,,,,,CALCULATED
2013-08-23T10:00:00Z,2013-08-23T15:58:17Z,,,,,,,,CALCULATED
2013-08-23T10:10:00Z,2013-08-23T16:08:17Z,,,,,,,,CALCULATED
2013-08-23T10:20:00Z,2013-08-23T16:18:17Z,,,,,,,,CALCULATED
2013-08-23T10:30:00Z,2013-08-23T16:28:17Z,,,,,,,,CALCULATED
2013-08-23T10:40:00Z,2013-08-23T16:38:17Z,,,,,,,,CALCULATED
2013-08-23T10:50:00Z,2013-08-23T16:48:17Z,,,,,,,,CALCULATED
2013-08-23T11:00:00Z,2013-08-23T16:58:17Z,,,,,,,,CALCULATED
2013-08-23T11:10:00Z,2013-08-23T17:08:17Z,,,,,,,,CALCULATED
2013-08-23T11:20:00Z,2013-08-23T17:18:17Z,,,,,,,,CALCULATED
2013-08-23T11:30:00Z,2013-08-23T17:28:17Z,,,,,,,,CALCULATED
2013-08-23T11:40:00Z,2013-08-23T17:38:17Z,,,,,,,,CALCULATED
2013-08-23T11:50:00Z,2013-08-23T17:48:17Z,,,,,,,,CALCULATED
2013-08-23T12:00:00Z,2013-08-23T17:58:17Z,,,,,,,,CALCULATED
2013-08-23T12:10:00Z,2013-08-23T18:08:17Z,,,,,,,,CALCULATED
2013-08-23T12:20:00Z,2013-08-23T18:18:17Z,,,,,,,,CALCULATED
2013-08-23T12:30:00Z,2013-08-23T18:28:17Z,,,,,,,,CALCULATED
2013-08-23T12:40:00Z,2013-08-23T18:38:17Z,,,,,,,,CALCULATED
2013-08-23T12:50:00Z,2013-08-23T18:48:17Z,,,,,,,,CALCULATED
2013-08-23T13:00:00Z,2013-08-23T18:58:17Z,,,,,,,,CALCULATED
2013-08-23T13:10:00Z,2013-08-23T19:08:17Z,,,,,,,,CALCULATED
2013-08-23T13:20:00Z,2013-08-23T19:18:17Z,,,,,,,,CALCULATED
2013-08-23T13:30:00Z,2013-08-23T19:28:17Z,,,,,,,,CALCULATED
2013-08-23T13:40:00Z,2013-08-23T19:38:17Z,,,,,,,,CALCULATED
2013-08-23T13:50:00Z,2013-08-23T19:48:17Z,,,,,,,,CALCULATED
2013-08-23T14:00:00Z,2013-08-23T19:58:17Z,,,,,,,,CALCULATED
2013-08-23T14:10:00Z,2013-08-23T20:08:17Z,,,,,,,,CALCULATED
2013-08-23T14:20:00Z,2013-08-23T20:18:17Z,,,,,,,,CALCULATED
2013-08-23T14:30:00Z,2013-08-23T20:28:17Z,,,,,,,,CALCULATED
2013-08-23T14:40:00Z,2013-08-23T20:38:17Z,,,,,,,,CALCULATED
2013-08-23T14:50:00Z,2013-08-23T20:48:17Z,,,,,,,,CALCULATED
2013-08-23T15:00:00Z,2013-08-23T20:58:17Z,,,,,,,,CALCULATED
2013-08-23T15:10:00Z,2013-08-23T21:08:17Z,,,,,,,,CALCULATED
2013-08-23T15:20:00Z,2013-08-23T21:18:17Z,,,,,,,,CALCULATED
2013-08-23T15:30:00Z,2013-08-23T21:28:17Z,,,,,,,,CALCULATED
2013-08-23T15:40:00Z,2013-08-23T21:38:17Z,,,,,,,,CALCULATED
2013-08-23T15:50:00Z,2013-08-23T21:48:17Z,,,,,,,,CALCULATED
2013-08-23T16:00:00Z,2013-08-23T21:58:17Z,,,,,,,,CALCULATED
2013-08-23T16:10:00Z,2013-08-23T22:08:17Z,,,,,,,,CALCULATED
2013-08-23T16:20:00Z,2013-08-23T22:18:17Z,,,,,,,,CALCULATED
2013-08-23T16:30:00Z,2013-08-23T22:28:17Z,,,,,,,,CALCULATED
2013-08-23T16:40:00Z,2013-08-23T22:38:17Z,,,,,,,,CALCULATED
2013-08-23T16:50:00Z,2013-08-23T22:48:17Z,,,,,,,,CALCULATED
2013-08-23T17:00:00Z,2013-08-23T22:58:17Z,,,,,,,,CALCULATED
2013-08-23T17:10:00Z,2013-08-23T23:08:17Z,,,,,,,,CALCULATED
2013-08-23T17:20:00Z,2013-08-23T23:18:17Z,,,,,,,,CALCULATED
2013-08-23T17:30:00Z,2013-08-23T23:28:17Z,,,,,,,,CALCULATED
2013-08-23T17:40:00Z,2013-08-23T23:38:17Z,,,,,,,,CALCULATED
2013-08-23T17:50:00Z,2013-08-23T23:48:17Z,,,,,,,,CALCULATED
2013-08-23T18:00:00Z,2013-08-23T23:58:17Z,,,,,,,,CALCULATED
2013-08-23T18:10:00Z,2013-08-24T00:08:34Z,,,,,,,,CALCULATED
2013-08-23T18:20:00Z,2013-08-24T00:18:34Z,,,,,,,,CALCULATED
2013-08-23T18:30:00Z,2013-08-24T00:28:34Z,,,,,,,,CALCULATED
2013-08-23T18:40:00Z,2013-08-24T00:38:34Z,,,,,,,,CALCULATED
2013-08-23T18:50:00Z,2013-08-24T00:48:34Z,,,,,,,,CALCULATED
2013-08-23T19:00:00Z,2013-08-24T00:58:34Z,,,,,,,,CALCULATED
2013-08-23T19:10:00Z,2013-08-24T01:08:34Z,,,,,,,,CALCULATED
2013-08-23T19:20:00Z,2013-08-24T01:18:34Z,,,,,,,,CALCULATED
2013-08-23T19:30:00Z,2013-08-24T01:28:34Z,,,,,,,,CALCULATED
2013-08-23T19:40:00Z,2013-08-24T01:38:34Z,,,,,,,,CALCULATED
2013-08-23T19:50:00Z,2013-08-24T01:48:34Z,,,,,,,,CALCULATED
2013-08-23T20:00:00Z,2013-08-24T01:58:34Z,,,,,,,,CALCULATED
2013-08-23T20:10:00Z,2013-08-24T02:08:34Z,,,,,,,,CALCULATED
2013-08-23T20:20:00Z,2013-08-24T02:18:34Z,,,,,,,,CALCULATED
2013-08-23T20:30:00Z,2013-08-24T02:28:34Z,,,,,,,,CALCULATED
2013-08-23T20:40:00Z,2013-08-24T02:38:34Z,,,,,,OUT_WARN,,CALCULATED
2013-08-23T20:50:00Z,2013-08-24T02:48:34Z,,,,,,,,CALCULATED
2013-08-23T21:00:00Z,2013-08-24T02:58:34Z,,,,,,OUT_WARN,,CALCULATED
2013-08-23T21:10:00Z,2013-08-24T03:08:34Z,,,,,,OUT_WARN,,CALCULATED
2013-08-23T21:20:00Z,2013-08-24T03:18:34Z,,,,,,,,CALCULATED
2013-08-23T21:30:00Z,2013-08-24T03:28:34Z,,,,,,,,CALCULATED
2013-08-23T21:40:00Z,2013-08-24T03:38:34Z,,,,,,,,CALCULATED
2013-08-23T21:50:00Z,2013-08-24T03:48:34Z,,,,,,,,CALCULATED
2013-08-23T22:00:00Z,2013-08-24T03:58:34Z,,,,,,,,CALCULATED
2013-08-23T22:10:00Z,2013-08-24T04:08:34Z,,,,,,,,CALCULATED
2013-08-23T22:20:00Z,2013-08-24T04:18:34Z,,,,,,,,CALCULATED
2013-08-23T22:30:00Z,2013-08-24T04:28:34Z,,,,,,,,CALCULATED
2013-08-23T22:40:00Z,2013-08-24T04:38:34Z,,,,,,,,CALCULATED
2013-08-23T22:50:00Z,2013-08-24T04:48:34Z,,,,,,,,CALCULATED
2013-08-23T23:00:00Z,2013-08-24T04:58:34Z,,,,,,,,CALCULATED
2013-08-23T23:10:00Z,2013-08-24T05:08:34Z,,,,,,,,CALCULATED
2013-08-23T23:20:00Z,2013-08-24T05:18:34Z,,,,,,,,CALCULATED
2013-08-23T23:30:00Z,2013-08-24T05:28:34Z,,,,,,,,CALCULATED
2013-08-23T23:40:00Z,2013-08-24T05:38:34Z,,,,,,,,CALCULATED
2013-08-23T23:50:00Z,2013-08-24T05:48:34Z,,,,,,,,CALCULATED
2013-08-24T00:00:00Z,2013-08-24T05:58:34Z,,,,,,,,CALCULATED
2013-08-24T00:10:00Z,2013-08-24T06:08:34Z,,,,,,,,CALCULATED
2013-08-24T00:20:00Z,2013-08-24T06:18:34Z,,,,,,,,CALCULATED
2013-08-24T00:30:00Z,2013-08-24T06:28:34Z,,,,,,,,CALCULATED
2013-08-24T00:40:00Z,2013-08-24T06:38:34Z,,,,,,,,CALCULATED
2013-08-24T00:50:00Z,2013-08-24T06:48:34Z,,,,,,,,CALCULATED
2013-08-24T01:00:00Z,2013-08-24T06:58:34Z,,,,,,,,CALCULATED
2013-08-24T01:10:00Z,2013-08-24T07:08:34Z,,,,,,,,CALCULATED
2013-08-24T01:20:00Z,2013-08-24T07:18:34Z,,,,,,,,CALCULATED
2013-08-24T01:30:00Z,2013-08-24T07:28:34Z,,,,,,,,CALCULATED
2013-08-24T01:40:00Z,2013-08-24T07:38:34Z,,,,,,,,CALCULATED
2013-08-24T01:50:00Z,2013-08-24T07:48:34Z,,,,,,,,CALCULATED
2013-08-24T02:00:00Z,2013-08-24T07:58:34Z,,,,,,,,CALCULATED
2013-08-24T02:10:00Z,2013-08-24T08:08:34Z,,,,,,,,CALCULATED
2013-08-24T02:20:00Z,2013-08-24T08:18:34Z,,,,,,,,CALCULATED
2013-08-24T02:30:00Z,2013-08-24T08:28:34Z,,,,,,,,CALCULATED
2013-08-24T02:40:00Z,2013-08-24T08:38:34Z,,,,,,,,CALCULATED
2013-08-24T02:50:00Z,2013-08-24T08:48:34Z,,,,,,,,CALCULATED
2013-08-24T03:00:00Z,2013-08-24T08:58:34Z,,,,,,,,CALCULATED
2013-08-24T03:10:00Z,2013-08-24T09:08:34Z,,,,,,,,CALCULATED
2013-08-24T03:20:00Z,2013-08-24T09:18:34Z,,,,,,,,CALCULATED
2013-08-24T03:30:00Z,2013-08-24T09:28:34Z,,,,,,,,CALCULATED
2013-08-24T03:40:00Z,2013-08-24T09:38:34Z,,,,,,,,CALCULATED
2013-08-24T03:50:00Z,2013-08-24T09:48:34Z,,,,,,,,CALCULATED
2013-08-24T04:00:00Z,2013-08-24T09:58:34Z,,,,,,,,CALCULATED
2013-08-24T04:10:00Z,2013-08-24T10:08:34Z,,,,,,,,CALCULATED
2013-08-24T04:20:00Z,2013-08-24T10:18:34Z,,,,,,,,CALCULATED
2013-08-24T04:30:00Z,2013-08-24T10:28:34Z,,,,,,,,CALCULATED
2013-08-24T04:40:00Z,2013-08-24T10:38:34Z,,,,,,,,CALCULATED
2013-08-24T04:50:00Z,2013-08-24T10:48:34Z,,,,,,,,CALCULATED
2013-08-24T05:00:00Z,2013-08-24T10:58:34Z,,,,,,,,CALCULATED
2013-08-24T05:10:00Z,2013-08-24T11:08:34Z,,,,,,,,CALCULATED
2013-08-24T05:20:00Z,2013-08-24T11:18:34Z,,,,,,,,CALCULATED
2013-08-24T05:30:00Z,2013-08-24T11:28:34Z,,,,,,,,CALCULATED
2013-08-24T05:40:00Z,2013-08-24T11:38:34Z,,,,,,,,CALCULATED
2013-08-24T05:50:00Z,2013-08-24T11:48:34Z,,,,,,,,CALCULATED
2013-08-24T06:00:00Z,2013-08-24T11:58:34Z,,,,,,,,CALCULATED
2013-08-24T06:10:00Z,2013-08-24T12:08:34Z,,,,,,,,CALCULATED
2013-08-24T06:20:00Z,2013-08-24T12:18:34Z,,,,,,,,CALCULATED
2013-08-24T06:30:00Z,2013-08-24T12:28:34Z,,,,,,,,CALCULATED
2013-08-24T06:40:00Z,2013-08-24T12:38:34Z,,,,,,,,CALCULATED
2013-08-24T06:50:00Z,2013-08-24T12:48:34Z,,,,,,,,CALCULATED
2013-08-24T07:00:00Z,2013-08-24T12:58:34Z,,,,,,,,CALCULATED
2013-08-24T07:10:00Z,2013-08-24T13:08:34Z,,,,,,,,CALCULATED
2013-08-24T07:20:00Z,2013-08-24T13:18:34Z,,,,,,,,CALCULATED
2013-08-24T07:30:00Z,2013-08-24T13:28:34Z,,,,,,,,CALCULATED
2013-08-24T07:40:00Z,2013-08-24T13:38:34Z,,,,,,,,CALCULATED
2013-08-24T07:50:00Z,2013-08-24T13:48:34Z,,,,,,,,CALCULATED
2013-08-24T08:00:00Z,2013-08-24T13:58:34Z,,,,,,,,CALCULATED
2013-08-24T08:10:00Z,2013-08-24T14:08:34Z,,,,,,,,CALCULATED
2013-08-24T08:20:00Z,2013-08-24T14:18:34Z,,,,,,,,CALCULATED
2013-08-24T08:30:00Z,2013-08-24T14:28:34Z,,,,,,,,CALCULATED
2013-08-24T08:40:00Z,2013-08-24T14:38:34Z,,,,,,,,CALCULATED
2013-08-24T08:50:00Z,2013-08-24T14:48:34Z,,,,,,,,CALCULATED
2013-08-24T09:00:00Z,2013-08-24T14:58:34Z,,,,,,,,CALCULATED
2013-08-24T09:10:00Z,2013-08-24T15:08:34Z,,,,,,,,CALCULATED
2013-08-24T09:20:00Z,2013-08-24T15:18:34Z,,,,,,,,CALCULATED
2013-08-24T09:30:00Z,2013-08-24T15:28:34Z,,,,,,,,CALCULATED
2013-08-24T09:40:00Z,2013-08-24T15:38:34Z,,,,,,,,CALCULATED
2013-08-24T09:50:00Z,2013-08-24T15:48:34Z,,,,,,,,CALCULATED
2013-08-24T10:00:00Z,2013-08-24T15:58:34Z,,,,,,,,CALCULATED
2013-08-24T10:10:00Z,2013-08-24T16:08:34Z,,,,,,,,CALCULATED
2013-08-24T10:20:00Z,2013-08-24T16:18:34Z,,,,,,,,CALCULATED
2013-08-24T10:30:00Z,2013-08-24T16:28:34Z,,,,,,,,CALCULATED
2013-08-24T10:40:00Z,2013-08-24T16:38:34Z,,,,,,,,CALCULATED
2013-08-24T10:50:00Z,2013-08-24T16:48:34Z,,,,,,,,CALCULATED
2013-08-24T11:00:00Z,2013-08-24T16:58:34Z,,,,,,,,CALCULATED
2013-08-24T11:10:00Z,2013-08-24T17:08:34Z,,,,,,,,CALCULATED
2013-08-24T11:20:00Z,2013-08-24T17:18:34Z,,,,,,,,CALCULATED
2013-08-24T11:30:00Z,2013-08-24T17:28:34Z,,,,,,,,CALCULATED
2013-08-24T11:40:00Z,2013-08-24T17:38:34Z,,,,,,,,CALCULATED
2013-08-24T11:50:00Z,2013-08-24T17:48:34Z,,,,,,,,CALCULATED
2013-08-24T12:00:00Z,2013-08-24T17:58:34Z,,,,,,,,CALCULATED
2013-08-24T12:10:00Z,2013-08-24T18:08:34Z,,,,,,,,CALCULATED
2013-08-24T12:20:00Z,2013-08-24T18:18:34Z,,,,,,,,CALCULATED
2013-08-24T12:30:00Z,2013-08-24T18:28:34Z,,,,,,,,CALCULATED
2013-08-24T12:40:00Z,2013-08-24T18:38:34Z,,,,,,,,CALCULATED
2013-08-24T12:50:00Z,2013-08-24T18:48:34Z,,,,,,,,CALCULATED
2013-08-24T13:00:00Z,2013-08-24T18:58:34Z,,,,,,,,CALCULATED
2013-08-24T13:10:00Z,2013-08-24T19:08:34Z,,,,,,,,CALCULATED
2013-08-24T13:20:00Z,2013-08-24T19:18:34Z,,,,,,,,CALCULATED
2013-08-24T13:30:00Z,2013-08-24T19:28:34Z,,,,,,,,CALCULATED
2013-08-24T13:40:00Z,2013-08-24T19:38:34Z,,,,,,,,CALCULATED
2013-08-24T13:50:00Z,2013-08-24T19:48:34Z,,,,,,,,CALCULATED
2013-08-24T14:00:00Z,2013-08-24T19:58:34Z,,,,,,,,CALCULATED
2013-08-24T14:10:00Z,2013-08-24T20:08:34Z,,,,,,,,CALCULATED
2013-08-24T14:20:00Z,2013-08-24T20:18:34Z,,,,,,,,CALCULATED
2013-08-24T14:30:00Z,2013-08-24T20:28:34Z,,,,,,,,CALCULATED
2013-08-24T14:40:00Z,2013-08-24T20:38:34Z,,,,,,,,CALCULATED
2013-08-24T14:50:00Z,2013-08-24T20:48:34Z,,,,,,,,CALCULATED
2013-08-24T15:00:00Z,2013-08-24T20:58:34Z,,,,,,,,CALCULATED
2013-08-24T15:10:00Z,2013-08-24T21:08:34Z,,,,,,,,CALCULATED
2013-08-24T15:20:00Z,2013-08-24T21:18:34Z,,,,,,,,CALCULATED
2013-08-24T15:30:00Z,2013-08-24T21:28:34Z,,,,,,,,CALCULATED
2013-08-24T15:40:00Z,2013-08-24T21:38:34Z,,,,,,,,CALCULATED
2013-08-24T15:50:00Z,2013-08-24T21:48:34Z,,,,,,,,CALCULATED
2013-08-24T16:00:00Z,2013-08-24T21:58:34Z,,,,,,,,CALCULATED
2013-08-24T16:10:00Z,2013-08-24T22:08:34Z,,,,,,,,CALCULATED
2013-08-24T16:20:00Z,2013-08-24T22:18:34Z,,,,,,,,CALCULATED
2013-08-24T16:30:00Z,2013-08-24T22:28:34Z,,,,,,OUT_WARN,,CALCULATED
2013-08-24T16:40:00Z,2013-08-24T22:38:34Z,,,,,,,,CALCULATED
2013-08-24T16:50:00Z,2013-08-24T22:48:34Z,,,,,,OUT_WARN,,CALCULATED
2013-08-24T17:00:00Z,2013-08-24T22:58:34Z,,,,,,OUT_WARN,,CALCULATED
2013-08-24T17:10:00Z,2013-08-24T23:08:34Z,,,,,,OUT_WARN,,CALCULATED
2013-08-24T17:20:00Z,2013-08-24T23:18:34Z,,,,,,OUT_WARN,,CALCULATED
2013-08-24T17:30:00Z,2013-08-24T23:28:34Z,,,,,,OUT_WARN,,CALCULATED
2013-08-24T17:40:00Z,2013-08-24T23:38:34Z,,,,,,OUT_WARN,,CALCULATED
2013-08-24T17:50:00Z,2013-08-24T23:48:34Z,,,,,,OUT_WARN,,CALCULATED
2013-08-24T18:00:00Z,2013-08-24T23:58:34Z,,,,,,,,CALCULATED
2013-08-24T18:10:00Z,2013-08-25T00:08:52Z,,,,,,,,CALCULATED
2013-08-24T18:20:00Z,2013-08-25T00:18:52Z,,,,,,,,CALCULATED
2013-08-24T18:30:00Z,2013-08-25T00:28:52Z,,,,,,,,CALCULATED
2013-08-24T18:40:00Z,2013-08-25T00:38:52Z,,,,,,,,CALCULATED
2013-08-24T18:50:00Z,2013-08-25T00:48:52Z,,,,,,,,CALCULATED
2013-08-24T19:00:00Z,2013-08-25T00:58:52Z,,,,,,,,CALCULATED
2013-08-24T19:10:00Z,2013-08-25T01:08:52Z,,,,,,,,CALCULATED
2013-08-24T19:20:00Z,2013-08-25T01:18:52Z,,,,,,OUT_WARN,,CALCULATED
2013-08-24T19:30:00Z,2013-08-25T01:28:52Z,,,,,,OUT_WARN,,CALCULATED
2013-08-24T19:40:00Z,2013-08-25T01:38:52Z,,,,,,OUT_WARN,,CALCULATED
2013-08-24T19:50:00Z,2013-08-25T01:48:52Z,,,,,,OUT_WARN,,CALCULATED
2013-08-24T20:00:00Z,2013-08-25T01:58:52Z,,,,,,OUT_WARN,,CALCULATED
2013-08-24T20:10:00Z,2013-08-25T02:08:52Z,,,,,,OUT_WARN,,CALCULATED
2013-08-24T20:20:00Z,2013-08-25T02:18:52Z,,,,,,,,CALCULATED
2013-08-24T20:30:00Z,2013-08-25T02:28:52Z,,,,,,,,CALCULATED
2013-08-24T20:40:00Z,2013-08-25T02:38:52Z,,,,,,,,CALCULATED
2013-08-24T20:50:00Z,2013-08-25T02:48:52Z,,,,,,,,CALCULATED
2013-08-24T21:00:00Z,2013-08-25T02:58:52Z,,,,,,,,CALCULATED
2013-08-24T21:10:00Z,2013-08-25T03:08:52Z,,,,,,,,CALCULATED
2013-08-24T21:20:00Z,2013-08-25T03:18:52Z,,,,,,,,CALCULATED
2013-08-24T21:30:00Z,2013-08-25T03:28:52Z,,,,,,,,CALCULATED
2013-08-24T21:40:00Z,2013-08-25T03:38:52Z,,,,,,,,CALCULATED
2013-08-24T21:50:00Z,2013-08-25T03:48:52Z,,,,,,,,CALCULATED
2013-08-24T22:00:00Z,2013-08-25T03:58:52Z,,,,,,,,CALCULATED
2013-08-24T22:10:00Z,2013-08-25T04:08:52Z,,,,,,OUT_WARN,,CALCULATED
2013-08-24T22:20:00Z,2013-08-25T04:18:52Z,,,,,,,,CALCULATED
2013-08-24T22:30:00Z,2013-08-25T04:28:52Z,,,,,,,,CALCULATED
2013-08-24T22:40:00Z,2013-08-25T04:38:52Z,,,,,,,,CALCULATED
2013-08-24T22:50:00Z,2013-08-25T04:48:52Z,,,,,,,,CALCULATED
2013-08-24T23:00:00Z,2013-08-25T04:58:52Z,,,,,,,,CALCULATED
2013-08-24T23:10:00Z,2013-08-25T05:08:52Z,,,,,,,,CALCULATED
2013-08-24T23:20:00Z,2013-08-25T05:18:52Z,,,,,,,,CALCULATED
2013-08-24T23:30:00Z,2013-08-25T05:28:52Z,,,,,,,,CALCULATED
2013-08-24T23:40:00Z,2013-08-25T05:38:52Z,,,,,,,,CALCULATED
2013-08-24T23:50:00Z,2013-08-25T05:48:52Z,,,,,,,,CALCULATED
2013-08-25T00:00:00Z,2013-08-25T05:58:52Z,,,,,,,,CALCULATED
2013-08-25T00:10:00Z,2013-08-25T06:08:52Z,,,,,,,,CALCULATED
2013-08-25T00:20:00Z,2013-08-25T06:18:52Z,,,,,,,,CALCULATED
2013-08-25T00:30:00Z,2013-08-25T06:28:52Z,,,,,,,,CALCULATED
2013-08-25T00:40:00Z,2013-08-25T06:38:52Z,,,,,,,,CALCULATED
2013-08-25T00:50:00Z,2013-08-25T06:48:52Z,,,,,,,,CALCULATED
2013-08-25T01:00:00Z,2013-08-25T06:58:52Z,,,,,,,,CALCULATED
2013-08-25T01:10:00Z,2013-08-25T07:08:52Z,,,,,,,,CALCULATED
2013-08-25T01:20:00Z,2013-08-25T07:18:52Z,,,,,,,,CALCULATED
2013-08-25T01:30:00Z,2013-08-25T07:28:52Z,,,,,,,,CALCULATED
2013-08-25T01:40:00Z,2013-08-25T07:38:52Z,,,,,,,,CALCULATED
2013-08-25T01:50:00Z,2013-08-25T07:48:52Z,,,,,,,,CALCULATED
2013-08-25T02:00:00Z,2013-08-25T07:58:52Z,,,,,,,,CALCULATED
2013-08-25T02:10:00Z,2013-08-25T08:08:52Z,,,,,,,,CALCULATED
2013-08-25T02:20:00Z,2013-08-25T08:18:52Z,,,,,,,,CALCULATED
2013-08-25T02:30:00Z,2013-08-25T08:28:52Z,,,,,,,,CALCULATED
2013-08-25T02:40:00Z,2013-08-25T08:38:52Z,,,,,,,,CALCULATED
2013-08-25T02:50:00Z,2013-08-25T08:48:52Z,,,,,,,,CALCULATED
2013-08-25T03:00:00Z,2013-08-25T08:58:52Z,,,,,,,,CALCULATED
2013-08-25T03:10:00Z,2013-08-25T09:08:52Z,,,,,,,,CALCULATED
2013-08-25T03:20:00Z,2013-08-25T09:18:52Z,,,,,,,,CALCULATED
2013-08-25T03:30:00Z,2013-08-25T09:28:52Z,,,,,,,,CALCULATED
2013-08-25T03:40:00Z,2013-08-25T09:38:52Z,,,,,,,,CALCULATED
2013-08-25T03:50:00Z,2013-08-25T09:48:52Z,,,,,,,,CALCULATED
2013-08-25T04:00:00Z,2013-08-25T09:58:52Z,,,,,,,,CALCULATED
2013-08-25T04:10:00Z,2013-08-25T10:08:52Z,,,,,,,,CALCULATED
2013-08-25T04:20:00Z,2013-08-25T10:18:52Z,,,,,,,,CALCULATED
2013-08-25T04:30:00Z,2013-08-25T10:28:52Z,,,,,,,,CALCULATED
2013-08-25T04:40:00Z,2013-08-25T10:38:52Z,,,,,,,,CALCULATED
2013-08-25T04:50:00Z,2013-08-25T10:48:52Z,,,,,,,,CALCULATED
2013-08-25T05:00:00Z,2013-08-25T10:58:52Z,,,,,,,,CALCULATED
2013-08-25T05:10:00Z,2013-08-25T11:08:52Z,,,,,,,,CALCULATED
2013-08-25T05:20:00Z,2013-08-25T11:18:52Z,,,,,,,,CALCULATED
2013-08-25T05:30:00Z,2013-08-25T11:28:52Z,,,,,,,,CALCULATED
2013-08-25T05:40:00Z,2013-08-25T11:38:52Z,,,,,,,,CALCULATED
2013-08-25T05:50:00Z,2013-08-25T11:48:52Z,,,,,,,,CALCULATED
2013-08-25T06:00:00Z,2013-08-25T11:58:52Z,,,,,,,,CALCULATED
2013-08-25T06:10:00Z,2013-08-25T12:08:52Z,,,,,,,,CALCULATED
2013-08-25T06:20:00Z,2013-08-25T12:18:52Z,,,,,,,,CALCULATED
2013-08-25T06:30:00Z,2013-08-25T12:28:52Z,,,,,,,,CALCULATED
2013-08-25T06:40:00Z,2013-08-25T12:38:52Z,,,,,,,,CALCULATED
2013-08-25T06:50:00Z,2013-08-25T12:48:52Z,,,,,,,,CALCULATED
2013-08-25T07:00:00Z,2013-08-25T12:58:52Z,,,,,,,,CALCULATED
2013-08-25T07:10:00Z,2013-08-25T13:08:52Z,,,,,,,,CALCULATED
2013-08-25T07:20:00Z,2013-08-25T13:18:52Z,,,,,,,,CALCULATED
2013-08-25T07:30:00Z,2013-08-25T13:28:52Z,,,,,,,,CALCULATED
2013-08-25T07:40:00Z,2013-08-25T13:38:52Z,,,,,,,,CALCULATED
2013-08-25T07:50:00Z,2013-08-25T13:48:52Z,,,,,,,,CALCULATED
2013-08-25T08:00:00Z,2013-08-25T13:58:52Z,,,,,,,,CALCULATED
2013-08-25T08:10:00Z,2013-08-25T14:08:52Z,,,,,,,,CALCULATED
2013-08-25T08:20:00Z,2013-08-25T14:18:52Z,,,,,,,,CALCULATED
2013-08-25T08:30:00Z,2013-08-25T14:28:52Z,,,,,,,,CALCULATED
2013-08-25T08:40:00Z,2013-08-25T14:38:52Z,,,,,,,,CALCULATED
2013-08-25T08:50:00Z,2013-08-25T14:48:52Z,,,,,,,,CALCULATED
2013-08-25T09:00:00Z,2013-08-25T14:58:52Z,,,,,,,,CALCULATED
2013-08-25T09:10:00Z,2013-08-25T15:08:52Z,,,,,,,,CALCULATED
2013-08-25T09:20:00Z,2013-08-25T15:18:52Z,,,,,,,,CALCULATED
2013-08-25T09:30:00Z,2013-08-25T15:28:52Z,,,,,,,,CALCULATED
2013-08-25T09:40:00Z,2013-08-25T15:38:52Z,,,,,,,,CALCULATED
2013-08-25T09:50:00Z,2013-08-25T15:48:52Z,,,,,,,,CALCULATED
2013-08-25T10:00:00Z,2013-08-25T15:58:52Z,,,,,,,,CALCULATED
2013-08-25T10:10:00Z,2013-08-25T16:08:52Z,,,,,,,,CALCULATED
2013-08-25T10:20:00Z,2013-08-25T16:18:52Z,,,,,,,,CALCULATED
2013-08-25T10:30:00Z,2013-08-25T16:28:52Z,,,,,,,,CALCULATED
2013-08-25T10:40:00Z,2013-08-25T16:38:52Z,,,,,,,,CALCULATED
2013-08-25T10:50:00Z,2013-08-25T16:48:52Z,,,,,,,,CALCULATED
2013-08-25T11:00:00Z,2013-08-25T16:58:52Z,,,,,,,,CALCULATED
2013-08-25T11:10:00Z,2013-08-25T17:08:52Z,,,,,,,,CALCULATED
2013-08-25T11:20:00Z,2013-08-25T17:18:52Z,,,,,,,,CALCULATED
2013-08-25T11:30:00Z,2013-08-25T17:28:52Z,,,,,,,,CALCULATED
2013-08-25T11:40:00Z,2013-08-25T17:38:52Z,,,,,,,,CALCULATED
2013-08-25T11:50:00Z,2013-08-25T17:48:52Z,,,,,,,,CALCULATED
2013-08-25T12:00:00Z,2013-08-25T17:58:52Z,,,,,,,,CALCULATED
2013-08-25T12:10:00Z,2013-08-25T18:08:52Z,,,,,,,,CALCULATED
2013-08-25T12:20:00Z,2013-08-25T18:18:52Z,,,,,,,,CALCULATED
2013-08-25T12:30:00Z,2013-08-25T18:28:52Z,,,,,,,,CALCULATED
2013-08-25T12:40:00Z,2013-08-25T18:38:52Z,,,,,,,,CALCULATED
2013-08-25T12:50:00Z,2013-08-25T18:48:52Z,,,,,,,,CALCULATED
2013-08-25T13:00:00Z,2013-08-25T18:58:52Z,,,,,,,,CALCULATED
2013-08-25T13:10:00Z,2013-08-25T19:08:52Z,,,,,,,,CALCULATED
2013-08-25T13:20:00Z,2013-08-25T19:18:52Z,,,,,,,,CALCULATED
2013-08-25T13:30:00Z,2013-08-25T19:28:52Z,,,,,,,,CALCULATED
2013-08-25T13:40:00Z,2013-08-25T19:38:52Z,,,,,,,,CALCULATED
2013-08-25T13:50:00Z,2013-08-25T19:48:52Z,,,,,,,,CALCULATED
2013-08-25T14:00:00Z,2013-08-25T19:58:52Z,,,,,,,,CALCULATED
2013-08-25T14:10:00Z,2013-08-25T20:08:52Z,,,,,,,,CALCULATED
2013-08-25T14:20:00Z,2013-08-25T20:18:52Z,,,,,,,,CALCULATED
2013-08-25T14:30:00Z,2013-08-25T20:28:52Z,,,,,,,,CALCULATED
2013-08-25T14:40:00Z,2013-08-25T20:38:52Z,,,,,,,,CALCULATED
2013-08-25T14:50:00Z,2013-08-25T20:48:52Z,,,,,,,,CALCULATED
2013-08-25T15:00:00Z,2013-08-25T20:58:52Z,,,,,,,,CALCULATED
2013-08-25T15:10:00Z,2013-08-25T21:08:52Z,,,,,,,,CALCULATED
2013-08-25T15:20:00Z,2013-08-25T21:18:52Z,,,,,,,,CALCULATED
2013-08-25T15:30:00Z,2013-08-25T21:28:52Z,,,,,,,,CALCULATED
2013-08-25T15:40:00Z,2013-08-25T21:38:52Z,,,,,,,,CALCULATED
2013-08-25T15:50:00Z,2013-08-25T21:48:52Z,,,,,,,,CALCULATED
2013-08-25T16:00:00Z,2013-08-25T21:58:52Z,,,,,,,,CALCULATED
2013-08-25T16:10:00Z,2013-08-25T22:08:52Z,,,,,,OUT_WARN,,CALCULATED
2013-08-25T16:20:00Z,2013-08-25T22:18:52Z,,,,,,OUT_WARN,,CALCULATED
2013-08-25T16:30:00Z,2013-08-25T22:28:52Z,,,,,,OUT_WARN,,CALCULATED
2013-08-25T16:40:00Z,2013-08-25T22:38:52Z,,,,,,,,CALCULATED
2013-08-25T16:50:00Z,2013-08-25T22:48:52Z,,,,,,,,CALCULATED
2013-08-25T17:00:00Z,2013-08-25T22:58:52Z,,,,,,,,CALCULATED
2013-08-25T17:10:00Z,2013-08-25T23:08:52Z,,,,,,,,CALCULATED
2013-08-25T17:20:00Z,2013-08-25T23:18:52Z,,,,,,,,CALCULATED
2013-08-25T17:30:00Z,2013-08-25T23:28:52Z,,,,,,,,CALCULATED
2013-08-25T17:40:00Z,2013-08-25T23:38:52Z,,,,,,,,CALCULATED
2013-08-25T17:50:00Z,2013-08-25T23:48:52Z,,,,,,,,CALCULATED
2013-08-25T18:00:00Z,2013-08-25T23:58:52Z,,,,,,,,CALCULATED
2013-08-25T18:10:00Z,2013-08-26T00:09:11Z,,,,,,,,CALCULATED
2013-08-25T18:20:00Z,2013-08-26T00:19:11Z,,,,,,,,CALCULATED
2013-08-25T18:30:00Z,2013-08-26T00:29:11Z,,,,,,,,CALCULATED
2013-08-25T18:40:00Z,2013-08-26T00:39:11Z,,,,,,,,CALCULATED
2013-08-25T18:50:00Z,2013-08-26T00:49:11Z,,,,,,,,CALCULATED
2013-08-25T19:00:00Z,2013-08-26T00:59:11Z,,,,,,,,CALCULATED
2013-08-25T19:10:00Z,2013-08-26T01:09:11Z,,,,,,,,CALCULATED
2013-08-25T19:20:00Z,2013-08-26T01:19:11Z,,,,,,,,CALCULATED
2013-08-25T19:30:00Z,2013-08-26T01:29:11Z,,,,,,,,CALCULATED
2013-08-25T19:40:00Z,2013-08-26T01:39:11Z,,,,,,,,CALCULATED
2013-08-25T19:50:00Z,2013-08-26T01:49:11Z,,,,,,,,CALCULATED
2013-08-25T20:00:00Z,2013-08-26T01:59:11Z,,,,,,,,CALCULATED
2013-08-25T20:10:00Z,2013-08-26T02:09:11Z,,,,,,,,CALCULATED
2013-08-25T20:20:00Z,2013-08-26T02:19:11Z,,,,,,,,CALCULATED
2013-08-25T20:30:00Z,2013-08-26T02:29:11Z,,,,,,,,CALCULATED
2013-08-25T20:40:00Z,2013-08-26T02:39:11Z,,,,,,,,CALCULATED
2013-08-25T20:50:00Z,2013-08-26T02:49:11Z,,,,,,,,CALCULATED
2013-08-25T21:00:00Z,2013-08-26T02:59:11Z,,,,,,,,CALCULATED
2013-08-25T21:10:00Z,2013-08-26T03:09:11Z,,,,,,,,CALCULATED
2013-08-25T21:20:00Z,2013-08-26T03:19:11Z,,,,,,,,CALCULATED
2013-08-25T21:30:00Z,2013-08-26T03:29:11Z,,,,,,,,CALCULATED
2013-08-25T21:40:00Z,2013-08-26T03:39:11Z,,,,,,,,CALCULATED
2013-08-25T21:50:00Z,2013-08-26T03:49:11Z,,,,,,,,CALCULATED
2013-08-25T22:00:00Z,2013-08-26T03:59:11Z,,,,,,,,CALCULATED
2013-08-25T22:10:00Z,2013-08-26T04:09:11Z,,,,,,,,CALCULATED
2013-08-25T22:20:00Z,2013-08-26T04:19:11Z,,,,,,,,CALCULATED
2013-08-25T22:30:00Z,2013-08-26T04:29:11Z,,,,,,,,CALCULATED
2013-08-25T22:40:00Z,2013-08-26T04:39:11Z,,,,,,,,CALCULATED
2013-08-25T22:50:00Z,2013-08-26T04:49:11Z,,,,,,,,CALCULATED
2013-08-25T23:00:00Z,2013-08-26T04:59:11Z,,,,,,,,CALCULATED
2013-08-25T23:10:00Z,2013-08-26T05:09:11Z,,,,,,,,CALCULATED
2013-08-25T23:20:00Z,2013-08-26T05:19:11Z,,,,,,,,CALCULATED
2013-08-25T23:30:00Z,2013-08-26T05:29:11Z,,,,,,,,CALCULATED
2013-08-25T23:40:00Z,2013-08-26T05:39:11Z,,,,,,,,CALCULATED
2013-08-25T23:50:00Z,2013-08-26T05:49:11Z,,,,,,,,CALCULATED
2013-08-26T00:00:00Z,2013-08-26T05:59:11Z,,,,,,,,CALCULATED
2013-08-26T00:10:00Z,2013-08-26T06:09:11Z,,,,,,,,CALCULATED
2013-08-26T00:20:00Z,2013-08-26T06:19:11Z,,,,,,,,CALCULATED
2013-08-26T00:30:00Z,2013-08-26T06:29:11Z,,,,,,,,CALCULATED
2013-08-26T00:40:00Z,2013-08-26T06:39:11Z,,,,,,,,CALCULATED
2013-08-26T00:50:00Z,2013-08-26T06:49:11Z,,,,,,,,CALCULATED
2013-08-26T01:00:00Z,2013-08-26T06:59:11Z,,,,,,,,CALCULATED
2013-08-26T01:10:00Z,2013-08-26T07:09:11Z,,,,,,,,CALCULATED
2013-08-26T01:20:00Z,2013-08-26T07:19:11Z,,,,,,,,CALCULATED
2013-08-26T01:30:00Z,2013-08-26T07:29:11Z,,,,,,,,CALCULATED
2013-08-26T01:40:00Z,2013-08-26T07:39:11Z,,,,,,,,CALCULATED
2013-08-26T01:50:00Z,2013-08-26T07:49:11Z,,,,,,,,CALCULATED
2013-08-26T02:00:00Z,2013-08-26T07:59:11Z,,,,,,,,CALCULATED
2013-08-26T02:10:00Z,2013-08-26T08:09:11Z,,,,,,,,CALCULATED
2013-08-26T02:20:00Z,2013-08-26T08:19:11Z,,,,,,,,CALCULATED
2013-08-26T02:30:00Z,2013-08-26T08:29:11Z,,,,,,,,CALCULATED
2013-08-26T02:40:00Z,2013-08-26T08:39:11Z,,,,,,,,CALCULATED
2013-08-26T02:50:00Z,2013-08-26T08:49:11Z,,,,,,,,CALCULATED
2013-08-26T03:00:00Z,2013-08-26T08:59:11Z,,,,,,,,CALCULATED
2013-08-26T03:10:00Z,2013-08-26T09:09:11Z,,,,,,,,CALCULATED
2013-08-26T03:20:00Z,2013-08-26T09:19:11Z,,,,,,,,CALCULATED
2013-08-26T03:30:00Z,2013-08-26T09:29:11Z,,,,,,,,CALCULATED
2013-08-26T03:40:00Z,2013-08-26T09:39:11Z,,,,,,,,CALCULATED
2013-08-26T03:50:00Z,2013-08-26T09:49:11Z,,,,,,,,CALCULATED
2013-08-26T04:00:00Z,2013-08-26T09:59:11Z,,,,,,,,CALCULATED
2013-08-26T04:10:00Z,2013-08-26T10:09:11Z,,,,,,,,CALCULATED
2013-08-26T04:20:00Z,2013-08-26T10:19:11Z,,,,,,,,CALCULATED
2013-08-26T04:30:00Z,2013-08-26T10:29:11Z,,,,,,,,CALCULATED
2013-08-26T04:40:00Z,2013-08-26T10:39:11Z,,,,,,,,CALCULATED
2013-08-26T04:50:00Z,2013-08-26T10:49:11Z,,,,,,,,CALCULATED
2013-08-26T05:00:00Z,2013-08-26T10:59:11Z,,,,,,,,CALCULATED
2013-08-26T05:10:00Z,2013-08-26T11:09:11Z,,,,,,,,CALCULATED
2013-08-26T05:20:00Z,2013-08-26T11:19:11Z,,,,,,,,CALCULATED
2013-08-26T05:30:00Z,2013-08-26T11:29:11Z,,,,,,,,CALCULATED
2013-08-26T05:40:00Z,2013-08-26T11:39:11Z,,,,,,,,CALCULATED
2013-08-26T05:50:00Z,2013-08-26T11:49:11Z,,,,,,,,CALCULATED
2013-08-26T06:00:00Z,2013-08-26T11:59:11Z,,,,,,,,CALCULATED
2013-08-26T06:10:00Z,2013-08-26T12:09:11Z,,,,,,,,CALCULATED
2013-08-26T06:20:00Z,2013-08-26T12:19:11Z,,,,,,,,CALCULATED
2013-08-26T06:30:00Z,2013-08-26T12:29:11Z,,,,,,,,CALCULATED
2013-08-26T06:40:00Z,2013-08-26T12:39:11Z,,,,,,,,CALCULATED
2013-08-26T06:50:00Z,2013-08-26T12:49:11Z,,,,,,,,CALCULATED
2013-08-26T07:00:00Z,2013-08-26T12:59:11Z,,,,,,,,CALCULATED
2013-08-26T07:10:00Z,2013-08-26T13:09:11Z,,,,,,,,CALCULATED
2013-08-26T07:20:00Z,2013-08-26T13:19:11Z,,,,,,,,CALCULATED
2013-08-26T07:30:00Z,2013-08-26T13:29:11Z,,,,,,,,CALCULATED
2013-08-26T07:40:00Z,2013-08-26T13:39:11Z,,,,,,,,CALCULATED
2013-08-26T07:50:00Z,2013-08-26T13:49:11Z,,,,,,,,CALCULATED
2013-08-26T08:00:00Z,2013-08-26T13:59:11Z,,,,,,,,CALCULATED
2013-08-26T08:10:00Z,2013-08-26T14:09:11Z,,,,,,,,CALCULATED
2013-08-26T08:20:00Z,2013-08-26T14:19:11Z,,,,,,,,CALCULATED
2013-08-26T08:30:00Z,2013-08-26T14:29:11Z,,,,,,,,CALCULATED
2013-08-26T08:40:00Z,2013-08-26T14:39:11Z,,,,,,,,CALCULATED
2013-08-26T08:50:00Z,2013-08-26T14:49:11Z,,,,,,,,CALCULATED
2013-08-26T09:00:00Z,2013-08-26T14:59:11Z,,,,,,,,CALCULATED
2013-08-26T09:10:00Z,2013-08-26T15:09:11Z,,,,,,,,CALCULATED
2013-08-26T09:20:00Z,2013-08-26T15:19:11Z,,,,,,,,CALCULATED
2013-08-26T09:30:00Z,2013-08-26T15:29:11Z,,,,,,,,CALCULATED
2013-08-26T09:40:00Z,2013-08-26T15:39:11Z,,,,,,,,CALCULATED
2013-08-26T09:50:00Z,2013-08-26T15:49:11Z,,,,,,,,CALCULATED
2013-08-26T10:00:00Z,2013-08-26T15:59:11Z,,,,,,,,CALCULATED
2013-08-26T10:10:00Z,2013-08-26T16:09:11Z,,,,,,,,CALCULATED
2013-08-26T10:20:00Z,2013-08-26T16:19:11Z,,,,,,,,CALCULATED
2013-08-26T10:30:00Z,2013-08-26T16:29:11Z,,,,,,,,CALCULATED
2013-08-26T10:40:00Z,2013-08-26T16:39:11Z,,,,,,,,CALCULATED
2013-08-26T10:50:00Z,2013-08-26T16:49:11Z,,,,,,,,CALCULATED
2013-08-26T11:00:00Z,2013-08-26T16:59:11Z,,,,,,,,CALCULATED
2013-08-26T11:10:00Z,2013-08-26T17:09:11Z,,,,,,,,CALCULATED
2013-08-26T11:20:00Z,2013-08-26T17:19:11Z,,,,,,,,CALCULATED
2013-08-26T11:30:00Z,2013-08-26T17:29:11Z,,,,,,,,CALCULATED
2013-08-26T11:40:00Z,2013-08-26T17:39:11Z,,,,,,,,CALCULATED
2013-08-26T11:50:00Z,2013-08-26T17:49:11Z,,,,,,,,CALCULATED
2013-08-26T12:00:00Z,2013-08-26T17:59:11Z,,,,,,,,CALCULATED
2013-08-26T12:10:00Z,2013-08-26T18:09:11Z,,,,,,,,CALCULATED
2013-08-26T12:20:00Z,2013-08-26T18:19:11Z,,,,,,,,CALCULATED
2013-08-26T12:30:00Z,2013-08-26T18:29:11Z,,,,,,,,CALCULATED
2013-08-26T12:40:00Z,2013-08-26T18:39:11Z,,,,,,,,CALCULATED
2013-08-26T12:50:00Z,2013-08-26T18:49:11Z,,,,,,,,CALCULATED
2013-08-26T13:00:00Z,2013-08-26T18:59:11Z,,,,,,,,CALCULATED
2013-08-26T13:10:00Z,2013-08-26T19:09:11Z,,,,,,,,CALCULATED
2013-08-26T13:20:00Z,2013-08-26T19:19:11Z,,,,,,,,CALCULATED
2013-08-26T13:30:00Z,2013-08-26T19:29:11Z,,,,,,,,CALCULATED
2013-08-26T13:40:00Z,2013-08-26T19:39:11Z,,,,,,,,CALCULATED
2013-08-26T13:50:00Z,2013-08-26T19:49:11Z,,,,,,,,CALCULATED
2013-08-26T14:00:00Z,2013-08-26T19:59:11Z,,,,,,,,CALCULATED
2013-08-26T14:10:00Z,2013-08-26T20:09:11Z,,,,,,,,CALCULATED
2013-08-26T14:20:00Z,2013-08-26T20:19:11Z,,,,,,,,CALCULATED
2013-08-26T14:30:00Z,2013-08-26T20:29:11Z,,,,,,,,CALCULATED
2013-08-26T14:40:00Z,2013-08-26T20:39:11Z,,,,,,,,CALCULATED
2013-08-26T14:50:00Z,2013-08-26T20:49:11Z,,,,,,,,CALCULATED
2013-08-26T15:00:00Z,2013-08-26T20:59:11Z,,,,,,,,CALCULATED
2013-08-26T15:10:00Z,2013-08-26T21:09:11Z,,,,,,,,CALCULATED
2013-08-26T15:20:00Z,2013-08-26T21:19:11Z,,,,,,,,CALCULATED
2013-08-26T15:30:00Z,2013-08-26T21:29:11Z,,,,,,,,CALCULATED
2013-08-26T15:40:00Z,2013-08-26T21:39:11Z,,,,,,,,CALCULATED
2013-08-26T15:50:00Z,2013-08-26T21:49:11Z,,,,,,,,CALCULATED
2013-08-26T16:00:00Z,2013-08-26T21:59:11Z,,,,,,,,CALCULATED
2013-08-26T16:10:00Z,2013-08-26T22:09:11Z,,,,,,,,CALCULATED
2013-08-26T16:20:00Z,2013-08-26T22:19:11Z,,,,,,,,CALCULATED
2013-08-26T16:30:00Z,2013-08-26T22:29:11Z,,,,,,,,CALCULATED
2013-08-26T16:40:00Z,2013-08-26T22:39:11Z,,,,,,,,CALCULATED
2013-08-26T16:50:00Z,2013-08-26T22:49:11Z,,,,,,,,CALCULATED
2013-08-26T17:00:00Z,2013-08-26T22:59:11Z,,,,,,,,CALCULATED
2013-08-26T17:10:00Z,2013-08-26T23:09:11Z,,,,,,,,CALCULATED
2013-08-26T17:20:00Z,2013-08-26T23:19:11Z,,,,,,,,CALCULATED
2013-08-26T17:30:00Z,2013-08-26T23:29:11Z,,,,,,,,CALCULATED
2013-08-26T17:40:00Z,2013-08-26T23:39:11Z,,,,,,,,CALCULATED
2013-08-26T17:50:00Z,2013-08-26T23:49:11Z,,,,,,,,CALCULATED
2013-08-26T18:00:00Z,2013-08-26T23:59:11Z,,,,,,,,CALCULATED
2013-08-26T18:10:00Z,2013-08-27T00:09:29Z,,,,,,,,CALCULATED
2013-08-26T18:20:00Z,2013-08-27T00:19:29Z,,,,,,,,CALCULATED
2013-08-26T18:30:00Z,2013-08-27T00:29:29Z,,,,,,,,CALCULATED
2013-08-26T18:40:00Z,2013-08-27T00:39:29Z,,,,,,,,CALCULATED
2013-08-26T18:50:00Z,2013-08-27T00:49:29Z,,,,,,,,CALCULATED
2013-08-26T19:00:00Z,2013-08-27T00:59:29Z,,,,,,,,CALCULATED
2013-08-26T19:10:00Z,2013-08-27T01:09:29Z,,,,,,,,CALCULATED
2013-08-26T19:20:00Z,2013-08-27T01:19:29Z,,,,,,,,CALCULATED
2013-08-26T19:30:00Z,2013-08-27T01:29:29Z,,,,,,,,CALCULATED
2013-08-26T19:40:00Z,2013-08-27T01:39:29Z,,,,,,,,CALCULATED
2013-08-26T19:50:00Z,2013-08-27T01:49:29Z,,,,,,,,CALCULATED
2013-08-26T20:00:00Z,2013-08-27T01:59:29Z,,,,,,,,CALCULATED
2013-08-26T20:10:00Z,2013-08-27T02:09:29Z,,,,,,,,CALCULATED
2013-08-26T20:20:00Z,2013-08-27T02:19:29Z,,,,,,,,CALCULATED
2013-08-26T20:30:00Z,2013-08-27T02:29:29Z,,,,,,,,CALCULATED
2013-08-26T20:40:00Z,2013-08-27T02:39:29Z,,,,,,,,CALCULATED
2013-08-26T20:50:00Z,2013-08-27T02:49:29Z,,,,,,,,CALCULATED
2013-08-26T21:00:00Z,2013-08-27T02:59:29Z,,,,,,,,CALCULATED
2013-08-26T21:10:00Z,2013-08-27T03:09:29Z,,,,,,,,CALCULATED
2013-08-26T21:20:00Z,2013-08-27T03:19:29Z,,,,,,,,CALCULATED
2013-08-26T21:30:00Z,2013-08-27T03:29:29Z,,,,,,,,CALCULATED
2013-08-26T21:40:00Z,2013-08-27T03:39:29Z,,,,,,,,CALCULATED
2013-08-26T21:50:00Z,2013-08-27T03:49:29Z,,,,,,,,CALCULATED
2013-08-26T22:00:00Z,2013-08-27T03:59:29Z,,,,,,,,CALCULATED
2013-08-26T22:10:00Z,2013-08-27T04:09:29Z,,,,,,,,CALCULATED
2013-08-26T22:20:00Z,2013-08-27T04:19:29Z,,,,,,,,CALCULATED
2013-08-26T22:30:00Z,2013-08-27T04:29:29Z,,,,,,,,CALCULATED
2013-08-26T22:40:00Z,2013-08-27T04:39:29Z,,,,,,,,CALCULATED
2013-08-26T22:50:00Z,2013-08-27T04:49:29Z,,,,,,,,CALCULATED
2013-08-26T23:00:00Z,2013-08-27T04:59:29Z,,,,,,,,CALCULATED
2013-08-26T23:10:00Z,2013-08-27T05:09:29Z,,,,,,,,CALCULATED
2013-08-26T23:20:00Z,2013-08-27T05:19:29Z,,,,,,,,CALCULATED
2013-08-26T23:30:00Z,2013-08-27T05:29:29Z,,,,,,,,CALCULATED
2013-08-26T23:40:00Z,2013-08-27T05:39:29Z,,,,,,,,CALCULATED
2013-08-26T23:50:00Z,2013-08-27T05:49:29Z,,,,,,,,CALCULATED
2013-08-27T00:00:00Z,2013-08-27T05:59:29Z,,,,,,,,CALCULATED
2013-08-27T00:10:00Z,2013-08-27T06:09:29Z,,,,,,,,CALCULATED
2013-08-27T00:20:00Z,2013-08-27T06:19:29Z,,,,,,,,CALCULATED
2013-08-27T00:30:00Z,2013-08-27T06:29:29Z,,,,,,,,CALCULATED
2013-08-27T00:40:00Z,2013-08-27T06:39:29Z,,,,,,,,CALCULATED
2013-08-27T00:50:00Z,2013-08-27T06:49:29Z,,,,,,,,CALCULATED
2013-08-27T01:00:00Z,2013-08-27T06:59:29Z,,,,,,,,CALCULATED
2013-08-27T01:10:00Z,2013-08-27T07:09:29Z,,,,,,,,CALCULATED
2013-08-27T01:20:00Z,2013-08-27T07:19:29Z,,,,,,,,CALCULATED
2013-08-27T01:30:00Z,2013-08-27T07:29:29Z,,,,,,,,CALCULATED
2013-08-27T01:40:00Z,2013-08-27T07:39:29Z,,,,,,,,CALCULATED
2013-08-27T01:50:00Z,2013-08-27T07:49:29Z,,,,,,,,CALCULATED
2013-08-27T02:00:00Z,2013-08-27T07:59:29Z,,,,,,,,CALCULATED
2013-08-27T02:10:00Z,2013-08-27T08:09:29Z,,,,,,,,CALCULATED
2013-08-27T02:20:00Z,2013-08-27T08:19:29Z,,,,,,,,CALCULATED
2013-08-27T02:30:00Z,2013-08-27T08:29:29Z,,,,,,,,CALCULATED
2013-08-27T02:40:00Z,2013-08-27T08:39:29Z,,,,,,,,CALCULATED
2013-08-27T02:50:00Z,2013-08-27T08:49:29Z,,,,,,,,CALCULATED
2013-08-27T03:00:00Z,2013-08-27T08:59:29Z,,,,,,,,CALCULATED
2013-08-27T03:10:00Z,2013-08-27T09:09:29Z,,,,,,,,CALCULATED
2013-08-27T03:20:00Z,2013-08-27T09:19:29Z,,,,,,,,CALCULATED
2013-08-27T03:30:00Z,2013-08-27T09:29:29Z,,,,,,,,CALCULATED
2013-08-27T03:40:00Z,2013-08-27T09:39:29Z,,,,,,,,CALCULATED
2013-08-27T03:50:00Z,2013-08-27T09:49:29Z,,,,,,,,CALCULATED
2013-08-27T04:00:00Z,2013-08-27T09:59:29Z,,,,,,,,CALCULATED
2013-08-27T04:10:00Z,2013-08-27T10:09:29Z,,,,,,,,CALCULATED
2013-08-27T04:20:00Z,2013-08-27T10:19:29Z,,,,,,,,CALCULATED
2013-08-27T04:30:00Z,2013-08-27T10:29:29Z,,,,,,,,CALCULATED
2013-08-27T04:40:00Z,2013-08-27T10:39:29Z,,,,,,,,CALCULATED
2013-08-27T04:50:00Z,2013-08-27T10:49:29Z,,,,,,,,CALCULATED
2013-08-27T05:00:00Z,2013-08-27T10:59:29Z,,,,,,,,CALCULATED
2013-08-27T05:10:00Z,2013-08-27T11:09:29Z,,,,,,,,CALCULATED
2013-08-27T05:20:00Z,2013-08-27T11:19:29Z,,,,,,,,CALCULATED
2013-08-27T05:30:00Z,2013-08-27T11:29:29Z,,,,,,,,CALCULATED
2013-08-27T05:40:00Z,2013-08-27T11:39:29Z,,,,,,,,CALCULATED
2013-08-27T05:50:00Z,2013-08-27T11:49:29Z,,,,,,,,CALCULATED
2013-08-27T06:00:00Z,2013-08-27T11:59:29Z,,,,,,,,CALCULATED
2013-08-27T06:10:00Z,2013-08-27T12:09:29Z,,,,,,,,CALCULATED
2013-08-27T06:20:00Z,2013-08-27T12:19:29Z,,,,,,,,CALCULATED
2013-08-27T06:30:00Z,2013-08-27T12:29:29Z,,,,,,,,CALCULATED
2013-08-27T06:40:00Z,2013-08-27T12:39:29Z,,,,,,,,CALCULATED
2013-08-27T06:50:00Z,2013-08-27T12:49:29Z,,,,,,,,CALCULATED
2013-08-27T07:00:00Z,2013-08-27T12:59:29Z,,,,,,,,CALCULATED
2013-08-27T07:10:00Z,2013-08-27T13:09:29Z,,,,,,,,CALCULATED
2013-08-27T07:20:00Z,2013-08-27T13:19:29Z,,,,,,,,CALCULATED
2013-08-27T07:30:00Z,2013-08-27T13:29:29Z,,,,,,,,CALCULATED
2013-08-27T07:40:00Z,2013-08-27T13:39:29Z,,,,,,,,CALCULATED
2013-08-27T07:50:00Z,2013-08-27T13:49:29Z,,,,,,,,CALCULATED
2013-08-27T08:00:00Z,2013-08-27T13:59:29Z,,,,,,,,CALCULATED
2013-08-27T08:10:00Z,2013-08-27T14:09:29Z,,,,,,,,CALCULATED
2013-08-27T08:20:00Z,2013-08-27T14:19:29Z,,,,,,,,CALCULATED
2013-08-27T08:30:00Z,2013-08-27T14:29:29Z,,,,,,,,CALCULATED
2013-08-27T08:40:00Z,2013-08-27T14:39:29Z,,,,,,,,CALCULATED
2013-08-27T08:50:00Z,2013-08-27T14:49:29Z,,,,,,,,CALCULATED
2013-08-27T09:00:00Z,2013-08-27T14:59:29Z,,,,,,,,CALCULATED
2013-08-27T09:10:00Z,2013-08-27T15:09:29Z,,,,,,,,CALCULATED
2013-08-27T09:20:00Z,2013-08-27T15:19:29Z,,,,,,,,CALCULATED
2013-08-27T09:30:00Z,2013-08-27T15:29:29Z,,,,,,,,CALCULATED
2013-08-27T09:40:00Z,2013-08-27T15:39:29Z,,,,,,,,CALCULATED
2013-08-27T09:50:00Z,2013-08-27T15:49:29Z,,,,,,,,CALCULATED
2013-08-27T10:00:00Z,2013-08-27T15:59:29Z,,,,,,,,CALCULATED
2013-08-27T10:10:00Z,2013-08-27T16:09:29Z,,,,,,,,CALCULATED
2013-08-27T10:20:00Z,2013-08-27T16:19:29Z,,,,,,,,CALCULATED
2013-08-27T10:30:00Z,2013-08-27T16:29:29Z,,,,,,,,CALCULATED
2013-08-27T10:40:00Z,2013-08-27T16:39:29Z,,,,,,,,CALCULATED
2013-08-27T10:50:00Z,2013-08-27T16:49:29Z,,,,,,,,CALCULATED
2013-08-27T11:00:00Z,2013-08-27T16:59:29Z,,,,,,,,CALCULATED
2013-08-27T11:10:00Z,2013-08-27T17:09:29Z,,,,,,,,CALCULATED
2013-08-27T11:20:00Z,2013-08-27T17:19:29Z,,,,,,,,CALCULATED
2013-08-27T11:30:00Z,2013-08-27T17:29:29Z,,,,,,,,CALCULATED
2013-08-27T11:40:00Z,2013-08-27T17:39:29Z,,,,,,,,CALCULATED
2013-08-27T11:50:00Z,2013-08-27T17:49:29Z,,,,,,,,CALCULATED
2013-08-27T12:00:00Z,2013-08-27T17:59:29Z,,,,,,,,CALCULATED
2013-08-27T12:10:00Z,2013-08-27T18:09:29Z,,,,,,OUT_WARN,,CALCULATED
2013-08-27T12:20:00Z,2013-08-27T18:19:29Z,,,,,,,,CALCULATED
2013-08-27T12:30:00Z,2013-08-27T18:29:29Z,,,,,,,,CALCULATED
2013-08-27T12:40:00Z,2013-08-27T18:39:29Z,,,,,,,,CALCULATED
2013-08-27T12:50:00Z,2013-08-27T18:49:29Z,,,,,,,,CALCULATED
2013-08-27T13:00:00Z,2013-08-27T18:59:29Z,,,,,,,,CALCULATED
2013-08-27T13:10:00Z,2013-08-27T19:09:29Z,,,,,,,,CALCULATED
2013-08-27T13:20:00Z,2013-08-27T19:19:29Z,,,,,,,,CALCULATED
2013-08-27T13:30:00Z,2013-08-27T19:29:29Z,,,,,,,,CALCULATED
2013-08-27T13:40:00Z,2013-08-27T19:39:29Z,,,,,,,,CALCULATED
2013-08-27T13:50:00Z,2013-08-27T19:49:29Z,,,,,,,,CALCULATED
2013-08-27T14:00:00Z,2013-08-27T19:59:29Z,,,,,,,,CALCULATED
2013-08-27T14:10:00Z,2013-08-27T20:09:29Z,,,,,,,,CALCULATED
2013-08-27T14:20:00Z,2013-08-27T20:19:29Z,,,,,,,,CALCULATED
2013-08-27T14:30:00Z,2013-08-27T20:29:29Z,,,,,,,,CALCULATED
2013-08-27T14:40:00Z,2013-08-27T20:39:29Z,,,,,,,,CALCULATED
2013-08-27T14:50:00Z,2013-08-27T20:49:29Z,,,,,,,,CALCULATED
2013-08-27T15:00:00Z,2013-08-27T20:59:29Z,,,,,,,,CALCULATED
2013-08-27T15:10:00Z,2013-08-27T21:09:29Z,,,,,,,,CALCULATED
2013-08-27T15:20:00Z,2013-08-27T21:19:29Z,,,,,,,,CALCULATED
2013-08-27T15:30:00Z,2013-08-27T21:29:29Z,,,,,,,,CALCULATED
2013-08-27T15:40:00Z,2013-08-27T21:39:29Z,,,,,,,,CALCULATED
2013-08-27T15:50:00Z,2013-08-27T21:49:29Z,,,,,,,,CALCULATED
2013-08-27T16:00:00Z,2013-08-27T21:59:29Z,,,,,,,,CALCULATED
2013-08-27T16:10:00Z,2013-08-27T22:09:29Z,,,,,,,,CALCULATED
2013-08-27T16:20:00Z,2013-08-27T22:19:29Z,,,,,,,,CALCULATED
2013-08-27T16:30:00Z,2013-08-27T22:29:29Z,,,,,,,,CALCULATED
2013-08-27T16:40:00Z,2013-08-27T22:39:29Z,,,,,,,,CALCULATED
2013-08-27T16:50:00Z,2013-08-27T22:49:29Z,,,,,,,,CALCULATED
2013-08-27T17:00:00Z,2013-08-27T22:59:29Z,,,,,,,,CALCULATED
2013-08-27T17:10:00Z,2013-08-27T23:09:29Z,,,,,,,,CALCULATED
2013-08-27T17:20:00Z,2013-08-27T23:19:29Z,,,,,,,,CALCULATED
2013-08-27T17:30:00Z,2013-08-27T23:29:29Z,,,,,,,,CALCULATED
2013-08-27T17:40:00Z,2013-08-27T23:39:29Z,,,,,,,,CALCULATED
2013-08-27T17:50:00Z,2013-08-27T23:49:29Z,,,,,,,,CALCULATED
2013-08-27T18:00:00Z,2013-08-27T23:59:29Z,,,,,,,,CALCULATED
2013-08-27T18:10:00Z,2013-08-28T00:09:48Z,,,,,,,,CALCULATED
2013-08-27T18:20:00Z,2013-08-28T00:19:48Z,,,,,,,,CALCULATED
2013-08-27T18:30:00Z,2013-08-28T00:29:48Z,,,,,,,,CALCULATED
2013-08-27T18:40:00Z,2013-08-28T00:39:48Z,,,,,,,,CALCULATED
2013-08-27T18:50:00Z,2013-08-28T00:49:48Z,,,,,,,,CALCULATED
2013-08-27T19:00:00Z,2013-08-28T00:59:48Z,,,,,,,,CALCULATED
2013-08-27T19:10:00Z,2013-08-28T01:09:48Z,,,,,,,,CALCULATED
2013-08-27T19:20:00Z,2013-08-28T01:19:48Z,,,,,,,,CALCULATED
2013-08-27T19:30:00Z,2013-08-28T01:29:48Z,,,,,,,,CALCULATED
2013-08-27T19:40:00Z,2013-08-28T01:39:48Z,,,,,,,,CALCULATED
2013-08-27T19:50:00Z,2013-08-28T01:49:48Z,,,,,,,,CALCULATED
2013-08-27T20:00:00Z,2013-08-28T01:59:48Z,,,,,,,,CALCULATED
2013-08-27T20:10:00Z,2013-08-28T02:09:48Z,,,,,,OUT_WARN,,CALCULATED
2013-08-27T20:20:00Z,2013-08-28T02:19:48Z,,,,,,OUT_WARN,,CALCULATED
2013-08-27T20:30:00Z,2013-08-28T02:29:48Z,,,,,,,,CALCULATED
2013-08-27T20:40:00Z,2013-08-28T02:39:48Z,,,,,,,,CALCULATED
2013-08-27T20:50:00Z,2013-08-28T02:49:48Z,,,,,,,,CALCULATED
2013-08-27T21:00:00Z,2013-08-28T02:59:48Z,,,,,,,,CALCULATED
2013-08-27T21:10:00Z,2013-08-28T03:09:48Z,,,,,,,,CALCULATED
2013-08-27T21:20:00Z,2013-08-28T03:19:48Z,,,,,,,,CALCULATED
2013-08-27T21:30:00Z,2013-08-28T03:29:48Z,,,,,,,,CALCULATED
2013-08-27T21:40:00Z,2013-08-28T03:39:48Z,,,,,,,,CALCULATED
2013-08-27T21:50:00Z,2013-08-28T03:49:48Z,,,,,,,,CALCULATED
2013-08-27T22:00:00Z,2013-08-28T03:59:48Z,,,,,,,,CALCULATED
2013-08-27T22:10:00Z,2013-08-28T04:09:48Z,,,,,,,,CALCULATED
2013-08-27T22:20:00Z,2013-08-28T04:19:48Z,,,,,,,,CALCULATED
2013-08-27T22:30:00Z,2013-08-28T04:29:48Z,,,,,,,,CALCULATED
2013-08-27T22:40:00Z,2013-08-28T04:39:48Z,,,,,,,,CALCULATED
2013-08-27T22:50:00Z,2013-08-28T04:49:48Z,,,,,,OUT_WARN,,CALCULATED
2013-08-27T23:00:00Z,2013-08-28T04:59:48Z,,,,,,OUT_WARN,,CALCULATED
2013-08-27T23:10:00Z,2013-08-28T05:09:48Z,,,,,,OUT_WARN,,CALCULATED
2013-08-27T23:20:00Z,2013-08-28T05:19:48Z,,,,,,OUT_WARN,,CALCULATED
2013-08-27T23:30:00Z,2013-08-28T05:29:48Z,,,,,,OUT_WARN,,CALCULATED
2013-08-27T23:40:00Z,2013-08-28T05:39:48Z,,,,,,OUT_WARN,,CALCULATED
2013-08-27T23:50:00Z,2013-08-28T05:49:48Z,,,,,,,,CALCULATED
2013-08-28T00:00:00Z,2013-08-28T05:59:48Z,,,,,,,,CALCULATED
2013-08-28T00:10:00Z,2013-08-28T06:09:48Z,,,,,,,,CALCULATED
2013-08-28T00:20:00Z,2013-08-28T06:19:48Z,,,,,,,,CALCULATED
2013-08-28T00:30:00Z,2013-08-28T06:29:48Z,,,,,,,,CALCULATED
2013-08-28T00:40:00Z,2013-08-28T06:39:48Z,,,,,,,,CALCULATED
2013-08-28T00:50:00Z,2013-08-28T06:49:48Z,,,,,,,,CALCULATED
2013-08-28T01:00:00Z,2013-08-28T06:59:48Z,,,,,,,,CALCULATED
2013-08-28T01:10:00Z,2013-08-28T07:09:48Z,,,,,,,,CALCULATED
2013-08-28T01:20:00Z,2013-08-28T07:19:48Z,,,,,,,,CALCULATED
2013-08-28T01:30:00Z,2013-08-28T07:29:48Z,,,,,,,,CALCULATED
2013-08-28T01:40:00Z,2013-08-28T07:39:48Z,,,,,,,,CALCULATED
2013-08-28T01:50:00Z,2013-08-28T07:49:48Z,,,,,,,,CALCULATED
2013-08-28T02:00:00Z,2013-08-28T07:59:48Z,,,,,,,,CALCULATED
2013-08-28T02:10:00Z,2013-08-28T08:09:48Z,,,,,,,,CALCULATED
2013-08-28T02:20:00Z,2013-08-28T08:19:48Z,,,,,,,,CALCULATED
2013-08-28T02:30:00Z,2013-08-28T08:29:48Z,,,,,,,,CALCULATED
2013-08-28T02:40:00Z,2013-08-28T08:39:48Z,,,,,,,,CALCULATED
2013-08-28T02:50:00Z,2013-08-28T08:49:48Z,,,,,,,,CALCULATED
2013-08-28T03:00:00Z,2013-08-28T08:59:48Z,,,,,,,,CALCULATED
2013-08-28T03:10:00Z,2013-08-28T09:09:48Z,,,,,,,,CALCULATED
2013-08-28T03:20:00Z,2013-08-28T09:19:48Z,,,,,,,,CALCULATED
2013-08-28T03:30:00Z,2013-08-28T09:29:48Z,,,,,,,,CALCULATED
2013-08-28T03:40:00Z,2013-08-28T09:39:48Z,,,,,,,,CALCULATED
2013-08-28T03:50:00Z,2013-08-28T09:49:48Z,,,,,,,,CALCULATED
2013-08-28T04:00:00Z,2013-08-28T09:59:48Z,,,,,,,,CALCULATED
2013-08-28T04:10:00Z,2013-08-28T10:09:48Z,,,,,,,,CALCULATED
2013-08-28T04:20:00Z,2013-08-28T10:19:48Z,,,,,,,,CALCULATED
2013-08-28T04:30:00Z,2013-08-28T10:29:48Z,,,,,,,,CALCULATED
2013-08-28T04:40:00Z,2013-08-28T10:39:48Z,,,,,,,,CALCULATED
2013-08-28T04:50:00Z,2013-08-28T10:49:48Z,,,,,,,,CALCULATED
2013-08-28T05:00:00Z,2013-08-28T10:59:48Z,,,,,,,,CALCULATED
2013-08-28T05:10:00Z,2013-08-28T11:09:48Z,,,,,,,,CALCULATED
2013-08-28T05:20:00Z,2013-08-28T11:19:48Z,,,,,,,,CALCULATED
2013-08-28T05:30:00Z,2013-08-28T11:29:48Z,,,,,,,,CALCULATED
2013-08-28T05:40:00Z,2013-08-28T11:39:48Z,,,,,,,,CALCULATED
2013-08-28T05:50:00Z,2013-08-28T11:49:48Z,,,,,,,,CALCULATED
2013-08-28T06:00:00Z,2013-08-28T11:59:48Z,,,,,,,,CALCULATED
2013-08-28T06:10:00Z,2013-08-28T12:09:48Z,,,,,,,,CALCULATED
2013-08-28T06:20:00Z,2013-08-28T12:19:48Z,,,,,,,,CALCULATED
2013-08-28T06:30:00Z,2013-08-28T12:29:48Z,,,,,,,,CALCULATED
2013-08-28T06:40:00Z,2013-08-28T12:39:48Z,,,,,,,,CALCULATED
2013-08-28T06:50:00Z,2013-08-28T12:49:48Z,,,,,,,,CALCULATED
2013-08-28T07:00:00Z,2013-08-28T12:59:48Z,,,,,,,,CALCULATED
2013-08-28T07:10:00Z,2013-08-28T13:09:48Z,,,,,,,,CALCULATED
2013-08-28T07:20:00Z,2013-08-28T13:19:48Z,,,,,,,,CALCULATED
2013-08-28T07:30:00Z,2013-08-28T13:29:48Z,,,,,,,,CALCULATED
2013-08-28T07:40:00Z,2013-08-28T13:39:48Z,,,,,,,,CALCULATED
2013-08-28T07:50:00Z,2013-08-28T13:49:48Z,,,,,,,,CALCULATED
2013-08-28T08:00:00Z,2013-08-28T13:59:48Z,,,,,,,,CALCULATED
2013-08-28T08:10:00Z,2013-08-28T14:09:48Z,,,,,,,,CALCULATED
2013-08-28T08:20:00Z,2013-08-28T14:19:48Z,,,,,,,,CALCULATED
2013-08-28T08:30:00Z,2013-08-28T14:29:48Z,,,,,,,,CALCULATED
2013-08-28T08:40:00Z,2013-08-28T14:39:48Z,,,,,,,,CALCULATED
2013-08-28T08:50:00Z,2013-08-28T14:49:48Z,,RANGE_WARN,,,,,,CALCULATED
2013-08-28T09:00:00Z,2013-08-28T14:59:48Z,,,,,,,,CALCULATED
2013-08-28T09:10:00Z,2013-08-28T15:09:48Z,,,,,,,,CALCULATED
2013-08-28T09:20:00Z,2013-08-28T15:19:48Z,,RANGE_WARN,,,,,,CALCULATED
2013-08-28T09:30:00Z,2013-08-28T15:29:48Z,,RANGE_WARN,,,,,,CALCULATED
2013-08-28T09:40:00Z,2013-08-28T15:39:48Z,,RANGE_WARN,,,,,,CALCULATED
2013-08-28T09:50:00Z,2013-08-28T15:49:48Z,,RANGE_WARN,,,,,,CALCULATED
2013-08-28T10:00:00Z,2013-08-28T15:59:48Z,,,,,,,,CALCULATED
2013-08-28T10:10:00Z,2013-08-28T16:09:48Z,,,,,,,,CALCULATED
2013-08-28T10:20:00Z,2013-08-28T16:19:48Z,,,,,,,,CALCULATED
2013-08-28T10:30:00Z,2013-08-28T16:29:48Z,,RANGE_WARN,,,,,,CALCULATED
2013-08-28T10:40:00Z,2013-08-28T16:39:48Z,,RANGE_WARN,,,,,,CALCULATED
2013-08-28T10:50:00Z,2013-08-28T16:49:48Z,,,,,,,,CALCULATED
2013-08-28T11:00:00Z,2013-08-28T16:59:48Z,,,,,,,,CALCULATED
2013-08-28T11:10:00Z,2013-08-28T17:09:48Z,,,,,,,,CALCULATED
2013-08-28T11:20:00Z,2013-08-28T17:19:48Z,,,,,,OUT_WARN,,CALCULATED
2013-08-28T11:30:00Z,2013-08-28T17:29:48Z,,,,,,,,CALCULATED
2013-08-28T11:40:00Z,2013-08-28T17:39:48Z,,,,,,,,CALCULATED
2013-08-28T11:50:00Z,2013-08-28T17:49:48Z,,,,,,,,CALCULATED
2013-08-28T12:00:00Z,2013-08-28T17:59:48Z,,,,,,,,CALCULATED
2013-08-28T12:10:00Z,2013-08-28T18:09:48Z,,,,,,,,CALCULATED
2013-08-28T12:20:00Z,2013-08-28T18:19:48Z,,,,,,,,CALCULATED
2013-08-28T12:30:00Z,2013-08-28T18:29:48Z,,,,,,,,CALCULATED
2013-08-28T12:40:00Z,2013-08-28T18:39:48Z,,,,,,,,CALCULATED
2013-08-28T12:50:00Z,2013-08-28T18:49:48Z,,,,,,,,CALCULATED
2013-08-28T13:00:00Z,2013-08-28T18:59:48Z,,,,,,,,CALCULATED
2013-08-28T13:10:00Z,2013-08-28T19:09:48Z,,,,,,,,CALCULATED
2013-08-28T13:20:00Z,2013-08-28T19:19:48Z,,,,,,,,CALCULATED
2013-08-28T13:30:00Z,2013-08-28T19:29:48Z,,,,,,,,CALCULATED
2013-08-28T13:40:00Z,2013-08-28T19:39:48Z,,,,,,,,CALCULATED
2013-08-28T13:50:00Z,2013-08-28T19:49:48Z,,,,,,,,CALCULATED
2013-08-28T14:00:00Z,2013-08-28T19:59:48Z,,,,,,,,CALCULATED
2013-08-28T14:10:00Z,2013-08-28T20:09:48Z,,,,,,,,CALCULATED
2013-08-28T14:20:00Z,2013-08-28T20:19:48Z,,,,,,,,CALCULATED
2013-08-28T14:30:00Z,2013-08-28T20:29:48Z,,,,,,,,CALCULATED
2013-08-28T14:40:00Z,2013-08-28T20:39:48Z,,,,,,,,CALCULATED
2013-08-28T14:50:00Z,2013-08-28T20:49:48Z,,,,,,,,CALCULATED
2013-08-28T15:00:00Z,2013-08-28T20:59:48Z,,,,,,,,CALCULATED
2013-08-28T15:10:00Z,2013-08-28T21:09:48Z,,,,,,,,CALCULATED
2013-08-28T15:20:00Z,2013-08-28T21:19:48Z,,,,,,,,CALCULATED
2013-08-28T15:30:00Z,2013-08-28T21:29:48Z,,,,,,,,CALCULATED
2013-08-28T15:40:00Z,2013-08-28T21:39:48Z,,,,,,,,CALCULATED
2013-08-28T15:50:00Z,2013-08-28T21:49:48Z,,,,,,,,CALCULATED
2013-08-28T16:00:00Z,2013-08-28T21:59:48Z,,,,,,,,CALCULATED
2013-08-28T16:10:00Z,2013-08-28T22:09:48Z,,,,,,,,CALCULATED
2013-08-28T16:20:00Z,2013-08-28T22:19:48Z,,,,,,,,CALCULATED
2013-08-28T16:30:00Z,2013-08-28T22:29:48Z,,,,,,,,CALCULATED
2013-08-28T16:40:00Z,2013-08-28T22:39:48Z,,,,,,,,CALCULATED
2013-08-28T16:50:00Z,2013-08-28T22:49:48Z,,,,,,,,CALCULATED
2013-08-28T17:00:00Z,2013-08-28T22:59:48Z,,,,,,,,CALCULATED
2013-08-28T17:10:00Z,2013-08-28T23:09:48Z,,,,,,,,CALCULATED
2013-08-28T17:20:00Z,2013-08-28T23:19:48Z,,,,,,,,CALCULATED
2013-08-28T17:30:00Z,2013-08-28T23:29:48Z,,,,,,,,CALCULATED
2013-08-28T17:40:00Z,2013-08-28T23:39:48Z,,,,,,,,CALCULATED
2013-08-28T17:50:00Z,2013-08-28T23:49:48Z,,,,,,,,CALCULATED
2013-08-28T18:00:00Z,2013-08-28T23:59:48Z,,,,,,,,CALCULATED
2013-08-28T18:10:00Z,2013-08-29T00:10:08Z,,,,,,,,CALCULATED
2013-08-28T18:20:00Z,2013-08-29T00:20:08Z,,,,,,,,CALCULATED
2013-08-28T18:30:00Z,2013-08-29T00:30:08Z,,,,,,,,CALCULATED
2013-08-28T18:40:00Z,2013-08-29T00:40:08Z,,,,,,,,CALCULATED
2013-08-28T18:50:00Z,2013-08-29T00:50:08Z,,,,,,,,CALCULATED
2013-08-28T19:00:00Z,2013-08-29T01:00:08Z,,,,,,,,CALCULATED
2013-08-28T19:10:00Z,2013-08-29T01:10:08Z,,,,,,,,CALCULATED
2013-08-28T19:20:00Z,2013-08-29T01:20:08Z,,,,,,,,CALCULATED
2013-08-28T19:30:00Z,2013-08-29T01:30:08Z,,,,,,,,CALCULATED
2013-08-28T19:40:00Z,2013-08-29T01:40:08Z,,,,,,,,CALCULATED
2013-08-28T19:50:00Z,2013-08-29T01:50:08Z,,,,,,,,CALCULATED
2013-08-28T20:00:00Z,2013-08-29T02:00:08Z,,,,,,,,CALCULATED
2013-08-28T20:10:00Z,2013-08-29T02:10:08Z,,,,,,,,CALCULATED
2013-08-28T20:20:00Z,2013-08-29T02:20:08Z,,,,,,,,CALCULATED
2013-08-28T20:30:00Z,2013-08-29T02:30:08Z,,,,,,,,CALCULATED
2013-08-28T20:40:00Z,2013-08-29T02:40:08Z,,,,,,,,CALCULATED
2013-08-28T20:50:00Z,2013-08-29T02:50:08Z,,,,,,,,CALCULATED
2013-08-28T21:00:00Z,2013-08-29T03:00:08Z,,,,,,,,CALCULATED
2013-08-28T21:10:00Z,2013-08-29T03:10:08Z,,,,,,,,CALCULATED
2013-08-28T21:20:00Z,2013-08-29T03:20:08Z,,,,,,,,CALCULATED
2013-08-28T21:30:00Z,2013-08-29T03:30:08Z,,,,,,,,CALCULATED
2013-08-28T21:40:00Z,2013-08-29T03:40:08Z,,,,,,,,CALCULATED
2013-08-28T21:50:00Z,2013-08-29T03:50:08Z,,,,,,,,CALCULATED
2013-08-28T22:00:00Z,2013-08-29T04:00:08Z,,,,,,,,CALCULATED
2013-08-28T22:10:00Z,2013-08-29T04:10:08Z,,,,,,OUT_WARN,,CALCULATED
2013-08-28T22:20:00Z,2013-08-29T04:20:08Z,,,,,,,,CALCULATED
2013-08-28T22:30:00Z,2013-08-29T04:30:08Z,,,,,,,,CALCULATED
2013-08-28T22:40:00Z,2013-08-29T04:40:08Z,,,,,,,,CALCULATED
2013-08-28T22:50:00Z,2013-08-29T04:50:08Z,,,,,,,,CALCULATED
2013-08-28T23:00:00Z,2013-08-29T05:00:08Z,,,,,,,,CALCULATED
2013-08-28T23:10:00Z,2013-08-29T05:10:08Z,,,,,,,,CALCULATED
2013-08-28T23:20:00Z,2013-08-29T05:20:08Z,,,,,,,,CALCULATED
2013-08-28T23:30:00Z,2013-08-29T05:30:08Z,,,,,,,,CALCULATED
2013-08-28T23:40:00Z,2013-08-29T05:40:08Z,,,,,,,,CALCULATED
2013-08-28T23:50:00Z,2013-08-29T05:50:08Z,,,,,,,,CALCULATED
2013-08-29T00:00:00Z,2013-08-29T06:00:08Z,,,,,,,,CALCULATED
2013-08-29T00:10:00Z,2013-08-29T06:10:08Z,,,,,,,,CALCULATED
2013-08-29T00:20:00Z,2013-08-29T06:20:08Z,,,,,,,,CALCULATED
2013-08-29T00:30:00Z,2013-08-29T06:30:08Z,,,,,,,,CALCULATED
2013-08-29T00:40:00Z,2013-08-29T06:40:08Z,,,,,,,,CALCULATED
2013-08-29T00:50:00Z,2013-08-29T06:50:08Z,,,,,,,,CALCULATED
2013-08-29T01:00:00Z,2013-08-29T07:00:08Z,,,,,,,,CALCULATED
2013-08-29T01:10:00Z,2013-08-29T07:10:08Z,,,,,,,,CALCULATED
2013-08-29T01:20:00Z,2013-08-29T07:20:08Z,,,,,,,,CALCULATED
2013-08-29T01:30:00Z,2013-08-29T07:30:08Z,,,,,,,,CALCULATED
2013-08-29T01:40:00Z,2013-08-29T07:40:08Z,,,,,,,,CALCULATED
2013-08-29T01:50:00Z,2013-08-29T07:50:08Z,,,,,,,,CALCULATED
2013-08-29T02:00:00Z,2013-08-29T08:00:08Z,,,,,,,,CALCULATED
2013-08-29T02:10:00Z,2013-08-29T08:10:08Z,,,,,,,,CALCULATED
2013-08-29T02:20:00Z,2013-08-29T08:20:08Z,,,,,,,,CALCULATED
2013-08-29T02:30:00Z,2013-08-29T08:30:08Z,,,,,,,,CALCULATED
2013-08-29T02:40:00Z,2013-08-29T08:40:08Z,,,,,,,,CALCULATED
2013-08-29T02:50:00Z,2013-08-29T08:50:08Z,,,,,,,,CALCULATED
2013-08-29T03:00:00Z,2013-08-29T09:00:08Z,,,,,,,,CALCULATED
2013-08-29T03:10:00Z,2013-08-29T09:10:08Z,,,,,,,,CALCULATED
2013-08-29T03:20:00Z,2013-08-29T09:20:08Z,,,,,,,,CALCULATED
2013-08-29T03:30:00Z,2013-08-29T09:30:08Z,,,,,,,,CALCULATED
2013-08-29T03:40:00Z,2013-08-29T09:40:08Z,,,,,,,,CALCULATED
2013-08-29T03:50:00Z,2013-08-29T09:50:08Z,,,,,,,,CALCULATED
2013-08-29T04:00:00Z,2013-08-29T10:00:08Z,,,,,,,,CALCULATED
2013-08-29T04:10:00Z,2013-08-29T10:10:08Z,,,,,,,,CALCULATED
2013-08-29T04:20:00Z,2013-08-29T10:20:08Z,,,,,,,,CALCULATED
2013-08-29T04:30:00Z,2013-08-29T10:30:08Z,,,,,,,,CALCULATED
2013-08-29T04:40:00Z,2013-08-29T10:40:08Z,,,,,,,,CALCULATED
2013-08-29T04:50:00Z,2013-08-29T10:50:08Z,,,,,,,,CALCULATED
2013-08-29T05:00:00Z,2013-08-29T11:00:08Z,,,,,,,,CALCULATED
2013-08-29T05:10:00Z,2013-08-29T11:10:08Z,,,,,,,,CALCULATED
2013-08-29T05:20:00Z,2013-08-29T11:20:08Z,,,,,,,,CALCULATED
2013-08-29T05:30:00Z,2013-08-29T11:30:08Z,,RANGE_WARN,,,,,,CALCULATED
2013-08-29T05:40:00Z,2013-08-29T11:40:08Z,,,,,,,,CALCULATED
2013-08-29T05:50:00Z,2013-08-29T11:50:08Z,,,,,,,,CALCULATED
2013-08-29T06:00:00Z,2013-08-29T12:00:08Z,,,,,,,,CALCULATED
2013-08-29T06:10:00Z,2013-08-29T12:10:08Z,,RANGE_WARN,,,,,,CALCULATED
2013-08-29T06:20:00Z,2013-08-29T12:20:08Z,,RANGE_WARN,,,,,,CALCULATED
2013-08-29T06:30:00Z,2013-08-29T12:30:08Z,,RANGE_WARN,,,,,,CALCULATED
2013-08-29T06:40:00Z,2013-08-29T12:40:08Z,,RANGE_WARN,,,,,,CALCULATED
2013-08-29T06:50:00Z,2013-08-29T12:50:08Z,,,,,,,,CALCULATED
2013-08-29T07:00:00Z,2013-08-29T13:00:08Z,,RANGE_WARN,,,,,,CALCULATED
2013-08-29T07:10:00Z,2013-08-29T13:10:08Z,,RANGE_WARN,,,,,,CALCULATED
2013-08-29T07:20:00Z,2013-08-29T13:20:08Z,,RANGE_WARN,,,,,,CALCULATED
2013-08-29T07:30:00Z,2013-08-29T13:30:08Z,,RANGE_WARN,,,,,,CALCULATED
2013-08-29T07:40:00Z,2013-08-29T13:40:08Z,,RANGE_WARN,,,,,,CALCULATED
2013-08-29T07:50:00Z,2013-08-29T13:50:08Z,,RANGE_WARN,,,,,,CALCULATED
2013-08-29T08:00:00Z,2013-08-29T14:00:08Z,,,,,,,,CALCULATED
2013-08-29T08:10:00Z,2013-08-29T14:10:08Z,,RANGE_WARN,,,,,,CALCULATED
2013-08-29T08:20:00Z,2013-08-29T14:20:08Z,,RANGE_WARN,,,,,,CALCULATED
2013-08-29T08:30:00Z,2013-08-29T14:30:08Z,,RANGE_WARN,,,,,,CALCULATED
2013-08-29T08:40:00Z,2013-08-29T14:40:08Z,,RANGE_WARN,,,,,,CALCULATED
2013-08-29T08:50:00Z,2013-08-29T14:50:08Z,,RANGE_WARN,,,,,,CALCULATED
2013-08-29T09:00:00Z,2013-08-29T15:00:08Z,,,,,,,,CALCULATED
2013-08-29T09:10:00Z,2013-08-29T15:10:08Z,,RANGE_WARN,,,,,,CALCULATED
2013-08-29T09:20:00Z,2013-08-29T15:20:08Z,,RANGE_WARN,,,,,,CALCULATED
2013-08-29T09:30:00Z,2013-08-29T15:30:08Z,,RANGE_WARN,,,,,,CALCULATED
2013-08-29T09:40:00Z,2013-08-29T15:40:08Z,,,,,,,,CALCULATED
2013-08-29T09:50:00Z,2013-08-29T15:50:08Z,,,,,,,,CALCULATED
2013-08-29T10:00:00Z,2013-08-29T16:00:08Z,,RANGE_WARN,,,,,,CALCULATED
2013-08-29T10:10:00Z,2013-08-29T16:10:08Z,,RANGE_WARN,,,,,,CALCULATED
2013-08-29T10:20:00Z,2013-08-29T16:20:08Z,,,,,,,,CALCULATED
2013-08-29T10:30:00Z,2013-08-29T16:30:08Z,,RANGE_WARN,,,,,,CALCULATED
2013-08-29T10:40:00Z,2013-08-29T16:40:08Z,,,,,,,,CALCULATED
2013-08-29T10:50:00Z,2013-08-29T16:50:08Z,,,,,,,,CALCULATED
2013-08-29T11:00:00Z,2013-08-29T17:00:08Z,,,,,,,,CALCULATED
2013-08-29T11:10:00Z,2013-08-29T17:10:08Z,,,,,,,,CALCULATED
2013-08-29T11:20:00Z,2013-08-29T17:20:08Z,,,,,,,,CALCULATED
2013-08-29T11:30:00Z,2013-08-29T17:30:08Z,,,,,,,,CALCULATED
2013-08-29T11:40:00Z,2013-08-29T17:40:08Z,,,,,,,,CALCULATED
2013-08-29T11:50:00Z,2013-08-29T17:50:08Z,,,,,,,,CALCULATED
2013-08-29T12:00:00Z,2013-08-29T18:00:08Z,,,,,,,,CALCULATED
2013-08-29T12:10:00Z,2013-08-29T18:10:08Z,,,,,,,,CALCULATED
2013-08-29T12:20:00Z,2013-08-29T18:20:08Z,,,,,,,,CALCULATED
2013-08-29T12:30:00Z,2013-08-29T18:30:08Z,,,,,,,,CALCULATED
2013-08-29T12:40:00Z,2013-08-29T18:40:08Z,,,,,,,,CALCULATED
2013-08-29T12:50:00Z,2013-08-29T18:50:08Z,,,,,,,,CALCULATED
2013-08-29T13:00:00Z,2013-08-29T19:00:08Z,,,,,,,,CALCULATED
2013-08-29T13:10:00Z,2013-08-29T19:10:08Z,,,,,,,,CALCULATED
2013-08-29T13:20:00Z,2013-08-29T19:20:08Z,,,,,,,,CALCULATED
2013-08-29T13:30:00Z,2013-08-29T19:30:08Z,,,,,,,,CALCULATED
2013-08-29T13:40:00Z,2013-08-29T19:40:08Z,,,,,,,,CALCULATED
2013-08-29T13:50:00Z,2013-08-29T19:50:08Z,,,,,,,,CALCULATED
2013-08-29T14:00:00Z,2013-08-29T20:00:08Z,,,,,,,,CALCULATED
2013-08-29T14:10:00Z,2013-08-29T20:10:08Z,,,,,,,,CALCULATED
2013-08-29T14:20:00Z,2013-08-29T20:20:08Z,,,,,,,,CALCULATED
2013-08-29T14:30:00Z,2013-08-29T20:30:08Z,,,,,,,,CALCULATED
2013-08-29T14:40:00Z,2013-08-29T20:40:08Z,,,,,,,,CALCULATED
2013-08-29T14:50:00Z,2013-08-29T20:50:08Z,,,,,,,,CALCULATED
2013-08-29T15:00:00Z,2013-08-29T21:00:08Z,,,,,,,,CALCULATED
2013-08-29T15:10:00Z,2013-08-29T21:10:08Z,,,,,,,,CALCULATED
2013-08-29T15:20:00Z,2013-08-29T21:20:08Z,,,,,,,,CALCULATED
2013-08-29T15:30:00Z,2013-08-29T21:30:08Z,,,,,,,,CALCULATED
2013-08-29T15:40:00Z,2013-08-29T21:40:08Z,,,,,,,,CALCULATED
2013-08-29T15:50:00Z,2013-08-29T21:50:08Z,,,,,,,,CALCULATED
2013-08-29T16:00:00Z,2013-08-29T22:00:08Z,,,,,,,,CALCULATED
2013-08-29T16:10:00Z,2013-08-29T22:10:08Z,,,,,,,,CALCULATED
2013-08-29T16:20:00Z,2013-08-29T22:20:08Z,,,,,,,,CALCULATED
2013-08-29T16:30:00Z,2013-08-29T22:30:08Z,,,,,,,,CALCULATED
2013-08-29T16:40:00Z,2013-08-29T22:40:08Z,,,,,,,,CALCULATED
2013-08-29T16:50:00Z,2013-08-29T22:50:08Z,,,,,,,,CALCULATED
2013-08-29T17:00:00Z,2013-08-29T23:00:08Z,,,,,,,,CALCULATED
2013-08-29T17:10:00Z,2013-08-29T23:10:08Z,,,,,,,,CALCULATED
2013-08-29T17:20:00Z,2013-08-29T23:20:08Z,,,,,,,,CALCULATED
2013-08-29T17:30:00Z,2013-08-29T23:30:08Z,,,,,,,,CALCULATED
2013-08-29T17:40:00Z,2013-08-29T23:40:08Z,,,,,,,,CALCULATED
2013-08-29T17:50:00Z,2013-08-29T23:50:08Z,,,,,,,,CALCULATED
2013-08-29T18:00:00Z,2013-08-30T00:00:08Z,,,,,,,,CALCULATED
2013-08-29T18:10:00Z,2013-08-30T00:10:27Z,,,,,,,,CALCULATED
2013-08-29T18:20:00Z,2013-08-30T00:20:27Z,,,,,,,,CALCULATED
2013-08-29T18:30:00Z,2013-08-30T00:30:27Z,,,,,,,,CALCULATED
2013-08-29T18:40:00Z,2013-08-30T00:40:27Z,,,,,,,,CALCULATED
2013-08-29T18:50:00Z,2013-08-30T00:50:27Z,,,,,,,,CALCULATED
2013-08-29T19:00:00Z,2013-08-30T01:00:27Z,,,,,,,,CALCULATED
2013-08-29T19:10:00Z,2013-08-30T01:10:27Z,,,,,,,,CALCULATED
2013-08-29T19:20:00Z,2013-08-30T01:20:27Z,,,,,,,,CALCULATED
2013-08-29T19:30:00Z,2013-08-30T01:30:27Z,,,,,,,,CALCULATED
2013-08-29T19:40:00Z,2013-08-30T01:40:27Z,,,,,,,,CALCULATED
2013-08-29T19:50:00Z,2013-08-30T01:50:27Z,,,,,,,,CALCULATED
2013-08-29T20:00:00Z,2013-08-30T02:00:27Z,,,,,,,,CALCULATED
2013-08-29T20:10:00Z,2013-08-30T02:10:27Z,,,,,,,,CALCULATED
2013-08-29T20:20:00Z,2013-08-30T02:20:27Z,,,,,,,,CALCULATED
2013-08-29T20:30:00Z,2013-08-30T02:30:27Z,,,,,,,,CALCULATED
2013-08-29T20:40:00Z,2013-08-30T02:40:27Z,,,,,,,,CALCULATED
2013-08-29T20:50:00Z,2013-08-30T02:50:27Z,,,,,,,,CALCULATED
2013-08-29T21:00:00Z,2013-08-30T03:00:27Z,,,,,,,,CALCULATED
2013-08-29T21:10:00Z,2013-08-30T03:10:27Z,,,,,,,,CALCULATED
2013-08-29T21:20:00Z,2013-08-30T03:20:27Z,,,,,,,,CALCULATED
2013-08-29T21:30:00Z,2013-08-30T03:30:27Z,,,,,,,,CALCULATED
2013-08-29T21:40:00Z,2013-08-30T03:40:27Z,,,,,,,,CALCULATED
2013-08-29T21:50:00Z,2013-08-30T03:50:27Z,,,,,,,,CALCULATED
2013-08-29T22:00:00Z,2013-08-30T04:00:27Z,,,,,,,,CALCULATED
2013-08-29T22:10:00Z,2013-08-30T04:10:27Z,,,,,,,,CALCULATED
2013-08-29T22:20:00Z,2013-08-30T04:20:27Z,,,,,,,,CALCULATED
2013-08-29T22:30:00Z,2013-08-30T04:30:27Z,,,,,,,,CALCULATED
2013-08-29T22:40:00Z,2013-08-30T04:40:27Z,,,,,,,,CALCULATED
2013-08-29T22:50:00Z,2013-08-30T04:50:27Z,,,,,,,,CALCULATED
2013-08-29T23:00:00Z,2013-08-30T05:00:27Z,,,,,,,,CALCULATED
2013-08-29T23:10:00Z,2013-08-30T05:10:27Z,,,,,,,,CALCULATED
2013-08-29T23:20:00Z,2013-08-30T05:20:27Z,,,,,,,,CALCULATED
2013-08-29T23:30:00Z,2013-08-30T05:30:27Z,,,,,,,,CALCULATED
2013-08-29T23:40:00Z,2013-08-30T05:40:27Z,,,,,,,,CALCULATED
2013-08-29T23:50:00Z,2013-08-30T05:50:27Z,,,,,,,,CALCULATED
2013-08-30T00:00:00Z,2013-08-30T06:00:27Z,,,,,,,,CALCULATED
2013-08-30T00:10:00Z,2013-08-30T06:10:27Z,,,,,,,,CALCULATED
2013-08-30T00:20:00Z,2013-08-30T06:20:27Z,,,,,,,,CALCULATED
2013-08-30T00:30:00Z,2013-08-30T06:30:27Z,,,,,,,,CALCULATED
2013-08-30T00:40:00Z,2013-08-30T06:40:27Z,,,,,,,,CALCULATED
2013-08-30T00:50:00Z,2013-08-30T06:50:27Z,,,,,,,,CALCULATED
2013-08-30T01:00:00Z,2013-08-30T07:00:27Z,,,,,,,,CALCULATED
2013-08-30T01:10:00Z,2013-08-30T07:10:27Z,,,,,,,,CALCULATED
2013-08-30T01:20:00Z,2013-08-30T07:20:27Z,,,,,,,,CALCULATED
2013-08-30T01:30:00Z,2013-08-30T07:30:27Z,,,,,,,,CALCULATED
2013-08-30T01:40:00Z,2013-08-30T07:40:27Z,,,,,,,,CALCULATED
2013-08-30T01:50:00Z,2013-08-30T07:50:27Z,,,,,,,,CALCULATED
2013-08-30T02:00:00Z,2013-08-30T08:00:27Z,,,,,,,,CALCULATED
2013-08-30T02:10:00Z,2013-08-30T08:10:27Z,,,,,,,,CALCULATED
2013-08-30T02:20:00Z,2013-08-30T08:20:27Z,,,,,,,,CALCULATED
2013-08-30T02:30:00Z,2013-08-30T08:30:27Z,,,,,,,,CALCULATED
2013-08-30T02:40:00Z,2013-08-30T08:40:27Z,,,,,,,,CALCULATED
2013-08-30T02:50:00Z,2013-08-30T08:50:27Z,,,,,,,,CALCULATED
2013-08-30T03:00:00Z,2013-08-30T09:00:27Z,,,,,,,,CALCULATED
2013-08-30T03:10:00Z,2013-08-30T09:10:27Z,,,,,,,,CALCULATED
2013-08-30T03:20:00Z,2013-08-30T09:20:27Z,,,,,,,,CALCULATED
2013-08-30T03:30:00Z,2013-08-30T09:30:27Z,,,,,,,,CALCULATED
2013-08-30T03:40:00Z,2013-08-30T09:40:27Z,,,,,,,,CALCULATED
2013-08-30T03:50:00Z,2013-08-30T09:50:27Z,,,,,,,,CALCULATED
2013-08-30T04:00:00Z,2013-08-30T10:00:27Z,,,,,,,,CALCULATED
2013-08-30T04:10:00Z,2013-08-30T10:10:27Z,,,,,,,,CALCULATED
2013-08-30T04:20:00Z,2013-08-30T10:20:27Z,,,,,,,,CALCULATED
2013-08-30T04:30:00Z,2013-08-30T10:30:27Z,,,,,,,,CALCULATED
2013-08-30T04:40:00Z,2013-08-30T10:40:27Z,,,,,,,,CALCULATED
2013-08-30T04:50:00Z,2013-08-30T10:50:27Z,,RANGE_WARN,,,,,,CALCULATED
2013-08-30T05:00:00Z,2013-08-30T11:00:27Z,,RANGE_WARN,,,,,,CALCULATED
2013-08-30T05:10:00Z,2013-08-30T11:10:27Z,,RANGE_WARN,,,,,,CALCULATED
2013-08-30T05:20:00Z,2013-08-30T11:20:27Z,,RANGE_WARN,,,,,,CALCULATED
2013-08-30T05:30:00Z,2013-08-30T11:30:27Z,,RANGE_WARN,,,,,,CALCULATED
2013-08-30T05:40:00Z,2013-08-30T11:40:27Z,,RANGE_WARN,,,,,,CALCULATED
2013-08-30T05:50:00Z,2013-08-30T11:50:27Z,,RANGE_WARN,,,,,,CALCULATED
2013-08-30T06:00:00Z,2013-08-30T12:00:27Z,,RANGE_WARN,,,,,,CALCULATED
2013-08-30T06:10:00Z,2013-08-30T12:10:27Z,,RANGE_WARN,,,,,,CALCULATED
2013-08-30T06:20:00Z,2013-08-30T12:20:27Z,,RANGE_WARN,,,,,,CALCULATED
2013-08-30T06:30:00Z,2013-08-30T12:30:27Z,,RANGE_WARN,,,,,,CALCULATED
2013-08-30T06:40:00Z,2013-08-30T12:40:27Z,,RANGE_WARN,,,,,,CALCULATED
2013-08-30T06:50:00Z,2013-08-30T12:50:27Z,,RANGE_WARN,,,,,,CALCULATED
2013-08-30T07:00:00Z,2013-08-30T13:00:27Z,,RANGE_WARN,,,,,,CALCULATED
2013-08-30T07:10:00Z,2013-08-30T13:10:27Z,,RANGE_WARN,,,,,,CALCULATED
2013-08-30T07:20:00Z,2013-08-30T13:20:27Z,,RANGE_WARN,,,,,,CALCULATED
2013-08-30T07:30:00Z,2013-08-30T13:30:27Z,,RANGE_WARN,,,,,,CALCULATED
2013-08-30T07:40:00Z,2013-08-30T13:40:27Z,,RANGE_WARN,,,,,,CALCULATED
2013-08-30T07:50:00Z,2013-08-30T13:50:27Z,,RANGE_WARN,,,,,,CALCULATED
2013-08-30T08:00:00Z,2013-08-30T14:00:27Z,,RANGE_WARN,,,,,,CALCULATED
2013-08-30T08:10:00Z,2013-08-30T14:10:27Z,,RANGE_WARN,,,,,,CALCULATED
2013-08-30T08:20:00Z,2013-08-30T14:20:27Z,,RANGE_WARN,,,,,,CALCULATED
2013-08-30T08:30:00Z,2013-08-30T14:30:27Z,,RANGE_WARN,,,,,,CALCULATED
2013-08-30T08:40:00Z,2013-08-30T14:40:27Z,,RANGE_WARN,,,,,,CALCULATED
2013-08-30T08:50:00Z,2013-08-30T14:50:27Z,,RANGE_WARN,,,,,,CALCULATED
2013-08-30T09:00:00Z,2013-08-30T15:00:27Z,,RANGE_WARN,,,,,,CALCULATED
2013-08-30T09:10:00Z,2013-08-30T15:10:27Z,,RANGE_WARN,,,,,,CALCULATED
2013-08-30T09:20:00Z,2013-08-30T15:20:27Z,,RANGE_WARN,,,,,,CALCULATED
2013-08-30T09:30:00Z,2013-08-30T15:30:27Z,,RANGE_WARN,,,,,,CALCULATED
2013-08-30T09:40:00Z,2013-08-30T15:40:27Z,,RANGE_WARN,,,,,,CALCULATED
2013-08-30T09:50:00Z,2013-08-30T15:50:27Z,,RANGE_WARN,,,,,,CALCULATED
2013-08-30T10:00:00Z,2013-08-30T16:00:27Z,,RANGE_WARN,,,,,,CALCULATED
2013-08-30T10:10:00Z,2013-08-30T16:10:27Z,,RANGE_WARN,,,,,,CALCULATED
2013-08-30T10:20:00Z,2013-08-30T16:20:27Z,,RANGE_WARN,,,,,,CALCULATED
2013-08-30T10:30:00Z,2013-08-30T16:30:27Z,,RANGE_WARN,,,,,,CALCULATED
2013-08-30T10:40:00Z,2013-08-30T16:40:27Z,,RANGE_WARN,,,,,,CALCULATED
2013-08-30T10:50:00Z,2013-08-30T16:50:27Z,,RANGE_WARN,,,,,,CALCULATED
2013-08-30T11:00:00Z,2013-08-30T17:00:27Z,,RANGE_WARN,,,,,,CALCULATED
2013-08-30T11:10:00Z,2013-08-30T17:10:27Z,,RANGE_WARN,,,,,,CALCULATED
2013-08-30T11:20:00Z,2013-08-30T17:20:27Z,,RANGE_WARN,,,,,,CALCULATED
2013-08-30T11:30:00Z,2013-08-30T17:30:27Z,,RANGE_WARN,,,,,,CALCULATED
2013-08-30T11:40:00Z,2013-08-30T17:40:27Z,,RANGE_WARN,,,,,,CALCULATED
2013-08-30T11:50:00Z,2013-08-30T17:50:27Z,,,,,,,,CALCULATED
2013-08-30T12:00:00Z,2013-08-30T18:00:27Z,,,,,,,,CALCULATED
2013-08-30T12:10:00Z,2013-08-30T18:10:27Z,,,,,,OUT_WARN,,CALCULATED
2013-08-30T12:20:00Z,2013-08-30T18:20:27Z,,,,,,,,CALCULATED
2013-08-30T12:30:00Z,2013-08-30T18:30:27Z,,,,,,,,CALCULATED
2013-08-30T12:40:00Z,2013-08-30T18:40:27Z,,,,,,,,CALCULATED
2013-08-30T12:50:00Z,2013-08-30T18:50:27Z,,,,,,,,CALCULATED
2013-08-30T13:00:00Z,2013-08-30T19:00:27Z,,,,,,,,CALCULATED
2013-08-30T13:10:00Z,2013-08-30T19:10:27Z,,,,,,,,CALCULATED
2013-08-30T13:20:00Z,2013-08-30T19:20:27Z,,,,,,,,CALCULATED
2013-08-30T13:30:00Z,2013-08-30T19:30:27Z,,,,,,,,CALCULATED
2013-08-30T13:40:00Z,2013-08-30T19:40:27Z,,,,,,,,CALCULATED
2013-08-30T13:50:00Z,2013-08-30T19:50:27Z,,,,,,,,CALCULATED
2013-08-30T14:00:00Z,2013-08-30T20:00:27Z,,,,,,,,CALCULATED
2013-08-30T14:10:00Z,2013-08-30T20:10:27Z,,,,,,,,CALCULATED
2013-08-30T14:20:00Z,2013-08-30T20:20:27Z,,,,,,,,CALCULATED
2013-08-30T14:30:00Z,2013-08-30T20:30:27Z,,,,,,,,CALCULATED
2013-08-30T14:40:00Z,2013-08-30T20:40:27Z,,,,,,,,CALCULATED
2013-08-30T14:50:00Z,2013-08-30T20:50:27Z,,,,,,,,CALCULATED
2013-08-30T15:00:00Z,2013-08-30T21:00:27Z,,,,,,,,CALCULATED
2013-08-30T15:10:00Z,2013-08-30T21:10:27Z,,,,,,,,CALCULATED
2013-08-30T15:20:00Z,2013-08-30T21:20:27Z,,,,,,,,CALCULATED
2013-08-30T15:30:00Z,2013-08-30T21:30:27Z,,,,,,,,CALCULATED
2013-08-30T15:40:00Z,2013-08-30T21:40:27Z,,,,,,,,CALCULATED
2013-08-30T15:50:00Z,2013-08-30T21:50:27Z,,,,,,,,CALCULATED
2013-08-30T16:00:00Z,2013-08-30T22:00:27Z,,,,,,,,CALCULATED
2013-08-30T16:10:00Z,2013-08-30T22:10:27Z,,,,,,,,CALCULATED
2013-08-30T16:20:00Z,2013-08-30T22:20:27Z,,,,,,,,CALCULATED
2013-08-30T16:30:00Z,2013-08-30T22:30:27Z,,,,,,,,CALCULATED
2013-08-30T16:40:00Z,2013-08-30T22:40:27Z,,,,,,,,CALCULATED
2013-08-30T16:50:00Z,2013-08-30T22:50:27Z,,,,,,,,CALCULATED
2013-08-30T17:00:00Z,2013-08-30T23:00:27Z,,,,,,,,CALCULATED
2013-08-30T17:10:00Z,2013-08-30T23:10:27Z,,,,,,,,CALCULATED
2013-08-30T17:20:00Z,2013-08-30T23:20:27Z,,,,,,,,CALCULATED
2013-08-30T17:30:00Z,2013-08-30T23:30:27Z,,,,,,,,CALCULATED
2013-08-30T17:40:00Z,2013-08-30T23:40:27Z,,,,,,,,CALCULATED
2013-08-30T17:50:00Z,2013-08-30T23:50:27Z,,,,,,,,CALCULATED
2013-08-30T18:00:00Z,2013-08-31T00:00:27Z,,,,,,,,CALCULATED
2013-08-30T18:10:00Z,2013-08-31T00:10:47Z,,,,,,,,CALCULATED
2013-08-30T18:20:00Z,2013-08-31T00:20:47Z,,,,,,,,CALCULATED
2013-08-30T18:30:00Z,2013-08-31T00:30:47Z,,,,,,,,CALCULATED
2013-08-30T18:40:00Z,2013-08-31T00:40:47Z,,,,,,,,CALCULATED
2013-08-30T18:50:00Z,2013-08-31T00:50:47Z,,,,,,OUT_WARN,,CALCULATED
2013-08-30T19:00:00Z,2013-08-31T01:00:47Z,,,,,,OUT_WARN,,CALCULATED
2013-08-30T19:10:00Z,2013-08-31T01:10:47Z,,,,,,OUT_WARN,,CALCULATED
2013-08-30T19:20:00Z,2013-08-31T01:20:47Z,,,,,,OUT_WARN,,CALCULATED
2013-08-30T19:30:00Z,2013-08-31T01:30:47Z,,,,,,OUT_WARN,,CALCULATED
2013-08-30T19:40:00Z,2013-08-31T01:40:47Z,,,,,,OUT_WARN,,CALCULATED
2013-08-30T19:50:00Z,2013-08-31T01:50:47Z,,,,,,OUT_WARN,,CALCULATED
2013-08-30T20:00:00Z,2013-08-31T02:00:47Z,,,,,,,,CALCULATED
2013-08-30T20:10:00Z,2013-08-31T02:10:47Z,,,,,,,,CALCULATED
2013-08-30T20:20:00Z,2013-08-31T02:20:47Z,,,,,,,,CALCULATED
2013-08-30T20:30:00Z,2013-08-31T02:30:47Z,,,,,,,,CALCULATED
2013-08-30T20:40:00Z,2013-08-31T02:40:47Z,,,,,,OUT_WARN,,CALCULATED
2013-08-30T20:50:00Z,2013-08-31T02:50:47Z,,,,,,,,CALCULATED
2013-08-30T21:00:00Z,2013-08-31T03:00:47Z,,,,,,,,CALCULATED
2013-08-30T21:10:00Z,2013-08-31T03:10:47Z,,,,,,,,CALCULATED
2013-08-30T21:20:00Z,2013-08-31T03:20:47Z,,,,,,,,CALCULATED
2013-08-30T21:30:00Z,2013-08-31T03:30:47Z,,,,,,,,CALCULATED
2013-08-30T21:40:00Z,2013-08-31T03:40:47Z,,,,,,,,CALCULATED
2013-08-30T21:50:00Z,2013-08-31T03:50:47Z,,,,,,,,CALCULATED
2013-08-30T22:00:00Z,2013-08-31T04:00:47Z,,,,,,,,CALCULATED
2013-08-30T22:10:00Z,2013-08-31T04:10:47Z,,,,,,,,CALCULATED
2013-08-30T22:20:00Z,2013-08-31T04:20:47Z,,,,,,,,CALCULATED
2013-08-30T22:30:00Z,2013-08-31T04:30:47Z,,,,,,,,CALCULATED
2013-08-30T22:40:00Z,2013-08-31T04:40:47Z,,,,,,,,CALCULATED
2013-08-30T22:50:00Z,2013-08-31T04:50:47Z,,,,,,,,CALCULATED
2013-08-30T23:00:00Z,2013-08-31T05:00:47Z,,,,,,,,CALCULATED
2013-08-30T23:10:00Z,2013-08-31T05:10:47Z,,,,,,,,CALCULATED
2013-08-30T23:20:00Z,2013-08-31T05:20:47Z,,,,,,,,CALCULATED
2013-08-30T23:30:00Z,2013-08-31T05:30:47Z,,,,,,,,CALCULATED
2013-08-30T23:40:00Z,2013-08-31T05:40:47Z,,,,,,,,CALCULATED
2013-08-30T23:50:00Z,2013-08-31T05:50:47Z,,,,,,,,CALCULATED
2013-08-31T00:00:00Z,2013-08-31T06:00:47Z,,,,,,,,CALCULATED
2013-08-31T00:10:00Z,2013-08-31T06:10:47Z,,,,,,,,CALCULATED
2013-08-31T00:20:00Z,2013-08-31T06:20:47Z,,,,,,,,CALCULATED
2013-08-31T00:30:00Z,2013-08-31T06:30:47Z,,,,,,,,CALCULATED
2013-08-31T00:40:00Z,2013-08-31T06:40:47Z,,,,,,,,CALCULATED
2013-08-31T00:50:00Z,2013-08-31T06:50:47Z,,,,,,,,CALCULATED
2013-08-31T01:00:00Z,2013-08-31T07:00:47Z,,,,,,,,CALCULATED
2013-08-31T01:10:00Z,2013-08-31T07:10:47Z,,,,,,,,CALCULATED
2013-08-31T01:20:00Z,2013-08-31T07:20:47Z,,,,,,,,CALCULATED
2013-08-31T01:30:00Z,2013-08-31T07:30:47Z,,,,,,,,CALCULATED
2013-08-31T01:40:00Z,2013-08-31T07:40:47Z,,,,,,,,CALCULATED
2013-08-31T01:50:00Z,2013-08-31T07:50:47Z,,,,,,,,CALCULATED
2013-08-31T02:00:00Z,2013-08-31T08:00:47Z,,,,,,,,CALCULATED
2013-08-31T02:10:00Z,2013-08-31T08:10:47Z,,,,,,,,CALCULATED
2013-08-31T02:20:00Z,2013-08-31T08:20:47Z,,,,,,,,CALCULATED
2013-08-31T02:30:00Z,2013-08-31T08:30:47Z,,,,,,,,CALCULATED
2013-08-31T02:40:00Z,2013-08-31T08:40:47Z,,,,,,,,CALCULATED
2013-08-31T02:50:00Z,2013-08-31T08:50:47Z,,,,,,,,CALCULATED
2013-08-31T03:00:00Z,2013-08-31T09:00:47Z,,,,,,,,CALCULATED
2013-08-31T03:10:00Z,2013-08-31T09:10:47Z,,,,,,,,CALCULATED
2013-08-31T03:20:00Z,2013-08-31T09:20:47Z,,,,,,,,CALCULATED
2013-08-31T03:30:00Z,2013-08-31T09:30:47Z,,,,,,,,CALCULATED
2013-08-31T03:40:00Z,2013-08-31T09:40:47Z,,,,,,,,CALCULATED
2013-08-31T03:50:00Z,2013-08-31T09:50:47Z,,,,,,,,CALCULATED
2013-08-31T04:00:00Z,2013-08-31T10:00:47Z,,,,,,,,CALCULATED
2013-08-31T04:10:00Z,2013-08-31T10:10:47Z,,,,,,,,CALCULATED
2013-08-31T04:20:00Z,2013-08-31T10:20:47Z,,,,,,,,CALCULATED
2013-08-31T04:30:00Z,2013-08-31T10:30:47Z,,,,,,,,CALCULATED
2013-08-31T04:40:00Z,2013-08-31T10:40:47Z,,,,,,,,CALCULATED
2013-08-31T04:50:00Z,2013-08-31T10:50:47Z,,,,,,,,CALCULATED
2013-08-31T05:00:00Z,2013-08-31T11:00:47Z,,,,,,,,CALCULATED
2013-08-31T05:10:00Z,2013-08-31T11:10:47Z,,,,,,,,CALCULATED
2013-08-31T05:20:00Z,2013-08-31T11:20:47Z,,,,,,,,CALCULATED
2013-08-31T05:30:00Z,2013-08-31T11:30:47Z,,,,,,,,CALCULATED
2013-08-31T05:40:00Z,2013-08-31T11:40:47Z,,,,,,,,CALCULATED
2013-08-31T05:50:00Z,2013-08-31T11:50:47Z,,,,,,,,CALCULATED
2013-08-31T06:00:00Z,2013-08-31T12:00:47Z,,,,,,,,CALCULATED
2013-08-31T06:10:00Z,2013-08-31T12:10:47Z,,,,,,,,CALCULATED
2013-08-31T06:20:00Z,2013-08-31T12:20:47Z,,,,,,,,CALCULATED
2013-08-31T06:30:00Z,2013-08-31T12:30:47Z,,,,,,,,CALCULATED
2013-08-31T06:40:00Z,2013-08-31T12:40:47Z,,,,,,,,CALCULATED
2013-08-31T06:50:00Z,2013-08-31T12:50:47Z,,,,,,,,CALCULATED
2013-08-31T07:00:00Z,2013-08-31T13:00:47Z,,,,,,,,CALCULATED
2013-08-31T07:10:00Z,2013-08-31T13:10:47Z,,,,,,,,CALCULATED
2013-08-31T07:20:00Z,2013-08-31T13:20:47Z,,,,,,,,CALCULATED
2013-08-31T07:30:00Z,2013-08-31T13:30:47Z,,,,,,,,CALCULATED
2013-08-31T07:40:00Z,2013-08-31T13:40:47Z,,,,,,,,CALCULATED
2013-08-31T07:50:00Z,2013-08-31T13:50:47Z,,,,,,,,CALCULATED
2013-08-31T08:00:00Z,2013-08-31T14:00:47Z,,,,,,,,CALCULATED
2013-08-31T08:10:00Z,2013-08-31T14:10:47Z,,,,,,,,CALCULATED
2013-08-31T08:20:00Z,2013-08-31T14:20:47Z,,,,,,,,CALCULATED
2013-08-31T08:30:00Z,2013-08-31T14:30:47Z,,,,,,,,CALCULATED
2013-08-31T08:40:00Z,2013-08-31T14:40:47Z,,,,,,,,CALCULATED
2013-08-31T08:50:00Z,2013-08-31T14:50:47Z,,,,,,,,CALCULATED
2013-08-31T09:00:00Z,2013-08-31T15:00:47Z,,,,,,,,CALCULATED
2013-08-31T09:10:00Z,2013-08-31T15:10:47Z,,,,,,,,CALCULATED
2013-08-31T09:20:00Z,2013-08-31T15:20:47Z,,,,,,,,CALCULATED
2013-08-31T09:30:00Z,2013-08-31T15:30:47Z,,,,,,,,CALCULATED
2013-08-31T09:40:00Z,2013-08-31T15:40:47Z,,,,,,,,CALCULATED
2013-08-31T09:50:00Z,2013-08-31T15:50:47Z,,,,,,,,CALCULATED
2013-08-31T10:00:00Z,2013-08-31T16:00:47Z,,,,,,,,CALCULATED
2013-08-31T10:10:00Z,2013-08-31T16:10:47Z,,,,,,,,CALCULATED
2013-08-31T10:20:00Z,2013-08-31T16:20:47Z,,,,,,,,CALCULATED
2013-08-31T10:30:00Z,2013-08-31T16:30:47Z,,,,,,,,CALCULATED
2013-08-31T10:40:00Z,2013-08-31T16:40:47Z,,,,,,,,CALCULATED
2013-08-31T10:50:00Z,2013-08-31T16:50:47Z,,,,,,,,CALCULATED
2013-08-31T11:00:00Z,2013-08-31T17:00:47Z,,,,,,,,CALCULATED
2013-08-31T11:10:00Z,2013-08-31T17:10:47Z,,,,,,,,CALCULATED
2013-08-31T11:20:00Z,2013-08-31T17:20:47Z,,,,,,,,CALCULATED
2013-08-31T11:30:00Z,2013-08-31T17:30:47Z,,,,,,,,CALCULATED
2013-08-31T11:40:00Z,2013-08-31T17:40:47Z,,,,,,,,CALCULATED
2013-08-31T11:50:00Z,2013-08-31T17:50:47Z,,,,,,,,CALCULATED
2013-08-31T12:00:00Z,2013-08-31T18:00:47Z,,,,,,,,CALCULATED
2013-08-31T12:10:00Z,2013-08-31T18:10:47Z,,,,,,,,CALCULATED
2013-08-31T12:20:00Z,2013-08-31T18:20:47Z,,,,,,,,CALCULATED
2013-08-31T12:30:00Z,2013-08-31T18:30:47Z,,,,,,,,CALCULATED
2013-08-31T12:40:00Z,2013-08-31T18:40:47Z,,,,,,,,CALCULATED
2013-08-31T12:50:00Z,2013-08-31T18:50:47Z,,,,,,,,CALCULATED
2013-08-31T13:00:00Z,2013-08-31T19:00:47Z,,,,,,,,CALCULATED
2013-08-31T13:10:00Z,2013-08-31T19:10:47Z,,,,,,,,CALCULATED
2013-08-31T13:20:00Z,2013-08-31T19:20:47Z,,,,,,,,CALCULATED
2013-08-31T13:30:00Z,2013-08-31T19:30:47Z,,,,,,,,CALCULATED
2013-08-31T13:40:00Z,2013-08-31T19:40:47Z,,,,,,,,CALCULATED
2013-08-31T13:50:00Z,2013-08-31T19:50:47Z,,,,,,,,CALCULATED
2013-08-31T14:00:00Z,2013-08-31T20:00:47Z,,,,,,,,CALCULATED
2013-08-31T14:10:00Z,2013-08-31T20:10:47Z,,,,,,,,CALCULATED
2013-08-31T14:20:00Z,2013-08-31T20:20:47Z,,,,,,,,CALCULATED
2013-08-31T14:30:00Z,2013-08-31T20:30:47Z,,,,,,,,CALCULATED
2013-08-31T14:40:00Z,2013-08-31T20:40:47Z,,,,,,,,CALCULATED
2013-08-31T14:50:00Z,2013-08-31T20:50:47Z,,,,,,,,CALCULATED
2013-08-31T15:00:00Z,2013-08-31T21:00:47Z,,,,,,,,CALCULATED
2013-08-31T15:10:00Z,2013-08-31T21:10:47Z,,,,,,,,CALCULATED
2013-08-31T15:20:00Z,2013-08-31T21:20:47Z,,,,,,,,CALCULATED
2013-08-31T15:30:00Z,2013-08-31T21:30:47Z,,,,,,,,CALCULATED
2013-08-31T15:40:00Z,2013-08-31T21:40:47Z,,,,,,,,CALCULATED
2013-08-31T15:50:00Z,2013-08-31T21:50:47Z,,,,,,,,CALCULATED
2013-08-31T16:00:00Z,2013-08-31T22:00:47Z,,,,,,,,CALCULATED
2013-08-31T16:10:00Z,2013-08-31T22:10:47Z,,,,,,,,CALCULATED
2013-08-31T16:20:00Z,2013-08-31T22:20:47Z,,,,,,,,CALCULATED
2013-08-31T16:30:00Z,2013-08-31T22:30:47Z,,,,,,,,CALCULATED
2013-08-31T16:40:00Z,2013-08-31T22:40:47Z,,,,,,,,CALCULATED
2013-08-31T16:50:00Z,2013-08-31T22:50:47Z,,,,,,,,CALCULATED
2013-08-31T17:00:00Z,2013-08-31T23:00:47Z,,,,,,,,CALCULATED
2013-08-31T17:10:00Z,2013-08-31T23:10:47Z,,,,,,,,CALCULATED
2013-08-31T17:20:00Z,2013-08-31T23:20:47Z,,,,,,,,CALCULATED
2013-08-31T17:30:00Z,2013-08-31T23:30:47Z,,,,,,,,CALCULATED
2013-08-31T17:40:00Z,2013-08-31T23:40:47Z,,,,,,,,CALCULATED
2013-08-31T17:50:00Z,2013-08-31T23:50:47Z,,,,,,,,CALCULATED
2013-08-31T18:00:00Z,2013-09-01T00:00:47Z,,,,,,,,CALCULATED
2013-08-31T18:10:00Z,2013-09-01T00:11:08Z,,,,,,,,CALCULATED
2013-08-31T18:20:00Z,2013-09-01T00:21:08Z,,,,,,,,CALCULATED
2013-08-31T18:30:00Z,2013-09-01T00:31:08Z,,,,,,,,CALCULATED
2013-08-31T18:40:00Z,2013-09-01T00:41:08Z,,,,,,,,CALCULATED
2013-08-31T18:50:00Z,2013-09-01T00:51:08Z,,,,,,,,CALCULATED
2013-08-31T19:00:00Z,2013-09-01T01:01:08Z,,,,,,,,CALCULATED
2013-08-31T19:10:00Z,2013-09-01T01:11:08Z,,,,,,,,CALCULATED
2013-08-31T19:20:00Z,2013-09-01T01:21:08Z,,,,,,,,CALCULATED
2013-08-31T19:30:00Z,2013-09-01T01:31:08Z,,,,,,,,CALCULATED
2013-08-31T19:40:00Z,2013-09-01T01:41:08Z,,,,,,,,CALCULATED
2013-08-31T19:50:00Z,2013-09-01T01:51:08Z,,,,,,,,CALCULATED
2013-08-31T20:00:00Z,2013-09-01T02:01:08Z,,,,,,,,CALCULATED
2013-08-31T20:10:00Z,2013-09-01T02:11:08Z,,,,,,,,CALCULATED
2013-08-31T20:20:00Z,2013-09-01T02:21:08Z,,,,,,,,CALCULATED
2013-08-31T20:30:00Z,2013-09-01T02:31:08Z,,,,,,,,CALCULATED
2013-08-31T20:40:00Z,2013-09-01T02:41:08Z,,,,,,,,CALCULATED
2013-08-31T20:50:00Z,2013-09-01T02:51:08Z,,,,,,,,CALCULATED
2013-08-31T21:00:00Z,2013-09-01T03:01:08Z,,,,,,,,CALCULATED
2013-08-31T21:10:00Z,2013-09-01T03:11:08Z,,,,,,,,CALCULATED
2013-08-31T21:20:00Z,2013-09-01T03:21:08Z,,,,,,,,CALCULATED
2013-08-31T21:30:00Z,2013-09-01T03:31:08Z,,,,,,,,CALCULATED
2013-08-31T21:40:00Z,2013-09-01T03:41:08Z,,,,,,,,CALCULATED
2013-08-31T21:50:00Z,2013-09-01T03:51:08Z,,,,,,,,CALCULATED
2013-08-31T22:00:00Z,2013-09-01T04:01:08Z,,,,,,,,CALCULATED
2013-08-31T22:10:00Z,2013-09-01T04:11:08Z,,,,,,,,CALCULATED
2013-08-31T22:20:00Z,2013-09-01T04:21:08Z,,,,,,,,CALCULATED
2013-08-31T22:30:00Z,2013-09-01T04:31:08Z,,,,,,,,CALCULATED
2013-08-31T22:40:00Z,2013-09-01T04:41:08Z,,,,,,,,CALCULATED
2013-08-31T22:50:00Z,2013-09-01T04:51:08Z,,,,,,,,CALCULATED
2013-08-31T23:00:00Z,2013-09-01T05:01:08Z,,,,,,,,CALCULATED
2013-08-31T23:10:00Z,2013-09-01T05:11:08Z,,,,,,,,CALCULATED
2013-08-31T23:20:00Z,2013-09-01T05:21:08Z,,,,,,,,CALCULATED
2013-08-31T23:30:00Z,2013-09-01T05:31:08Z,,,,,,,,CALCULATED
2013-08-31T23:40:00Z,2013-09-01T05:41:08Z,,,,,,,,CALCULATED
2013-08-31T23:50:00Z,2013-09-01T05:51:08Z,,,,,,,,CALCULATED
2013-09-01T00:00:00Z,2013-09-01T06:01:08Z,,,,,,,,CALCULATED
2013-09-01T00:10:00Z,2013-09-01T06:11:08Z,,,,,,,,CALCULATED
2013-09-01T00:20:00Z,2013-09-01T06:21:08Z,,,,,,,,CALCULATED
2013-09-01T00:30:00Z,2013-09-01T06:31:08Z,,,,,,,,CALCULATED
2013-09-01T00:40:00Z,2013-09-01T06:41:08Z,,,,,,,,CALCULATED
2013-09-01T00:50:00Z,2013-09-01T06:51:08Z,,,,,,,,CALCULATED
2013-09-01T01:00:00Z,2013-09-01T07:01:08Z,,,,,,,,CALCULATED
2013-09-01T01:10:00Z,2013-09-01T07:11:08Z,,,,,,,,CALCULATED
2013-09-01T01:20:00Z,2013-09-01T07:21:08Z,,,,,,,,CALCULATED
2013-09-01T01:30:00Z,2013-09-01T07:31:08Z,,,,,,,,CALCULATED
2013-09-01T01:40:00Z,2013-09-01T07:41:08Z,,,,,,,,CALCULATED
2013-09-01T01:50:00Z,2013-09-01T07:51:08Z,,,,,,,,CALCULATED
2013-09-01T02:00:00Z,2013-09-01T08:01:08Z,,,,,,,,CALCULATED
2013-09-01T02:10:00Z,2013-09-01T08:11:08Z,,,,,,,,CALCULATED
2013-09-01T02:20:00Z,2013-09-01T08:21:08Z,,,,,,,,CALCULATED
2013-09-01T02:30:00Z,2013-09-01T08:31:08Z,,,,,,,,CALCULATED
2013-09-01T02:40:00Z,2013-09-01T08:41:08Z,,,,,,,,CALCULATED
2013-09-01T02:50:00Z,2013-09-01T08:51:08Z,,,,,,,,CALCULATED
2013-09-01T03:00:00Z,2013-09-01T09:01:08Z,,,,,,,,CALCULATED
2013-09-01T03:10:00Z,2013-09-01T09:11:08Z,,,,,,,,CALCULATED
2013-09-01T03:20:00Z,2013-09-01T09:21:08Z,,,,,,,,CALCULATED
2013-09-01T03:30:00Z,2013-09-01T09:31:08Z,,,,,,,,CALCULATED
2013-09-01T03:40:00Z,2013-09-01T09:41:08Z,,,,,,,,CALCULATED
2013-09-01T03:50:00Z,2013-09-01T09:51:08Z,,,,,,,,CALCULATED
2013-09-01T04:00:00Z,2013-09-01T10:01:08Z,,,,,,,,CALCULATED
2013-09-01T04:10:00Z,2013-09-01T10:11:08Z,,,,,,,,CALCULATED
2013-09-01T04:20:00Z,2013-09-01T10:21:08Z,,,,,,,,CALCULATED
2013-09-01T04:30:00Z,2013-09-01T10:31:08Z,,,,,,,,CALCULATED
2013-09-01T04:40:00Z,2013-09-01T10:41:08Z,,,,,,,,CALCULATED
2013-09-01T04:50:00Z,2013-09-01T10:51:08Z,,,,,,,,CALCULATED
2013-09-01T05:00:00Z,2013-09-01T11:01:08Z,,,,,,,,CALCULATED
2013-09-01T05:10:00Z,2013-09-01T11:11:08Z,,,,,,,,CALCULATED
2013-09-01T05:20:00Z,2013-09-01T11:21:08Z,,,,,,,,CALCULATED
2013-09-01T05:30:00Z,2013-09-01T11:31:08Z,,,,,,,,CALCULATED
2013-09-01T05:40:00Z,2013-09-01T11:41:08Z,,,,,,,,CALCULATED
2013-09-01T05:50:00Z,2013-09-01T11:51:08Z,,,,,,,,CALCULATED
2013-09-01T06:00:00Z,2013-09-01T12:01:08Z,,,,,,,,CALCULATED
2013-09-01T06:10:00Z,2013-09-01T12:11:08Z,,,,,,,,CALCULATED
2013-09-01T06:20:00Z,2013-09-01T12:21:08Z,,,,,,,,CALCULATED
2013-09-01T06:30:00Z,2013-09-01T12:31:08Z,,,,,,,,CALCULATED
2013-09-01T06:40:00Z,2013-09-01T12:41:08Z,,,,,,,,CALCULATED
2013-09-01T06:50:00Z,2013-09-01T12:51:08Z,,,,,,,,CALCULATED
2013-09-01T07:00:00Z,2013-09-01T13:01:08Z,,,,,,,,CALCULATED
2013-09-01T07:10:00Z,2013-09-01T13:11:08Z,,,,,,,,CALCULATED
2013-09-01T07:20:00Z,2013-09-01T13:21:08Z,,,,,,,,CALCULATED
2013-09-01T07:30:00Z,2013-09-01T13:31:08Z,,,,,,,,CALCULATED
2013-09-01T07:40:00Z,2013-09-01T13:41:08Z,,,,,,,,CALCULATED
2013-09-01T07:50:00Z,2013-09-01T13:51:08Z,,,,,,,,CALCULATED
2013-09-01T08:00:00Z,2013-09-01T14:01:08Z,,,,,,,,CALCULATED
2013-09-01T08:10:00Z,2013-09-01T14:11:08Z,,,,,,,,CALCULATED
2013-09-01T08:20:00Z,2013-09-01T14:21:08Z,,,,,,,,CALCULATED
2013-09-01T08:30:00Z,2013-09-01T14:31:08Z,,,,,,,,CALCULATED
2013-09-01T08:40:00Z,2013-09-01T14:41:08Z,,,,,,,,CALCULATED
2013-09-01T08:50:00Z,2013-09-01T14:51:08Z,,,,,,,,CALCULATED
2013-09-01T09:00:00Z,2013-09-01T15:01:08Z,,,,,,,,CALCULATED
2013-09-01T09:10:00Z,2013-09-01T15:11:08Z,,,,,,,,CALCULATED
2013-09-01T09:20:00Z,2013-09-01T15:21:08Z,,,,,,,,CALCULATED
2013-09-01T09:30:00Z,2013-09-01T15:31:08Z,,,,,,,,CALCULATED
2013-09-01T09:40:00Z,2013-09-01T15:41:08Z,,,,,,,,CALCULATED
2013-09-01T09:50:00Z,2013-09-01T15:51:08Z,,,,,,,,CALCULATED
2013-09-01T10:00:00Z,2013-09-01T16:01:08Z,,,,,,,,CALCULATED
2013-09-01T10:10:00Z,2013-09-01T16:11:08Z,,,,,,,,CALCULATED
2013-09-01T10:20:00Z,2013-09-01T16:21:08Z,,,,,,,,CALCULATED
2013-09-01T10:30:00Z,2013-09-01T16:31:08Z,,,,,,,,CALCULATED
2013-09-01T10:40:00Z,2013-09-01T16:41:08Z,,,,,,,,CALCULATED
2013-09-01T10:50:00Z,2013-09-01T16:51:08Z,,,,,,,,CALCULATED
2013-09-01T11:00:00Z,2013-09-01T17:01:08Z,,,,,,,,CALCULATED
2013-09-01T11:10:00Z,2013-09-01T17:11:08Z,,,,,,,,CALCULATED
2013-09-01T11:20:00Z,2013-09-01T17:21:08Z,,,,,,,,CALCULATED
2013-09-01T11:30:00Z,2013-09-01T17:31:08Z,,,,,,,,CALCULATED
2013-09-01T11:40:00Z,2013-09-01T17:41:08Z,,,,,,,,CALCULATED
2013-09-01T11:50:00Z,2013-09-01T17:51:08Z,,,,,,,,CALCULATED
2013-09-01T12:00:00Z,2013-09-01T18:01:08Z,,,,,,,,CALCULATED
2013-09-01T12:10:00Z,2013-09-01T18:11:08Z,,,,,,,,CALCULATED
2013-09-01T12:20:00Z,2013-09-01T18:21:08Z,,,,,,,,CALCULATED
2013-09-01T12:30:00Z,2013-09-01T18:31:08Z,,,,,,,,CALCULATED
2013-09-01T12:40:00Z,2013-09-01T18:41:08Z,,,,,,,,CALCULATED
2013-09-01T12:50:00Z,2013-09-01T18:51:08Z,,,,,,,,CALCULATED
2013-09-01T13:00:00Z,2013-09-01T19:01:08Z,,,,,,,,CALCULATED
2013-09-01T13:10:00Z,2013-09-01T19:11:08Z,,,,,,,,CALCULATED
2013-09-01T13:20:00Z,2013-09-01T19:21:08Z,,,,,,,,CALCULATED
2013-09-01T13:30:00Z,2013-09-01T19:31:08Z,,,,,,,,CALCULATED
2013-09-01T13:40:00Z,2013-09-01T19:41:08Z,,,,,,,,CALCULATED
2013-09-01T13:50:00Z,2013-09-01T19:51:08Z,,,,,,,,CALCULATED
2013-09-01T14:00:00Z,2013-09-01T20:01:08Z,,,,,,,,CALCULATED
2013-09-01T14:10:00Z,2013-09-01T20:11:08Z,,,,,,,,CALCULATED
2013-09-01T14:20:00Z,2013-09-01T20:21:08Z,,,,,,,,CALCULATED
2013-09-01T14:30:00Z,2013-09-01T20:31:08Z,,,,,,,,CALCULATED
2013-09-01T14:40:00Z,2013-09-01T20:41:08Z,,,,,,,,CALCULATED
2013-09-01T14:50:00Z,2013-09-01T20:51:08Z,,,,,,,,CALCULATED
2013-09-01T15:00:00Z,2013-09-01T21:01:08Z,,,,,,,,CALCULATED
2013-09-01T15:10:00Z,2013-09-01T21:11:08Z,,,,,,,,CALCULATED
2013-09-01T15:20:00Z,2013-09-01T21:21:08Z,,,,,,,,CALCULATED
2013-09-01T15:30:00Z,2013-09-01T21:31:08Z,,,,,,,,CALCULATED
2013-09-01T15:40:00Z,2013-09-01T21:41:08Z,,,,,,,,CALCULATED
2013-09-01T15:50:00Z,2013-09-01T21:51:08Z,,,,,,,,CALCULATED
2013-09-01T16:00:00Z,2013-09-01T22:01:08Z,,,,,,,,CALCULATED
2013-09-01T16:10:00Z,2013-09-01T22:11:08Z,,,,,,,,CALCULATED
2013-09-01T16:20:00Z,2013-09-01T22:21:08Z,,,,,,,,CALCULATED
2013-09-01T16:30:00Z,2013-09-01T22:31:08Z,,,,,,,,CALCULATED
2013-09-01T16:40:00Z,2013-09-01T22:41:08Z,,,,,,,,CALCULATED
2013-09-01T16:50:00Z,2013-09-01T22:51:08Z,,,,,,,,CALCULATED
2013-09-01T17:00:00Z,2013-09-01T23:01:08Z,,,,,,,,CALCULATED
2013-09-01T17:10:00Z,2013-09-01T23:11:08Z,,,,,,,,CALCULATED
2013-09-01T17:20:00Z,2013-09-01T23:21:08Z,,,,,,,,CALCULATED
2013-09-01T17:30:00Z,2013-09-01T23:31:08Z,,,,,,,,CALCULATED
2013-09-01T17:40:00Z,2013-09-01T23:41:08Z,,,,,,,,CALCULATED
2013-09-01T17:50:00Z,2013-09-01T23:51:08Z,,,,,,,,CALCULATED
2013-09-01T18:00:00Z,2013-09-02T00:01:08Z,,,,,,,,CALCULATED
2013-09-01T18:10:00Z,2013-09-02T00:11:28Z,,,,,,,,CALCULATED
2013-09-01T18:20:00Z,2013-09-02T00:21:28Z,,,,,,,,CALCULATED
2013-09-01T18:30:00Z,2013-09-02T00:31:28Z,,,,,,,,CALCULATED
2013-09-01T18:40:00Z,2013-09-02T00:41:28Z,,,,,,,,CALCULATED
2013-09-01T18:50:00Z,2013-09-02T00:51:28Z,,,,,,,,CALCULATED
2013-09-01T19:00:00Z,2013-09-02T01:01:28Z,,,,,,,,CALCULATED
2013-09-01T19:10:00Z,2013-09-02T01:11:28Z,,,,,,,,CALCULATED
2013-09-01T19:20:00Z,2013-09-02T01:21:28Z,,,,,,,,CALCULATED
2013-09-01T19:30:00Z,2013-09-02T01:31:28Z,,,,,,,,CALCULATED
2013-09-01T19:40:00Z,2013-09-02T01:41:28Z,,,,,,,,CALCULATED
2013-09-01T19:50:00Z,2013-09-02T01:51:28Z,,,,,,,,CALCULATED
2013-09-01T20:00:00Z,2013-09-02T02:01:28Z,,,,,,,,CALCULATED
2013-09-01T20:10:00Z,2013-09-02T02:11:28Z,,,,,,,,CALCULATED
2013-09-01T20:20:00Z,2013-09-02T02:21:28Z,,,,,,,,CALCULATED
2013-09-01T20:30:00Z,2013-09-02T02:31:28Z,,,,,,,,CALCULATED
2013-09-01T20:40:00Z,2013-09-02T02:41:28Z,,,,,,,,CALCULATED
2013-09-01T20:50:00Z,2013-09-02T02:51:28Z,,,,,,,,CALCULATED
2013-09-01T21:00:00Z,2013-09-02T03:01:28Z,,,,,,,,CALCULATED
2013-09-01T21:10:00Z,2013-09-02T03:11:28Z,,,,,,,,CALCULATED
2013-09-01T21:20:00Z,2013-09-02T03:21:28Z,,,,,,,,CALCULATED
2013-09-01T21:30:00Z,2013-09-02T03:31:28Z,,,,,,,,CALCULATED
2013-09-01T21:40:00Z,2013-09-02T03:41:28Z,,,,,,,,CALCULATED
2013-09-01T21:50:00Z,2013-09-02T03:51:28Z,,,,,,,,CALCULATED
2013-09-01T22:00:00Z,2013-09-02T04:01:28Z,,,,,,,,CALCULATED
2013-09-01T22:10:00Z,2013-09-02T04:11:28Z,,,,,,,,CALCULATED
2013-09-01T22:20:00Z,2013-09-02T04:21:28Z,,,,,,,,CALCULATED
2013-09-01T22:30:00Z,2013-09-02T04:31:28Z,,,,,,,,CALCULATED
2013-09-01T22:40:00Z,2013-09-02T04:41:28Z,,,,,,,,CALCULATED
2013-09-01T22:50:00Z,2013-09-02T04:51:28Z,,,,,,,,CALCULATED
2013-09-01T23:00:00Z,2013-09-02T05:01:28Z,,,,,,,,CALCULATED
2013-09-01T23:10:00Z,2013-09-02T05:11:28Z,,,,,,,,CALCULATED
2013-09-01T23:20:00Z,2013-09-02T05:21:28Z,,,,,,,,CALCULATED
2013-09-01T23:30:00Z,2013-09-02T05:31:28Z,,,,,,,,CALCULATED
2013-09-01T23:40:00Z,2013-09-02T05:41:28Z,,,,,,,,CALCULATED
2013-09-01T23:50:00Z,2013-09-02T05:51:28Z,,,,,,,,CALCULATED
2013-09-02T00:00:00Z,2013-09-02T06:01:28Z,,,,,,,,CALCULATED
2013-09-02T00:10:00Z,2013-09-02T06:11:28Z,,,,,,,,CALCULATED
2013-09-02T00:20:00Z,2013-09-02T06:21:28Z,,,,,,,,CALCULATED
2013-09-02T00:30:00Z,2013-09-02T06:31:28Z,,,,,,,,CALCULATED
2013-09-02T00:40:00Z,2013-09-02T06:41:28Z,,,,,,,,CALCULATED
2013-09-02T00:50:00Z,2013-09-02T06:51:28Z,,,,,,,,CALCULATED
2013-09-02T01:00:00Z,2013-09-02T07:01:28Z,,,,,,,,CALCULATED
2013-09-02T01:10:00Z,2013-09-02T07:11:28Z,,,,,,,,CALCULATED
2013-09-02T01:20:00Z,2013-09-02T07:21:28Z,,,,,,,,CALCULATED
2013-09-02T01:30:00Z,2013-09-02T07:31:28Z,,,,,,,,CALCULATED
2013-09-02T01:40:00Z,2013-09-02T07:41:28Z,,,,,,,,CALCULATED
2013-09-02T01:50:00Z,2013-09-02T07:51:28Z,,,,,,,,CALCULATED
2013-09-02T02:00:00Z,2013-09-02T08:01:28Z,,,,,,,,CALCULATED
2013-09-02T02:10:00Z,2013-09-02T08:11:28Z,,,,,,,,CALCULATED
2013-09-02T02:20:00Z,2013-09-02T08:21:28Z,,,,,,,,CALCULATED
2013-09-02T02:30:00Z,2013-09-02T08:31:28Z,,,,,,,,CALCULATED
2013-09-02T02:40:00Z,2013-09-02T08:41:28Z,,,,,,,,CALCULATED
2013-09-02T02:50:00Z,2013-09-02T08:51:28Z,,,,,,,,CALCULATED
2013-09-02T03:00:00Z,2013-09-02T09:01:28Z,,,,,,,,CALCULATED
2013-09-02T03:10:00Z,2013-09-02T09:11:28Z,,,,,,,,CALCULATED
2013-09-02T03:20:00Z,2013-09-02T09:21:28Z,,,,,,,,CALCULATED
2013-09-02T03:30:00Z,2013-09-02T09:31:28Z,,,,,,,,CALCULATED
2013-09-02T03:40:00Z,2013-09-02T09:41:28Z,,,,,,,,CALCULATED
2013-09-02T03:50:00Z,2013-09-02T09:51:28Z,,,,,,,,CALCULATED
2013-09-02T04:00:00Z,2013-09-02T10:01:28Z,,,,,,,,CALCULATED
2013-09-02T04:10:00Z,2013-09-02T10:11:28Z,,,,,,,,CALCULATED
2013-09-02T04:20:00Z,2013-09-02T10:21:28Z,,,,,,,,CALCULATED
2013-09-02T04:30:00Z,2013-09-02T10:31:28Z,,,,,,,,CALCULATED
2013-09-02T04:40:00Z,2013-09-02T10:41:28Z,,,,,,,,CALCULATED
2013-09-02T04:50:00Z,2013-09-02T10:51:28Z,,,,,,,,CALCULATED
2013-09-02T05:00:00Z,2013-09-02T11:01:28Z,,,,,,,,CALCULATED
2013-09-02T05:10:00Z,2013-09-02T11:11:28Z,,,,,,,,CALCULATED
2013-09-02T05:20:00Z,2013-09-02T11:21:28Z,,,,,,,,CALCULATED
2013-09-02T05:30:00Z,2013-09-02T11:31:28Z,,,,,,,,CALCULATED
2013-09-02T05:40:00Z,2013-09-02T11:41:28Z,,,,,,,,CALCULATED
2013-09-02T05:50:00Z,2013-09-02T11:51:28Z,,,,,,,,CALCULATED
2013-09-02T06:00:00Z,2013-09-02T12:01:28Z,,,,,,,,CALCULATED
2013-09-02T06:10:00Z,2013-09-02T12:11:28Z,,,,,,,,CALCULATED
2013-09-02T06:20:00Z,2013-09-02T12:21:28Z,,,,,,,,CALCULATED
2013-09-02T06:30:00Z,2013-09-02T12:31:28Z,,,,,,,,CALCULATED
2013-09-02T06:40:00Z,2013-09-02T12:41:28Z,,,,,,,,CALCULATED
2013-09-02T06:50:00Z,2013-09-02T12:51:28Z,,,,,,,,CALCULATED
2013-09-02T07:00:00Z,2013-09-02T13:01:28Z,,,,,,,,CALCULATED
2013-09-02T07:10:00Z,2013-09-02T13:11:28Z,,,,,,,,CALCULATED
2013-09-02T07:20:00Z,2013-09-02T13:21:28Z,,,,,,,,CALCULATED
2013-09-02T07:30:00Z,2013-09-02T13:31:28Z,,,,,,,,CALCULATED
2013-09-02T07:40:00Z,2013-09-02T13:41:28Z,,,,,,,,CALCULATED
2013-09-02T07:50:00Z,2013-09-02T13:51:28Z,,,,,,,,CALCULATED
2013-09-02T08:00:00Z,2013-09-02T14:01:28Z,,,,,,,,CALCULATED
2013-09-02T08:10:00Z,2013-09-02T14:11:28Z,,RANGE_WARN,,,,,,CALCULATED
2013-09-02T08:20:00Z,2013-09-02T14:21:28Z,,,,,,,,CALCULATED
2013-09-02T08:30:00Z,2013-09-02T14:31:28Z,,,,,,,,CALCULATED
2013-09-02T08:40:00Z,2013-09-02T14:41:28Z,,,,,,,,CALCULATED
2013-09-02T08:50:00Z,2013-09-02T14:51:28Z,,,,,,,,CALCULATED
2013-09-02T09:00:00Z,2013-09-02T15:01:28Z,,,,,,,,CALCULATED
2013-09-02T09:10:00Z,2013-09-02T15:11:28Z,,,,,,,,CALCULATED
2013-09-02T09:20:00Z,2013-09-02T15:21:28Z,,,,,,,,CALCULATED
2013-09-02T09:30:00Z,2013-09-02T15:31:28Z,,,,,,,,CALCULATED
2013-09-02T09:40:00Z,2013-09-02T15:41:28Z,,,,,,,,CALCULATED
2013-09-02T09:50:00Z,2013-09-02T15:51:28Z,,,,,,,,CALCULATED
2013-09-02T10:00:00Z,2013-09-02T16:01:28Z,,,,,,,,CALCULATED
2013-09-02T10:10:00Z,2013-09-02T16:11:28Z,,,,,,,,CALCULATED
2013-09-02T10:20:00Z,2013-09-02T16:21:28Z,,,,,,,,CALCULATED
2013-09-02T10:30:00Z,2013-09-02T16:31:28Z,,,,,,,,CALCULATED
2013-09-02T10:40:00Z,2013-09-02T16:41:28Z,,,,,,,,CALCULATED
2013-09-02T10:50:00Z,2013-09-02T16:51:28Z,,,,,,,,CALCULATED
2013-09-02T11:00:00Z,2013-09-02T17:01:28Z,,,,,,,,CALCULATED
2013-09-02T11:10:00Z,2013-09-02T17:11:28Z,,,,,,,,CALCULATED
2013-09-02T11:20:00Z,2013-09-02T17:21:28Z,,,,,,,,CALCULATED
2013-09-02T11:30:00Z,2013-09-02T17:31:28Z,,,,,,,,CALCULATED
2013-09-02T11:40:00Z,2013-09-02T17:41:28Z,,,,,,,,CALCULATED
2013-09-02T11:50:00Z,2013-09-02T17:51:28Z,,,,,,,,CALCULATED
2013-09-02T12:00:00Z,2013-09-02T18:01:28Z,,,,,,,,CALCULATED
2013-09-02T12:10:00Z,2013-09-02T18:11:28Z,,,,,,,,CALCULATED
2013-09-02T12:20:00Z,2013-09-02T18:21:28Z,,,,,,,,CALCULATED
2013-09-02T12:30:00Z,2013-09-02T18:31:28Z,,,,,,,,CALCULATED
2013-09-02T12:40:00Z,2013-09-02T18:41:28Z,,,,,,,,CALCULATED
2013-09-02T12:50:00Z,2013-09-02T18:51:28Z,,,,,,,,CALCULATED
2013-09-02T13:00:00Z,2013-09-02T19:01:28Z,,,,,,,,CALCULATED
2013-09-02T13:10:00Z,2013-09-02T19:11:28Z,,,,,,,,CALCULATED
2013-09-02T13:20:00Z,2013-09-02T19:21:28Z,,,,,,,,CALCULATED
2013-09-02T13:30:00Z,2013-09-02T19:31:28Z,,,,,,,,CALCULATED
2013-09-02T13:40:00Z,2013-09-02T19:41:28Z,,,,,,,,CALCULATED
2013-09-02T13:50:00Z,2013-09-02T19:51:28Z,,,,,,,,CALCULATED
2013-09-02T14:00:00Z,2013-09-02T20:01:28Z,,,,,,,,CALCULATED
2013-09-02T14:10:00Z,2013-09-02T20:11:28Z,,,,,,,,CALCULATED
2013-09-02T14:20:00Z,2013-09-02T20:21:28Z,,,,,,,,CALCULATED
2013-09-02T14:30:00Z,2013-09-02T20:31:28Z,,,,,,,,CALCULATED
2013-09-02T14:40:00Z,2013-09-02T20:41:28Z,,,,,,,,CALCULATED
2013-09-02T14:50:00Z,2013-09-02T20:51:28Z,,,,,,,,CALCULATED
2013-09-02T15:00:00Z,2013-09-02T21:01:28Z,,,,,,,,CALCULATED
2013-09-02T15:10:00Z,2013-09-02T21:11:28Z,,,,,,,,CALCULATED
2013-09-02T15:20:00Z,2013-09-02T21:21:28Z,,,,,,,,CALCULATED
2013-09-02T15:30:00Z,2013-09-02T21:31:28Z,,,,,,,,CALCULATED
2013-09-02T15:40:00Z,2013-09-02T21:41:28Z,,,,,,,,CALCULATED
2013-09-02T15:50:00Z,2013-09-02T21:51:28Z,,,,,,,,CALCULATED
2013-09-02T16:00:00Z,2013-09-02T22:01:28Z,,,,,,,,CALCULATED
2013-09-02T16:10:00Z,2013-09-02T22:11:28Z,,,,,,,,CALCULATED
2013-09-02T16:20:00Z,2013-09-02T22:21:28Z,,,,,,,,CALCULATED
2013-09-02T16:30:00Z,2013-09-02T22:31:28Z,,,,,,OUT_WARN,,CALCULATED
2013-09-02T16:40:00Z,2013-09-02T22:41:28Z,,,,,,OUT_WARN,,CALCULATED
2013-09-02T16:50:00Z,2013-09-02T22:51:28Z,,,,,,OUT_WARN,,CALCULATED
2013-09-02T17:00:00Z,2013-09-02T23:01:28Z,,,,,,,,CALCULATED
2013-09-02T17:10:00Z,2013-09-02T23:11:28Z,,,,,,,,CALCULATED
2013-09-02T17:20:00Z,2013-09-02T23:21:28Z,,,,,,,,CALCULATED
2013-09-02T17:30:00Z,2013-09-02T23:31:28Z,,,,,,,,CALCULATED
2013-09-02T17:40:00Z,2013-09-02T23:41:28Z,,,,,,,,CALCULATED
2013-09-02T17:50:00Z,2013-09-02T23:51:28Z,,,,,,,,CALCULATED
2013-09-02T18:00:00Z,2013-09-03T00:01:28Z,,,,,,,,CALCULATED
2013-09-02T18:10:00Z,2013-09-03T00:11:49Z,,,,,,,,CALCULATED
2013-09-02T18:20:00Z,2013-09-03T00:21:49Z,,,,,,,,CALCULATED
2013-09-02T18:30:00Z,2013-09-03T00:31:49Z,,,,,,,,CALCULATED
2013-09-02T18:40:00Z,2013-09-03T00:41:49Z,,,,,,,,CALCULATED
2013-09-02T18:50:00Z,2013-09-03T00:51:49Z,,,,,,,,CALCULATED
2013-09-02T19:00:00Z,2013-09-03T01:01:49Z,,,,,,,,CALCULATED
2013-09-02T19:10:00Z,2013-09-03T01:11:49Z,,,,,,,,CALCULATED
2013-09-02T19:20:00Z,2013-09-03T01:21:49Z,,,,,,,,CALCULATED
2013-09-02T19:30:00Z,2013-09-03T01:31:49Z,,,,,,,,CALCULATED
2013-09-02T19:40:00Z,2013-09-03T01:41:49Z,,,,,,,,CALCULATED
2013-09-02T19:50:00Z,2013-09-03T01:51:49Z,,,,,,,,CALCULATED
2013-09-02T20:00:00Z,2013-09-03T02:01:49Z,,,,,,,,CALCULATED
2013-09-02T20:10:00Z,2013-09-03T02:11:49Z,,,,,,,,CALCULATED
2013-09-02T20:20:00Z,2013-09-03T02:21:49Z,,,,,,,,CALCULATED
2013-09-02T20:30:00Z,2013-09-03T02:31:49Z,,,,,,,,CALCULATED
2013-09-02T20:40:00Z,2013-09-03T02:41:49Z,,,,,,,,CALCULATED
2013-09-02T20:50:00Z,2013-09-03T02:51:49Z,,,,,,,,CALCULATED
2013-09-02T21:00:00Z,2013-09-03T03:01:49Z,,,,,,,,CALCULATED
2013-09-02T21:10:00Z,2013-09-03T03:11:49Z,,,,,,,,CALCULATED
2013-09-02T21:20:00Z,2013-09-03T03:21:49Z,,,,,,,,CALCULATED
2013-09-02T21:30:00Z,2013-09-03T03:31:49Z,,,,,,,,CALCULATED
2013-09-02T21:40:00Z,2013-09-03T03:41:49Z,,,,,,,,CALCULATED
2013-09-02T21:50:00Z,2013-09-03T03:51:49Z,,,,,,,,CALCULATED
2013-09-02T22:00:00Z,2013-09-03T04:01:49Z,,,,,,,,CALCULATED
2013-09-02T22:10:00Z,2013-09-03T04:11:49Z,,,,,,,,CALCULATED
2013-09-02T22:20:00Z,2013-09-03T04:21:49Z,,,,,,,,CALCULATED
2013-09-02T22:30:00Z,2013-09-03T04:31:49Z,,,,,,,,CALCULATED
2013-09-02T22:40:00Z,2013-09-03T04:41:49Z,,,,,,,,CALCULATED
2013-09-02T22:50:00Z,2013-09-03T04:51:49Z,,,,,,,,CALCULATED
2013-09-02T23:00:00Z,2013-09-03T05:01:49Z,,,,,,,,CALCULATED
2013-09-02T23:10:00Z,2013-09-03T05:11:49Z,,,,,,,,CALCULATED
2013-09-02T23:20:00Z,2013-09-03T05:21:49Z,,,,,,,,CALCULATED
2013-09-02T23:30:00Z,2013-09-03T05:31:49Z,,,,,,,,CALCULATED
2013-09-02T23:40:00Z,2013-09-03T05:41:49Z,,,,,,,,CALCULATED
2013-09-02T23:50:00Z,2013-09-03T05:51:49Z,,,,,,,,CALCULATED
2013-09-03T00:00:00Z,2013-09-03T06:01:49Z,,,,,,,,CALCULATED
2013-09-03T00:10:00Z,2013-09-03T06:11:49Z,,,,,,,,CALCULATED
2013-09-03T00:20:00Z,2013-09-03T06:21:49Z,,,,,,,,CALCULATED
2013-09-03T00:30:00Z,2013-09-03T06:31:49Z,,,,,,,,CALCULATED
2013-09-03T00:40:00Z,2013-09-03T06:41:49Z,,,,,,,,CALCULATED
2013-09-03T00:50:00Z,2013-09-03T06:51:49Z,,,,,,,,CALCULATED
2013-09-03T01:00:00Z,2013-09-03T07:01:49Z,,,,,,,,CALCULATED
2013-09-03T01:10:00Z,2013-09-03T07:11:49Z,,,,,,,,CALCULATED
2013-09-03T01:20:00Z,2013-09-03T07:21:49Z,,,,,,,,CALCULATED
2013-09-03T01:30:00Z,2013-09-03T07:31:49Z,,,,,,,,CALCULATED
2013-09-03T01:40:00Z,2013-09-03T07:41:49Z,,,,,,,,CALCULATED
2013-09-03T01:50:00Z,2013-09-03T07:51:49Z,,,,,,,,CALCULATED
2013-09-03T02:00:00Z,2013-09-03T08:01:49Z,,,,,,,,CALCULATED
2013-09-03T02:10:00Z,2013-09-03T08:11:49Z,,,,,,,,CALCULATED
2013-09-03T02:20:00Z,2013-09-03T08:21:49Z,,,,,,,,CALCULATED
2013-09-03T02:30:00Z,2013-09-03T08:31:49Z,,,,,,,,CALCULATED
2013-09-03T02:40:00Z,2013-09-03T08:41:49Z,,,,,,,,CALCULATED
2013-09-03T02:50:00Z,2013-09-03T08:51:49Z,,,,,,,,CALCULATED
2013-09-03T03:00:00Z,2013-09-03T09:01:49Z,,,,,,,,CALCULATED
2013-09-03T03:10:00Z,2013-09-03T09:11:49Z,,,,,,,,CALCULATED
2013-09-03T03:20:00Z,2013-09-03T09:21:49Z,,,,,,,,CALCULATED
2013-09-03T03:30:00Z,2013-09-03T09:31:49Z,,,,,,,,CALCULATED
2013-09-03T03:40:00Z,2013-09-03T09:41:49Z,,,,,,,,CALCULATED
2013-09-03T03:50:00Z,2013-09-03T09:51:49Z,,,,,,,,CALCULATED
2013-09-03T04:00:00Z,2013-09-03T10:01:49Z,,,,,,,,CALCULATED
2013-09-03T04:10:00Z,2013-09-03T10:11:49Z,,,,,,,,CALCULATED
2013-09-03T04:20:00Z,2013-09-03T10:21:49Z,,,,,,,,CALCULATED
2013-09-03T04:30:00Z,2013-09-03T10:31:49Z,,,,,,,,CALCULATED
2013-09-03T04:40:00Z,2013-09-03T10:41:49Z,,,,,,,,CALCULATED
2013-09-03T04:50:00Z,2013-09-03T10:51:49Z,,,,,,,,CALCULATED
2013-09-03T05:00:00Z,2013-09-03T11:01:49Z,,,,,,,,CALCULATED
2013-09-03T05:10:00Z,2013-09-03T11:11:49Z,,,,,,,,CALCULATED
2013-09-03T05:20:00Z,2013-09-03T11:21:49Z,,,,,,,,CALCULATED
2013-09-03T05:30:00Z,2013-09-03T11:31:49Z,,,,,,,,CALCULATED
2013-09-03T05:40:00Z,2013-09-03T11:41:49Z,,,,,,,,CALCULATED
2013-09-03T05:50:00Z,2013-09-03T11:51:49Z,,RANGE_WARN,,,,,,CALCULATED
2013-09-03T06:00:00Z,2013-09-03T12:01:49Z,,,,,,,,CALCULATED
2013-09-03T06:10:00Z,2013-09-03T12:11:49Z,,,,,,,,CALCULATED
2013-09-03T06:20:00Z,2013-09-03T12:21:49Z,,,,,,,,CALCULATED
2013-09-03T06:30:00Z,2013-09-03T12:31:49Z,,,,,,,,CALCULATED
2013-09-03T06:40:00Z,2013-09-03T12:41:49Z,,,,,,,,CALCULATED
2013-09-03T06:50:00Z,2013-09-03T12:51:49Z,,,,,,,,CALCULATED
2013-09-03T07:00:00Z,2013-09-03T13:01:49Z,,RANGE_WARN,,,,,,CALCULATED
2013-09-03T07:10:00Z,2013-09-03T13:11:49Z,,,,,,,,CALCULATED
2013-09-03T07:20:00Z,2013-09-03T13:21:49Z,,RANGE_WARN,,,,,,CALCULATED
2013-09-03T07:30:00Z,2013-09-03T13:31:49Z,,,,,,,,CALCULATED
2013-09-03T07:40:00Z,2013-09-03T13:41:49Z,,RANGE_WARN,,,,,,CALCULATED
2013-09-03T07:50:00Z,2013-09-03T13:51:49Z,,RANGE_WARN,,,,,,CALCULATED
2013-09-03T08:00:00Z,2013-09-03T14:01:49Z,,RANGE_WARN,,,,,,CALCULATED
2013-09-03T08:10:00Z,2013-09-03T14:11:49Z,,,,,,,,CALCULATED
2013-09-03T08:20:00Z,2013-09-03T14:21:49Z,,RANGE_WARN,,,,,,CALCULATED
2013-09-03T08:30:00Z,2013-09-03T14:31:49Z,,RANGE_WARN,,,,,,CALCULATED
2013-09-03T08:40:00Z,2013-09-03T14:41:49Z,,RANGE_WARN,,,,,,CALCULATED
2013-09-03T08:50:00Z,2013-09-03T14:51:49Z,,RANGE_WARN,,,,,,CALCULATED
2013-09-03T09:00:00Z,2013-09-03T15:01:49Z,,,,,,,,CALCULATED
2013-09-03T09:10:00Z,2013-09-03T15:11:49Z,,,,,,,,CALCULATED
2013-09-03T09:20:00Z,2013-09-03T15:21:49Z,,RANGE_WARN,,,,,,CALCULATED
2013-09-03T09:30:00Z,2013-09-03T15:31:49Z,,RANGE_WARN,,,,,,CALCULATED
2013-09-03T09:40:00Z,2013-09-03T15:41:49Z,,,,,,,,CALCULATED
2013-09-03T09:50:00Z,2013-09-03T15:51:49Z,,,,,,,,CALCULATED
2013-09-03T10:00:00Z,2013-09-03T16:01:49Z,,RANGE_WARN,,,,,,CALCULATED
2013-09-03T10:10:00Z,2013-09-03T16:11:49Z,,,,,,,,CALCULATED
2013-09-03T10:20:00Z,2013-09-03T16:21:49Z,,,,,,,,CALCULATED
2013-09-03T10:30:00Z,2013-09-03T16:31:49Z,,,,,,,,CALCULATED
2013-09-03T10:40:00Z,2013-09-03T16:41:49Z,,,,,,,,CALCULATED
2013-09-03T10:50:00Z,2013-09-03T16:51:49Z,,,,,,,,CALCULATED
2013-09-03T11:00:00Z,2013-09-03T17:01:49Z,,,,,,,,CALCULATED
2013-09-03T11:10:00Z,2013-09-03T17:11:49Z,,,,,,,,CALCULATED
2013-09-03T11:20:00Z,2013-09-03T17:21:49Z,,,,,,,,CALCULATED
2013-09-03T11:30:00Z,2013-09-03T17:31:49Z,,,,,,,,CALCULATED
2013-09-03T11:40:00Z,2013-09-03T17:41:49Z,,,,,,,,CALCULATED
2013-09-03T11:50:00Z,2013-09-03T17:51:49Z,,,,,,OUT_WARN,,CALCULATED
2013-09-03T12:00:00Z,2013-09-03T18:01:49Z,,,,,,,,CALCULATED
2013-09-03T12:10:00Z,2013-09-03T18:11:49Z,,,,,,,,CALCULATED
2013-09-03T12:20:00Z,2013-09-03T18:21:49Z,,,,,,,,CALCULATED
2013-09-03T12:30:00Z,2013-09-03T18:31:49Z,,,,,,,,CALCULATED
2013-09-03T12:40:00Z,2013-09-03T18:41:49Z,,,,,,,,CALCULATED
2013-09-03T12:50:00Z,2013-09-03T18:51:49Z,,,,,,,,CALCULATED
2013-09-03T13:00:00Z,2013-09-03T19:01:49Z,,,,,,,,CALCULATED
2013-09-03T13:10:00Z,2013-09-03T19:11:49Z,,,,,,,,CALCULATED
2013-09-03T13:20:00Z,2013-09-03T19:21:49Z,,,,,,,,CALCULATED
2013-09-03T13:30:00Z,2013-09-03T19:31:49Z,,,,,,,,CALCULATED
2013-09-03T13:40:00Z,2013-09-03T19:41:49Z,,,,,,,,CALCULATED
2013-09-03T13:50:00Z,2013-09-03T19:51:49Z,,,,,,,,CALCULATED
2013-09-03T14:00:00Z,2013-09-03T20:01:49Z,,,,,,,,CALCULATED
2013-09-03T14:10:00Z,2013-09-03T20:11:49Z,,,,,,,,CALCULATED
2013-09-03T14:20:00Z,2013-09-03T20:21:49Z,,,,,,,,CALCULATED
2013-09-03T14:30:00Z,2013-09-03T20:31:49Z,,,,,,,,CALCULATED
2013-09-03T14:40:00Z,2013-09-03T20:41:49Z,,,,,,,,CALCULATED
2013-09-03T14:50:00Z,2013-09-03T20:51:49Z,,,,,,,,CALCULATED
2013-09-03T15:00:00Z,2013-09-03T21:01:49Z,,,,,,,,CALCULATED
2013-09-03T15:10:00Z,2013-09-03T21:11:49Z,,,,,,,,CALCULATED
2013-09-03T15:20:00Z,2013-09-03T21:21:49Z,,,,,,,,CALCULATED
2013-09-03T15:30:00Z,2013-09-03T21:31:49Z,,,,,,,,CALCULATED
2013-09-03T15:40:00Z,2013-09-03T21:41:49Z,,,,,,,,CALCULATED
2013-09-03T15:50:00Z,2013-09-03T21:51:49Z,,,,,,,,CALCULATED
2013-09-03T16:00:00Z,2013-09-03T22:01:49Z,,,,,,,,CALCULATED
2013-09-03T16:10:00Z,2013-09-03T22:11:49Z,,,,,,,,CALCULATED
2013-09-03T16:20:00Z,2013-09-03T22:21:49Z,,,,,,,,CALCULATED
2013-09-03T16:30:00Z,2013-09-03T22:31:49Z,,,,,,,,CALCULATED
2013-09-03T16:40:00Z,2013-09-03T22:41:49Z,,,,,,,,CALCULATED
2013-09-03T16:50:00Z,2013-09-03T22:51:49Z,,,,,,,,CALCULATED
2013-09-03T17:00:00Z,2013-09-03T23:01:49Z,,,,,,,,CALCULATED
2013-09-03T17:10:00Z,2013-09-03T23:11:49Z,,,,,,,,CALCULATED
2013-09-03T17:20:00Z,2013-09-03T23:21:49Z,,,,,,,,CALCULATED
2013-09-03T17:30:00Z,2013-09-03T23:31:49Z,,,,,,,,CALCULATED
2013-09-03T17:40:00Z,2013-09-03T23:41:49Z,,,,,,,,CALCULATED
2013-09-03T17:50:00Z,2013-09-03T23:51:49Z,,,,,,,,CALCULATED
2013-09-03T18:00:00Z,2013-09-04T00:01:49Z,,,,,,,,CALCULATED
2013-09-03T18:10:00Z,2013-09-04T00:12:10Z,,,,,,,,CALCULATED
2013-09-03T18:20:00Z,2013-09-04T00:22:10Z,,,,,,,,CALCULATED
2013-09-03T18:30:00Z,2013-09-04T00:32:10Z,,,,,,,,CALCULATED
2013-09-03T18:40:00Z,2013-09-04T00:42:10Z,,,,,,,,CALCULATED
2013-09-03T18:50:00Z,2013-09-04T00:52:10Z,,,,,,,,CALCULATED
2013-09-03T19:00:00Z,2013-09-04T01:02:10Z,,,,,,,,CALCULATED
2013-09-03T19:10:00Z,2013-09-04T01:12:10Z,,,,,,,,CALCULATED
2013-09-03T19:20:00Z,2013-09-04T01:22:10Z,,,,,,,,CALCULATED
2013-09-03T19:30:00Z,2013-09-04T01:32:10Z,,,,,,,,CALCULATED
2013-09-03T19:40:00Z,2013-09-04T01:42:10Z,,,,,,,,CALCULATED
2013-09-03T19:50:00Z,2013-09-04T01:52:10Z,,,,,,,,CALCULATED
2013-09-03T20:00:00Z,2013-09-04T02:02:10Z,,,,,,,,CALCULATED
2013-09-03T20:10:00Z,2013-09-04T02:12:10Z,,,,,,,,CALCULATED
2013-09-03T20:20:00Z,2013-09-04T02:22:10Z,,,,,,,,CALCULATED
2013-09-03T20:30:00Z,2013-09-04T02:32:10Z,,,,,,OUT_WARN,,CALCULATED
2013-09-03T20:40:00Z,2013-09-04T02:42:10Z,,,,,,OUT_WARN,,CALCULATED
2013-09-03T20:50:00Z,2013-09-04T02:52:10Z,,,,,,,,CALCULATED
2013-09-03T21:00:00Z,2013-09-04T03:02:10Z,,,,,,,,CALCULATED
2013-09-03T21:10:00Z,2013-09-04T03:12:10Z,,,,,,,,CALCULATED
2013-09-03T21:20:00Z,2013-09-04T03:22:10Z,,,,,,,,CALCULATED
2013-09-03T21:30:00Z,2013-09-04T03:32:10Z,,,,,,,,CALCULATED
2013-09-03T21:40:00Z,2013-09-04T03:42:10Z,,,,,,,,CALCULATED
2013-09-03T21:50:00Z,2013-09-04T03:52:10Z,,,,,,,,CALCULATED
2013-09-03T22:00:00Z,2013-09-04T04:02:10Z,,,,,,,,CALCULATED
2013-09-03T22:10:00Z,2013-09-04T04:12:10Z,,,,,,,,CALCULATED
2013-09-03T22:20:00Z,2013-09-04T04:22:10Z,,,,,,,,CALCULATED
2013-09-03T22:30:00Z,2013-09-04T04:32:10Z,,,,,,,,CALCULATED
2013-09-03T22:40:00Z,2013-09-04T04:42:10Z,,,,,,,,CALCULATED
2013-09-03T22:50:00Z,2013-09-04T04:52:10Z,,,,,,,,CALCULATED
2013-09-03T23:00:00Z,2013-09-04T05:02:10Z,,,,,,,,CALCULATED
2013-09-03T23:10:00Z,2013-09-04T05:12:10Z,,,,,,,,CALCULATED
2013-09-03T23:20:00Z,2013-09-04T05:22:10Z,,,,,,,,CALCULATED
2013-09-03T23:30:00Z,2013-09-04T05:32:10Z,,,,,,,,CALCULATED
2013-09-03T23:40:00Z,2013-09-04T05:42:10Z,,,,,,,,CALCULATED
2013-09-03T23:50:00Z,2013-09-04T05:52:10Z,,,,,,,,CALCULATED
2013-09-04T00:00:00Z,2013-09-04T06:02:10Z,,,,,,,,CALCULATED
2013-09-04T00:10:00Z,2013-09-04T06:12:10Z,,,,,,,,CALCULATED
2013-09-04T00:20:00Z,2013-09-04T06:22:10Z,,,,,,,,CALCULATED
2013-09-04T00:30:00Z,2013-09-04T06:32:10Z,,,,,,,,CALCULATED
2013-09-04T00:40:00Z,2013-09-04T06:42:10Z,,,,,,,,CALCULATED
2013-09-04T00:50:00Z,2013-09-04T06:52:10Z,,,,,,,,CALCULATED
2013-09-04T01:00:00Z,2013-09-04T07:02:10Z,,,,,,,,CALCULATED
2013-09-04T01:10:00Z,2013-09-04T07:12:10Z,,,,,,,,CALCULATED
2013-09-04T01:20:00Z,2013-09-04T07:22:10Z,,,,,,,,CALCULATED
2013-09-04T01:30:00Z,2013-09-04T07:32:10Z,,,,,,,,CALCULATED
2013-09-04T01:40:00Z,2013-09-04T07:42:10Z,,,,,,,,CALCULATED
2013-09-04T01:50:00Z,2013-09-04T07:52:10Z,,,,,,,,CALCULATED
2013-09-04T02:00:00Z,2013-09-04T08:02:10Z,,,,,,,,CALCULATED
2013-09-04T02:10:00Z,2013-09-04T08:12:10Z,,,,,,OUT_WARN,,CALCULATED
2013-09-04T02:20:00Z,2013-09-04T08:22:10Z,,,,,,,,CALCULATED
2013-09-04T02:30:00Z,2013-09-04T08:32:10Z,,,,,,,,CALCULATED
2013-09-04T02:40:00Z,2013-09-04T08:42:10Z,,,,,,,,CALCULATED
2013-09-04T02:50:00Z,2013-09-04T08:52:10Z,,,,,,,,CALCULATED
2013-09-04T03:00:00Z,2013-09-04T09:02:10Z,,,,,,,,CALCULATED
2013-09-04T03:10:00Z,2013-09-04T09:12:10Z,,,,,,,,CALCULATED
2013-09-04T03:20:00Z,2013-09-04T09:22:10Z,,,,,,,,CALCULATED
2013-09-04T03:30:00Z,2013-09-04T09:32:10Z,,,,,,,,CALCULATED
2013-09-04T03:40:00Z,2013-09-04T09:42:10Z,,,,,,,,CALCULATED
2013-09-04T03:50:00Z,2013-09-04T09:52:10Z,,,,,,,,CALCULATED
2013-09-04T04:00:00Z,2013-09-04T10:02:10Z,,,,,,,,CALCULATED
2013-09-04T04:10:00Z,2013-09-04T10:12:10Z,,,,,,,,CALCULATED
2013-09-04T04:20:00Z,2013-09-04T10:22:10Z,,,,,,,,CALCULATED
2013-09-04T04:30:00Z,2013-09-04T10:32:10Z,,,,,,,,CALCULATED
2013-09-04T04:40:00Z,2013-09-04T10:42:10Z,,,,,,,,CALCULATED
2013-09-04T04:50:00Z,2013-09-04T10:52:10Z,,,,,,,,CALCULATED
2013-09-04T05:00:00Z,2013-09-04T11:02:10Z,,RANGE_WARN,,,,,,CALCULATED
2013-09-04T05:10:00Z,2013-09-04T11:12:10Z,,RANGE_WARN,,,,,,CALCULATED
2013-09-04T05:20:00Z,2013-09-04T11:22:10Z,,RANGE_WARN,,,,,,CALCULATED
2013-09-04T05:30:00Z,2013-09-04T11:32:10Z,,RANGE_WARN,,,,,,CALCULATED
2013-09-04T05:40:00Z,2013-09-04T11:42:10Z,,RANGE_WARN,,,,,,CALCULATED
2013-09-04T05:50:00Z,2013-09-04T11:52:10Z,,RANGE_WARN,,,,,,CALCULATED
2013-09-04T06:00:00Z,2013-09-04T12:02:10Z,,RANGE_WARN,,,,,,CALCULATED
2013-09-04T06:10:00Z,2013-09-04T12:12:10Z,,RANGE_WARN,,,,,,CALCULATED
2013-09-04T06:20:00Z,2013-09-04T12:22:10Z,,RANGE_WARN,,,,,,CALCULATED
2013-09-04T06:30:00Z,2013-09-04T12:32:10Z,,RANGE_WARN,,,,,,CALCULATED
2013-09-04T06:40:00Z,2013-09-04T12:42:10Z,,RANGE_WARN,,,,,,CALCULATED
2013-09-04T06:50:00Z,2013-09-04T12:52:10Z,,RANGE_WARN,,,,,,CALCULATED
2013-09-04T07:00:00Z,2013-09-04T13:02:10Z,,RANGE_WARN,,,,,,CALCULATED
2013-09-04T07:10:00Z,2013-09-04T13:12:10Z,,RANGE_WARN,,,,,,CALCULATED
2013-09-04T07:20:00Z,2013-09-04T13:22:10Z,,RANGE_WARN,,,,,,CALCULATED
2013-09-04T07:30:00Z,2013-09-04T13:32:10Z,,RANGE_WARN,,,,,,CALCULATED
2013-09-04T07:40:00Z,2013-09-04T13:42:10Z,,RANGE_WARN,,,,,,CALCULATED
2013-09-04T07:50:00Z,2013-09-04T13:52:10Z,,RANGE_WARN,,,,,,CALCULATED
2013-09-04T08:00:00Z,2013-09-04T14:02:10Z,,,,,,,,CALCULATED
2013-09-04T08:10:00Z,2013-09-04T14:12:10Z,,RANGE_WARN,,,,,,CALCULATED
2013-09-04T08:20:00Z,2013-09-04T14:22:10Z,,,,,,,,CALCULATED
2013-09-04T08:30:00Z,2013-09-04T14:32:10Z,,RANGE_WARN,,,,,,CALCULATED
2013-09-04T08:40:00Z,2013-09-04T14:42:10Z,,RANGE_WARN,,,,,,CALCULATED
2013-09-04T08:50:00Z,2013-09-04T14:52:10Z,,RANGE_WARN,,,,,,CALCULATED
2013-09-04T09:00:00Z,2013-09-04T15:02:10Z,,,,,,,,CALCULATED
2013-09-04T09:10:00Z,2013-09-04T15:12:10Z,,RANGE_WARN,,,,,,CALCULATED
2013-09-04T09:20:00Z,2013-09-04T15:22:10Z,,RANGE_WARN,,,,,,CALCULATED
2013-09-04T09:30:00Z,2013-09-04T15:32:10Z,,RANGE_WARN,,,,,,CALCULATED
2013-09-04T09:40:00Z,2013-09-04T15:42:10Z,,RANGE_WARN,,,,,,CALCULATED
2013-09-04T09:50:00Z,2013-09-04T15:52:10Z,,RANGE_WARN,,,,,,CALCULATED
2013-09-04T10:00:00Z,2013-09-04T16:02:10Z,,,,,,,,CALCULATED
2013-09-04T10:10:00Z,2013-09-04T16:12:10Z,,RANGE_WARN,,,,,,CALCULATED
2013-09-04T10:20:00Z,2013-09-04T16:22:10Z,,RANGE_WARN,,,,,,CALCULATED
2013-09-04T10:30:00Z,2013-09-04T16:32:10Z,,RANGE_WARN,,,,,,CALCULATED
2013-09-04T10:40:00Z,2013-09-04T16:42:10Z,,,,,,,,CALCULATED
2013-09-04T10:50:00Z,2013-09-04T16:52:10Z,,,,,,,,CALCULATED
2013-09-04T11:00:00Z,2013-09-04T17:02:10Z,,,,,,,,CALCULATED
2013-09-04T11:10:00Z,2013-09-04T17:12:10Z,,,,,,,,CALCULATED
2013-09-04T11:20:00Z,2013-09-04T17:22:10Z,,,,,,,,CALCULATED
2013-09-04T11:30:00Z,2013-09-04T17:32:10Z,,,,,,,,CALCULATED
2013-09-04T11:40:00Z,2013-09-04T17:42:10Z,,,,,,,,CALCULATED
2013-09-04T11:50:00Z,2013-09-04T17:52:10Z,,,,,,,,CALCULATED
2013-09-04T12:00:00Z,2013-09-04T18:02:10Z,,,,,,,,CALCULATED
2013-09-04T12:10:00Z,2013-09-04T18:12:10Z,,,,,,,,CALCULATED
2013-09-04T12:20:00Z,2013-09-04T18:22:10Z,,,,,,,,CALCULATED
2013-09-04T12:30:00Z,2013-09-04T18:32:10Z,,,,,,,,CALCULATED
2013-09-04T12:40:00Z,2013-09-04T18:42:10Z,,,,,,,,CALCULATED
2013-09-04T12:50:00Z,2013-09-04T18:52:10Z,,,,,,,,CALCULATED
2013-09-04T13:00:00Z,2013-09-04T19:02:10Z,,,,,,,,CALCULATED
2013-09-04T13:10:00Z,2013-09-04T19:12:10Z,,,,,,,,CALCULATED
2013-09-04T13:20:00Z,2013-09-04T19:22:10Z,,,,,,,,CALCULATED
2013-09-04T13:30:00Z,2013-09-04T19:32:10Z,,,,,,,,CALCULATED
2013-09-04T13:40:00Z,2013-09-04T19:42:10Z,,,,,,,,CALCULATED
2013-09-04T13:50:00Z,2013-09-04T19:52:10Z,,,,,,,,CALCULATED
2013-09-04T14:00:00Z,2013-09-04T20:02:10Z,,,,,,,,CALCULATED
2013-09-04T14:10:00Z,2013-09-04T20:12:10Z,,,,,,,,CALCULATED
2013-09-04T14:20:00Z,2013-09-04T20:22:10Z,,,,,,,,CALCULATED
2013-09-04T14:30:00Z,2013-09-04T20:32:10Z,,,,,,,,CALCULATED
2013-09-04T14:40:00Z,2013-09-04T20:42:10Z,,,,,,,,CALCULATED
2013-09-04T14:50:00Z,2013-09-04T20:52:10Z,,,,,,,,CALCULATED
2013-09-04T15:00:00Z,2013-09-04T21:02:10Z,,,,,,,,CALCULATED
2013-09-04T15:10:00Z,2013-09-04T21:12:10Z,,,,,,,,CALCULATED
2013-09-04T15:20:00Z,2013-09-04T21:22:10Z,,,,,,,,CALCULATED
2013-09-04T15:30:00Z,2013-09-04T21:32:10Z,,,,,,,,CALCULATED
2013-09-04T15:40:00Z,2013-09-04T21:42:10Z,,,,,,,,CALCULATED
2013-09-04T15:50:00Z,2013-09-04T21:52:10Z,,,,,,,,CALCULATED
2013-09-04T16:00:00Z,2013-09-04T22:02:10Z,,,,,,,,CALCULATED
2013-09-04T16:10:00Z,2013-09-04T22:12:10Z,,,,,,,,CALCULATED
2013-09-04T16:20:00Z,2013-09-04T22:22:10Z,,,,,,,,CALCULATED
2013-09-04T16:30:00Z,2013-09-04T22:32:10Z,,,,,,,,CALCULATED
2013-09-04T16:40:00Z,2013-09-04T22:42:10Z,,,,,,OUT_WARN,,CALCULATED
2013-09-04T16:50:00Z,2013-09-04T22:52:10Z,,,,,,,,CALCULATED
2013-09-04T17:00:00Z,2013-09-04T23:02:10Z,,,,,,,,CALCULATED
2013-09-04T17:10:00Z,2013-09-04T23:12:10Z,,,,,,,,CALCULATED
2013-09-04T17:20:00Z,2013-09-04T23:22:10Z,,,,,,,,CALCULATED
2013-09-04T17:30:00Z,2013-09-04T23:32:10Z,,,,,,,,CALCULATED
2013-09-04T17:40:00Z,2013-09-04T23:42:10Z,,,,,,,,CALCULATED
2013-09-04T17:50:00Z,2013-09-04T23:52:10Z,,,,,,,,CALCULATED
2013-09-04T18:00:00Z,2013-09-05T00:02:10Z,,,,,,,,CALCULATED
2013-09-04T18:10:00Z,2013-09-05T00:12:31Z,,,,,,,,CALCULATED
2013-09-04T18:20:00Z,2013-09-05T00:22:31Z,,,,,,,,CALCULATED
2013-09-04T18:30:00Z,2013-09-05T00:32:31Z,,,,,,,,CALCULATED
2013-09-04T18:40:00Z,2013-09-05T00:42:31Z,,,,,,,,CALCULATED
2013-09-04T18:50:00Z,2013-09-05T00:52:31Z,,,,,,,,CALCULATED
2013-09-04T19:00:00Z,2013-09-05T01:02:31Z,,,,,,,,CALCULATED
2013-09-04T19:10:00Z,2013-09-05T01:12:31Z,,,,,,,,CALCULATED
2013-09-04T19:20:00Z,2013-09-05T01:22:31Z,,,,,,,,CALCULATED
2013-09-04T19:30:00Z,2013-09-05T01:32:31Z,,,,,,,,CALCULATED
2013-09-04T19:40:00Z,2013-09-05T01:42:31Z,,,,,,,,CALCULATED
2013-09-04T19:50:00Z,2013-09-05T01:52:31Z,,,,,,,,CALCULATED
2013-09-04T20:00:00Z,2013-09-05T02:02:31Z,,,,,,,,CALCULATED
2013-09-04T20:10:00Z,2013-09-05T02:12:31Z,,,,,,,,CALCULATED
2013-09-04T20:20:00Z,2013-09-05T02:22:31Z,,,,,,,,CALCULATED
2013-09-04T20:30:00Z,2013-09-05T02:32:31Z,,,,,,,,CALCULATED
2013-09-04T20:40:00Z,2013-09-05T02:42:31Z,,,,,,,,CALCULATED
2013-09-04T20:50:00Z,2013-09-05T02:52:31Z,,,,,,,,CALCULATED
2013-09-04T21:00:00Z,2013-09-05T03:02:31Z,,,,,,,,CALCULATED
2013-09-04T21:10:00Z,2013-09-05T03:12:31Z,,,,,,,,CALCULATED
2013-09-04T21:20:00Z,2013-09-05T03:22:31Z,,,,,,,,CALCULATED
2013-09-04T21:30:00Z,2013-09-05T03:32:31Z,,,,,,,,CALCULATED
2013-09-04T21:40:00Z,2013-09-05T03:42:31Z,,,,,,,,CALCULATED
2013-09-04T21:50:00Z,2013-09-05T03:52:31Z,,,,,,,,CALCULATED
2013-09-04T22:00:00Z,2013-09-05T04:02:31Z,,,,,,,,CALCULATED
2013-09-04T22:10:00Z,2013-09-05T04:12:31Z,,,,,,OUT_WARN,,CALCULATED
2013-09-04T22:20:00Z,2013-09-05T04:22:31Z,,,,,,OUT_WARN,,CALCULATED
2013-09-04T22:30:00Z,2013-09-05T04:32:31Z,,,,,,,,CALCULATED
2013-09-04T22:40:00Z,2013-09-05T04:42:31Z,,,,,,,,CALCULATED
2013-09-04T22:50:00Z,2013-09-05T04:52:31Z,,,,,,,,CALCULATED
2013-09-04T23:00:00Z,2013-09-05T05:02:31Z,,,,,,,,CALCULATED
2013-09-04T23:10:00Z,2013-09-05T05:12:31Z,,,,,,,,CALCULATED
2013-09-04T23:20:00Z,2013-09-05T05:22:31Z,,,,,,,,CALCULATED
2013-09-04T23:30:00Z,2013-09-05T05:32:31Z,,,,,,,,CALCULATED
2013-09-04T23:40:00Z,2013-09-05T05:42:31Z,,,,,,,,CALCULATED
2013-09-04T23:50:00Z,2013-09-05T05:52:31Z,,,,,,,,CALCULATED
2013-09-05T00:00:00Z,2013-09-05T06:02:31Z,,,,,,,,CALCULATED
2013-09-05T00:10:00Z,2013-09-05T06:12:31Z,,,,,,,,CALCULATED
2013-09-05T00:20:00Z,2013-09-05T06:22:31Z,,,,,,,,CALCULATED
2013-09-05T00:30:00Z,2013-09-05T06:32:31Z,,,,,,,,CALCULATED
2013-09-05T00:40:00Z,2013-09-05T06:42:31Z,,,,,,,,CALCULATED
2013-09-05T00:50:00Z,2013-09-05T06:52:31Z,,,,,,,,CALCULATED
2013-09-05T01:00:00Z,2013-09-05T07:02:31Z,,,,,,,,CALCULATED
2013-09-05T01:10:00Z,2013-09-05T07:12:31Z,,,,,,,,CALCULATED
2013-09-05T01:20:00Z,2013-09-05T07:22:31Z,,,,,,,,CALCULATED
2013-09-05T01:30:00Z,2013-09-05T07:32:31Z,,,,,,,,CALCULATED
2013-09-05T01:40:00Z,2013-09-05T07:42:31Z,,,,,,,,CALCULATED
2013-09-05T01:50:00Z,2013-09-05T07:52:31Z,,,,,,,,CALCULATED
2013-09-05T02:00:00Z,2013-09-05T08:02:31Z,,,,,,,,CALCULATED
2013-09-05T02:10:00Z,2013-09-05T08:12:31Z,,,,,,,,CALCULATED
2013-09-05T02:20:00Z,2013-09-05T08:22:31Z,,,,,,,,CALCULATED
2013-09-05T02:30:00Z,2013-09-05T08:32:31Z,,,,,,,,CALCULATED
2013-09-05T02:40:00Z,2013-09-05T08:42:31Z,,,,,,,,CALCULATED
2013-09-05T02:50:00Z,2013-09-05T08:52:31Z,,,,,,,,CALCULATED
2013-09-05T03:00:00Z,2013-09-05T09:02:31Z,,,,,,,,CALCULATED
2013-09-05T03:10:00Z,2013-09-05T09:12:31Z,,,,,,,,CALCULATED
2013-09-05T03:20:00Z,2013-09-05T09:22:31Z,,,,,,,,CALCULATED
2013-09-05T03:30:00Z,2013-09-05T09:32:31Z,,,,,,,,CALCULATED
2013-09-05T03:40:00Z,2013-09-05T09:42:31Z,,,,,,,,CALCULATED
2013-09-05T03:50:00Z,2013-09-05T09:52:31Z,,,,,,,,CALCULATED
2013-09-05T04:00:00Z,2013-09-05T10:02:31Z,,,,,,,,CALCULATED
2013-09-05T04:10:00Z,2013-09-05T10:12:31Z,,,,,,,,CALCULATED
2013-09-05T04:20:00Z,2013-09-05T10:22:31Z,,,,,,,,CALCULATED
2013-09-05T04:30:00Z,2013-09-05T10:32:31Z,,,,,,,,CALCULATED
2013-09-05T04:40:00Z,2013-09-05T10:42:31Z,,,,,,,,CALCULATED
2013-09-05T04:50:00Z,2013-09-05T10:52:31Z,,RANGE_WARN,,,,,,CALCULATED
2013-09-05T05:00:00Z,2013-09-05T11:02:31Z,,RANGE_WARN,,,,,,CALCULATED
2013-09-05T05:10:00Z,2013-09-05T11:12:31Z,,RANGE_WARN,,,,,,CALCULATED
2013-09-05T05:20:00Z,2013-09-05T11:22:31Z,,RANGE_WARN,,,,,,CALCULATED
2013-09-05T05:30:00Z,2013-09-05T11:32:31Z,,RANGE_WARN,,,,,,CALCULATED
2013-09-05T05:40:00Z,2013-09-05T11:42:31Z,,RANGE_WARN,,,,,,CALCULATED
2013-09-05T05:50:00Z,2013-09-05T11:52:31Z,,RANGE_WARN,,,,,,CALCULATED
2013-09-05T06:00:00Z,2013-09-05T12:02:31Z,,RANGE_WARN,,,,,,CALCULATED
2013-09-05T06:10:00Z,2013-09-05T12:12:31Z,,RANGE_WARN,,,,,,CALCULATED
2013-09-05T06:20:00Z,2013-09-05T12:22:31Z,,RANGE_WARN,,,,,,CALCULATED
2013-09-05T06:30:00Z,2013-09-05T12:32:31Z,,RANGE_WARN,,,,,,CALCULATED
2013-09-05T06:40:00Z,2013-09-05T12:42:31Z,,RANGE_WARN,,,,,,CALCULATED
2013-09-05T06:50:00Z,2013-09-05T12:52:31Z,,RANGE_WARN,,,,,,CALCULATED
2013-09-05T07:00:00Z,2013-09-05T13:02:31Z,,RANGE_WARN,,,,,,CALCULATED
2013-09-05T07:10:00Z,2013-09-05T13:12:31Z,,RANGE_WARN,,,,,,CALCULATED
2013-09-05T07:20:00Z,2013-09-05T13:22:31Z,,RANGE_WARN,,,,,,CALCULATED
2013-09-05T07:30:00Z,2013-09-05T13:32:31Z,,RANGE_WARN,,,,,,CALCULATED
2013-09-05T07:40:00Z,2013-09-05T13:42:31Z,,RANGE_WARN,,,,,,CALCULATED
2013-09-05T07:50:00Z,2013-09-05T13:52:31Z,,RANGE_WARN,,,,,,CALCULATED
2013-09-05T08:00:00Z,2013-09-05T14:02:31Z,,RANGE_WARN,,,,,,CALCULATED
2013-09-05T08:10:00Z,2013-09-05T14:12:31Z,,RANGE_WARN,,,,,,CALCULATED
2013-09-05T08:20:00Z,2013-09-05T14:22:31Z,,RANGE_WARN,,,,,,CALCULATED
2013-09-05T08:30:00Z,2013-09-05T14:32:31Z,,RANGE_WARN,,,,,,CALCULATED
2013-09-05T08:40:00Z,2013-09-05T14:42:31Z,,RANGE_WARN,,,,,,CALCULATED
2013-09-05T08:50:00Z,2013-09-05T14:52:31Z,,RANGE_WARN,,,,,,CALCULATED
2013-09-05T09:00:00Z,2013-09-05T15:02:31Z,,RANGE_WARN,,,,,,CALCULATED
2013-09-05T09:10:00Z,2013-09-05T15:12:31Z,,RANGE_WARN,,,,,,CALCULATED
2013-09-05T09:20:00Z,2013-09-05T15:22:31Z,,RANGE_WARN,,,,,,CALCULATED
2013-09-05T09:30:00Z,2013-09-05T15:32:31Z,,RANGE_WARN,,,,,,CALCULATED
2013-09-05T09:40:00Z,2013-09-05T15:42:31Z,,RANGE_WARN,,,,,,CALCULATED
2013-09-05T09:50:00Z,2013-09-05T15:52:31Z,,RANGE_WARN,,,,,,CALCULATED
2013-09-05T10:00:00Z,2013-09-05T16:02:31Z,,RANGE_WARN,,,,,,CALCULATED
2013-09-05T10:10:00Z,2013-09-05T16:12:31Z,,RANGE_WARN,,,,,,CALCULATED
2013-09-05T10:20:00Z,2013-09-05T16:22:31Z,,RANGE_WARN,,,,,,CALCULATED
2013-09-05T10:30:00Z,2013-09-05T16:32:31Z,,RANGE_WARN,,,,,,CALCULATED
2013-09-05T10:40:00Z,2013-09-05T16:42:31Z,,,,,,,,CALCULATED
2013-09-05T10:50:00Z,2013-09-05T16:52:31Z,,,,,,,,CALCULATED
2013-09-05T11:00:00Z,2013-09-05T17:02:31Z,,,,,,,,CALCULATED
2013-09-05T11:10:00Z,2013-09-05T17:12:31Z,,RANGE_WARN,,,,,,CALCULATED
2013-09-05T11:20:00Z,2013-09-05T17:22:31Z,,,,,,,,CALCULATED
2013-09-05T11:30:00Z,2013-09-05T17:32:31Z,,RANGE_WARN,,,,,,CALCULATED
2013-09-05T11:40:00Z,2013-09-05T17:42:31Z,,,,,,,,CALCULATED
2013-09-05T11:50:00Z,2013-09-05T17:52:31Z,,,,,,,,CALCULATED
2013-09-05T12:00:00Z,2013-09-05T18:02:31Z,,,,,,,,CALCULATED
2013-09-05T12:10:00Z,2013-09-05T18:12:31Z,,,,,,,,CALCULATED
2013-09-05T12:20:00Z,2013-09-05T18:22:31Z,,,,,,,,CALCULATED
2013-09-05T12:30:00Z,2013-09-05T18:32:31Z,,,,,,,,CALCULATED
2013-09-05T12:40:00Z,2013-09-05T18:42:31Z,,,,,,,,CALCULATED
2013-09-05T12:50:00Z,2013-09-05T18:52:31Z,,,,,,,,CALCULATED
2013-09-05T13:00:00Z,2013-09-05T19:02:31Z,,,,,,,,CALCULATED
2013-09-05T13:10:00Z,2013-09-05T19:12:31Z,,,,,,,,CALCULATED
2013-09-05T13:20:00Z,2013-09-05T19:22:31Z,,,,,,,,CALCULATED
2013-09-05T13:30:00Z,2013-09-05T19:32:31Z,,,,,,,,CALCULATED
2013-09-05T13:40:00Z,2013-09-05T19:42:31Z,,,,,,,,CALCULATED
2013-09-05T13:50:00Z,2013-09-05T19:52:31Z,,,,,,,,CALCULATED
2013-09-05T14:00:00Z,2013-09-05T20:02:31Z,,,,,,,,CALCULATED
2013-09-05T14:10:00Z,2013-09-05T20:12:31Z,,,,,,,,CALCULATED
2013-09-05T14:20:00Z,2013-09-05T20:22:31Z,,,,,,,,CALCULATED
2013-09-05T14:30:00Z,2013-09-05T20:32:31Z,,,,,,,,CALCULATED
2013-09-05T14:40:00Z,2013-09-05T20:42:31Z,,,,,,,,CALCULATED
2013-09-05T14:50:00Z,2013-09-05T20:52:31Z,,,,,,,,CALCULATED
2013-09-05T15:00:00Z,2013-09-05T21:02:31Z,,,,,,,,CALCULATED
2013-09-05T15:10:00Z,2013-09-05T21:12:31Z,,,,,,,,CALCULATED
2013-09-05T15:20:00Z,2013-09-05T21:22:31Z,,,,,,,,CALCULATED
2013-09-05T15:30:00Z,2013-09-05T21:32:31Z,,,,,,,,CALCULATED
2013-09-05T15:40:00Z,2013-09-05T21:42:31Z,,,,,,,,CALCULATED
2013-09-05T15:50:00Z,2013-09-05T21:52:31Z,,,,,,,,CALCULATED
2013-09-05T16:00:00Z,2013-09-05T22:02:31Z,,,,,,,,CALCULATED
2013-09-05T16:10:00Z,2013-09-05T22:12:31Z,,,,,,,,CALCULATED
2013-09-05T16:20:00Z,2013-09-05T22:22:31Z,,,,,,,,CALCULATED
2013-09-05T16:30:00Z,2013-09-05T22:32:31Z,,,,,,,,CALCULATED
2013-09-05T16:40:00Z,2013-09-05T22:42:31Z,,,,,,,,CALCULATED
2013-09-05T16:50:00Z,2013-09-05T22:52:31Z,,,,,,,,CALCULATED
2013-09-05T17:00:00Z,2013-09-05T23:02:31Z,,,,,,,,CALCULATED
2013-09-05T17:10:00Z,2013-09-05T23:12:31Z,,,,,,,,CALCULATED
2013-09-05T17:20:00Z,2013-09-05T23:22:31Z,,,,,,,,CALCULATED
2013-09-05T17:30:00Z,2013-09-05T23:32:31Z,,,,,,,,CALCULATED
2013-09-05T17:40:00Z,2013-09-05T23:42:31Z,,,,,,,,CALCULATED
2013-09-05T17:50:00Z,2013-09-05T23:52:31Z,,,,,,,,CALCULATED
2013-09-05T18:00:00Z,2013-09-06T00:02:31Z,,,,,,,,CALCULATED
2013-09-05T18:10:00Z,2013-09-06T00:12:53Z,,,,,,,,CALCULATED
2013-09-05T18:20:00Z,2013-09-06T00:22:53Z,,,,,,,,CALCULATED
2013-09-05T18:30:00Z,2013-09-06T00:32:53Z,,,,,,,,CALCULATED
2013-09-05T18:40:00Z,2013-09-06T00:42:53Z,,,,,,,,CALCULATED
2013-09-05T18:50:00Z,2013-09-06T00:52:53Z,,,,,,,,CALCULATED
2013-09-05T19:00:00Z,2013-09-06T01:02:53Z,,,,,,,,CALCULATED
2013-09-05T19:10:00Z,2013-09-06T01:12:53Z,,,,,,,,CALCULATED
2013-09-05T19:20:00Z,2013-09-06T01:22:53Z,,,,,,,,CALCULATED
2013-09-05T19:30:00Z,2013-09-06T01:32:53Z,,,,,,,,CALCULATED
2013-09-05T19:40:00Z,2013-09-06T01:42:53Z,,,,,,,,CALCULATED
2013-09-05T19:50:00Z,2013-09-06T01:52:53Z,,,,,,,,CALCULATED
2013-09-05T20:00:00Z,2013-09-06T02:02:53Z,,,,,,,,CALCULATED
2013-09-05T20:10:00Z,2013-09-06T02:12:53Z,,,,,,,,CALCULATED
2013-09-05T20:20:00Z,2013-09-06T02:22:53Z,,,,,,,,CALCULATED
2013-09-05T20:30:00Z,2013-09-06T02:32:53Z,,,,,,,,CALCULATED
2013-09-05T20:40:00Z,2013-09-06T02:42:53Z,,,,,,,,CALCULATED
2013-09-05T20:50:00Z,2013-09-06T02:52:53Z,,,,,,,,CALCULATED
2013-09-05T21:00:00Z,2013-09-06T03:02:53Z,,,,,,,,CALCULATED
2013-09-05T21:10:00Z,2013-09-06T03:12:53Z,,,,,,,,CALCULATED
2013-09-05T21:20:00Z,2013-09-06T03:22:53Z,,,,,,,,CALCULATED
2013-09-05T21:30:00Z,2013-09-06T03:32:53Z,,,,,,,,CALCULATED
2013-09-05T21:40:00Z,2013-09-06T03:42:53Z,,,,,,,,CALCULATED
2013-09-05T21:50:00Z,2013-09-06T03:52:53Z,,,,,,,,CALCULATED
2013-09-05T22:00:00Z,2013-09-06T04:02:53Z,,,,,,,,CALCULATED
2013-09-05T22:10:00Z,2013-09-06T04:12:53Z,,,,,,,,CALCULATED
2013-09-05T22:20:00Z,2013-09-06T04:22:53Z,,,,,,,,CALCULATED
2013-09-05T22:30:00Z,2013-09-06T04:32:53Z,,,,,,,,CALCULATED
2013-09-05T22:40:00Z,2013-09-06T04:42:53Z,,,,,,,,CALCULATED
2013-09-05T22:50:00Z,2013-09-06T04:52:53Z,,,,,,,,CALCULATED
2013-09-05T23:00:00Z,2013-09-06T05:02:53Z,,,,,,,,CALCULATED
2013-09-05T23:10:00Z,2013-09-06T05:12:53Z,,,,,,,,CALCULATED
2013-09-05T23:20:00Z,2013-09-06T05:22:53Z,,,,,,,,CALCULATED
2013-09-05T23:30:00Z,2013-09-06T05:32:53Z,,,,,,,,CALCULATED
2013-09-05T23:40:00Z,2013-09-06T05:42:53Z,,,,,,,,CALCULATED
2013-09-05T23:50:00Z,2013-09-06T05:52:53Z,,,,,,,,CALCULATED
2013-09-06T00:00:00Z,2013-09-06T06:02:53Z,,,,,,,,CALCULATED
2013-09-06T00:10:00Z,2013-09-06T06:12:53Z,,,,,,,,CALCULATED
2013-09-06T00:20:00Z,2013-09-06T06:22:53Z,,,,,,,,CALCULATED
2013-09-06T00:30:00Z,2013-09-06T06:32:53Z,,,,,,,,CALCULATED
2013-09-06T00:40:00Z,2013-09-06T06:42:53Z,,,,,,,,CALCULATED
2013-09-06T00:50:00Z,2013-09-06T06:52:53Z,,,,,,,,CALCULATED
2013-09-06T01:00:00Z,2013-09-06T07:02:53Z,,,,,,,,CALCULATED
2013-09-06T01:10:00Z,2013-09-06T07:12:53Z,,,,,,,,CALCULATED
2013-09-06T01:20:00Z,2013-09-06T07:22:53Z,,,,,,,,CALCULATED
2013-09-06T01:30:00Z,2013-09-06T07:32:53Z,,,,,,,,CALCULATED
2013-09-06T01:40:00Z,2013-09-06T07:42:53Z,,,,,,,,CALCULATED
2013-09-06T01:50:00Z,2013-09-06T07:52:53Z,,,,,,,,CALCULATED
2013-09-06T02:00:00Z,2013-09-06T08:02:53Z,,,,,,,,CALCULATED
2013-09-06T02:10:00Z,2013-09-06T08:12:53Z,,,,,,,,CALCULATED
2013-09-06T02:20:00Z,2013-09-06T08:22:53Z,,,,,,,,CALCULATED
2013-09-06T02:30:00Z,2013-09-06T08:32:53Z,,,,,,,,CALCULATED
2013-09-06T02:40:00Z,2013-09-06T08:42:53Z,,,,,,,,CALCULATED
2013-09-06T02:50:00Z,2013-09-06T08:52:53Z,,,,,,,,CALCULATED
2013-09-06T03:00:00Z,2013-09-06T09:02:53Z,,,,,,,,CALCULATED
2013-09-06T03:10:00Z,2013-09-06T09:12:53Z,,,,,,,,CALCULATED
2013-09-06T03:20:00Z,2013-09-06T09:22:53Z,,,,,,,,CALCULATED
2013-09-06T03:30:00Z,2013-09-06T09:32:53Z,,,,,,,,CALCULATED
2013-09-06T03:40:00Z,2013-09-06T09:42:53Z,,,,,,,,CALCULATED
2013-09-06T03:50:00Z,2013-09-06T09:52:53Z,,,,,,,,CALCULATED
2013-09-06T04:00:00Z,2013-09-06T10:02:53Z,,,,,,,,CALCULATED
2013-09-06T04:10:00Z,2013-09-06T10:12:53Z,,,,,,,,CALCULATED
2013-09-06T04:20:00Z,2013-09-06T10:22:53Z,,RANGE_WARN,,,,,,CALCULATED
2013-09-06T04:30:00Z,2013-09-06T10:32:53Z,,,,,,,,CALCULATED
2013-09-06T04:40:00Z,2013-09-06T10:42:53Z,,,,,,,,CALCULATED
2013-09-06T04:50:00Z,2013-09-06T10:52:53Z,,,,,,,,CALCULATED
2013-09-06T05:00:00Z,2013-09-06T11:02:53Z,,,,,,,,CALCULATED
2013-09-06T05:10:00Z,2013-09-06T11:12:53Z,,RANGE_WARN,,,,,,CALCULATED
2013-09-06T05:20:00Z,2013-09-06T11:22:53Z,,,,,,,,CALCULATED
2013-09-06T05:30:00Z,2013-09-06T11:32:53Z,,RANGE_WARN,,,,,,CALCULATED
2013-09-06T05:40:00Z,2013-09-06T11:42:53Z,,,,,,,,CALCULATED
2013-09-06T05:50:00Z,2013-09-06T11:52:53Z,,,,,,,,CALCULATED
2013-09-06T06:00:00Z,2013-09-06T12:02:53Z,,,,,,,,CALCULATED
2013-09-06T06:10:00Z,2013-09-06T12:12:53Z,,,,,,,,CALCULATED
2013-09-06T06:20:00Z,2013-09-06T12:22:53Z,,,,,,,,CALCULATED
2013-09-06T06:30:00Z,2013-09-06T12:32:53Z,,,,,,,,CALCULATED
2013-09-06T06:40:00Z,2013-09-06T12:42:53Z,,,,,,,,CALCULATED
2013-09-06T06:50:00Z,2013-09-06T12:52:53Z,,,,,,,,CALCULATED
2013-09-06T07:00:00Z,2013-09-06T13:02:53Z,,,,,,,,CALCULATED
2013-09-06T07:10:00Z,2013-09-06T13:12:53Z,,,,,,,,CALCULATED
2013-09-06T07:20:00Z,2013-09-06T13:22:53Z,,,,,,,,CALCULATED
2013-09-06T07:30:00Z,2013-09-06T13:32:53Z,,,,,,,,CALCULATED
2013-09-06T07:40:00Z,2013-09-06T13:42:53Z,,,,,,,,CALCULATED
2013-09-06T07:50:00Z,2013-09-06T13:52:53Z,,,,,,,,CALCULATED
2013-09-06T08:00:00Z,2013-09-06T14:02:53Z,,,,,,,,CALCULATED
2013-09-06T08:10:00Z,2013-09-06T14:12:53Z,,,,,,,,CALCULATED
2013-09-06T08:20:00Z,2013-09-06T14:22:53Z,,,,,,,,CALCULATED
2013-09-06T08:30:00Z,2013-09-06T14:32:53Z,,,,,,,,CALCULATED
2013-09-06T08:40:00Z,2013-09-06T14:42:53Z,,,,,,,,CALCULATED
2013-09-06T08:50:00Z,2013-09-06T14:52:53Z,,,,,,,,CALCULATED
2013-09-06T09:00:00Z,2013-09-06T15:02:53Z,,,,,,,,CALCULATED
2013-09-06T09:10:00Z,2013-09-06T15:12:53Z,,,,,,,,CALCULATED
2013-09-06T09:20:00Z,2013-09-06T15:22:53Z,,,,,,,,CALCULATED
2013-09-06T09:30:00Z,2013-09-06T15:32:53Z,,,,,,,,CALCULATED
2013-09-06T09:40:00Z,2013-09-06T15:42:53Z,,,,,,,,CALCULATED
2013-09-06T09:50:00Z,2013-09-06T15:52:53Z,,,,,,,,CALCULATED
2013-09-06T10:00:00Z,2013-09-06T16:02:53Z,,,,,,,,CALCULATED
2013-09-06T10:10:00Z,2013-09-06T16:12:53Z,,,,,,,,CALCULATED
2013-09-06T10:20:00Z,2013-09-06T16:22:53Z,,,,,,,,CALCULATED
2013-09-06T10:30:00Z,2013-09-06T16:32:53Z,,,,,,,,CALCULATED
2013-09-06T10:40:00Z,2013-09-06T16:42:53Z,,,,,,,,CALCULATED
2013-09-06T10:50:00Z,2013-09-06T16:52:53Z,,,,,,,,CALCULATED
2013-09-06T11:00:00Z,2013-09-06T17:02:53Z,,,,,,,,CALCULATED
2013-09-06T11:10:00Z,2013-09-06T17:12:53Z,,,,,,,,CALCULATED
2013-09-06T11:20:00Z,2013-09-06T17:22:53Z,,,,,,,,CALCULATED
2013-09-06T11:30:00Z,2013-09-06T17:32:53Z,,,,,,,,CALCULATED
2013-09-06T11:40:00Z,2013-09-06T17:42:53Z,,,,,,,,CALCULATED
2013-09-06T11:50:00Z,2013-09-06T17:52:53Z,,,,,,,,CALCULATED
2013-09-06T12:00:00Z,2013-09-06T18:02:53Z,,,,,,,,CALCULATED
2013-09-06T12:10:00Z,2013-09-06T18:12:53Z,,,,,,,,CALCULATED
2013-09-06T12:20:00Z,2013-09-06T18:22:53Z,,,,,,,,CALCULATED
2013-09-06T12:30:00Z,2013-09-06T18:32:53Z,,,,,,,,CALCULATED
2013-09-06T12:40:00Z,2013-09-06T18:42:53Z,,,,,,,,CALCULATED
2013-09-06T12:50:00Z,2013-09-06T18:52:53Z,,,,,,,,CALCULATED
2013-09-06T13:00:00Z,2013-09-06T19:02:53Z,,,,,,,,CALCULATED
2013-09-06T13:10:00Z,2013-09-06T19:12:53Z,,,,,,,,CALCULATED
2013-09-06T13:20:00Z,2013-09-06T19:22:53Z,,,,,,,,CALCULATED
2013-09-06T13:30:00Z,2013-09-06T19:32:53Z,,,,,,,,CALCULATED
2013-09-06T13:40:00Z,2013-09-06T19:42:53Z,,,,,,,,CALCULATED
2013-09-06T13:50:00Z,2013-09-06T19:52:53Z,,,,,,,,CALCULATED
2013-09-06T14:00:00Z,2013-09-06T20:02:53Z,,,,,,,,CALCULATED
2013-09-06T14:10:00Z,2013-09-06T20:12:53Z,,,,,,,,CALCULATED
2013-09-06T14:20:00Z,2013-09-06T20:22:53Z,,,,,,,,CALCULATED
2013-09-06T14:30:00Z,2013-09-06T20:32:53Z,,,,,,,,CALCULATED
2013-09-06T14:40:00Z,2013-09-06T20:42:53Z,,,,,,,,CALCULATED
2013-09-06T14:50:00Z,2013-09-06T20:52:53Z,,,,,,,,CALCULATED
2013-09-06T15:00:00Z,2013-09-06T21:02:53Z,,,,,,,,CALCULATED
2013-09-06T15:10:00Z,2013-09-06T21:12:53Z,,,,,,,,CALCULATED
2013-09-06T15:20:00Z,2013-09-06T21:22:53Z,,,,,,,,CALCULATED
2013-09-06T15:30:00Z,2013-09-06T21:32:53Z,,,,,,,,CALCULATED
2013-09-06T15:40:00Z,2013-09-06T21:42:53Z,,,,,,,,CALCULATED
2013-09-06T15:50:00Z,2013-09-06T21:52:53Z,,,,,,,,CALCULATED
2013-09-06T16:00:00Z,2013-09-06T22:02:53Z,,,,,,,,CALCULATED
2013-09-06T16:10:00Z,2013-09-06T22:12:53Z,,,,,,,,CALCULATED
2013-09-06T16:20:00Z,2013-09-06T22:22:53Z,,,,,,,,CALCULATED
2013-09-06T16:30:00Z,2013-09-06T22:32:53Z,,,,,,,,CALCULATED
2013-09-06T16:40:00Z,2013-09-06T22:42:53Z,,,,,,,,CALCULATED
2013-09-06T16:50:00Z,2013-09-06T22:52:53Z,,,,,,,,CALCULATED
2013-09-06T17:00:00Z,2013-09-06T23:02:53Z,,,,,,,,CALCULATED
2013-09-06T17:10:00Z,2013-09-06T23:12:53Z,,,,,,,,CALCULATED
2013-09-06T17:20:00Z,2013-09-06T23:22:53Z,,,,,,,,CALCULATED
2013-09-06T17:30:00Z,2013-09-06T23:32:53Z,,,,,,,,CALCULATED
2013-09-06T17:40:00Z,2013-09-06T23:42:53Z,,,,,,,,CALCULATED
2013-09-06T17:50:00Z,2013-09-06T23:52:53Z,,,,,,,,CALCULATED
2013-09-06T18:00:00Z,2013-09-07T00:02:53Z,,,,,,,,CALCULATED
2013-09-06T18:10:00Z,2013-09-07T00:13:14Z,,,,,,,,CALCULATED
2013-09-06T18:20:00Z,2013-09-07T00:23:14Z,,,,,,,,CALCULATED
2013-09-06T18:30:00Z,2013-09-07T00:33:14Z,,,,,,,,CALCULATED
2013-09-06T18:40:00Z,2013-09-07T00:43:14Z,,,,,,,,CALCULATED
2013-09-06T18:50:00Z,2013-09-07T00:53:14Z,,,,,,,,CALCULATED
2013-09-06T19:00:00Z,2013-09-07T01:03:14Z,,,,,,,,CALCULATED
2013-09-06T19:10:00Z,2013-09-07T01:13:14Z,,,,,,,,CALCULATED
2013-09-06T19:20:00Z,2013-09-07T01:23:14Z,,,,,,,,CALCULATED
2013-09-06T19:30:00Z,2013-09-07T01:33:14Z,,,,,,,,CALCULATED
2013-09-06T19:40:00Z,2013-09-07T01:43:14Z,,,,,,,,CALCULATED
2013-09-06T19:50:00Z,2013-09-07T01:53:14Z,,,,,,,,CALCULATED
2013-09-06T20:00:00Z,2013-09-07T02:03:14Z,,,,,,OUT_WARN,,CALCULATED
2013-09-06T20:10:00Z,2013-09-07T02:13:14Z,,,,,,OUT_WARN,,CALCULATED
2013-09-06T20:20:00Z,2013-09-07T02:23:14Z,,,,,,,,CALCULATED
2013-09-06T20:30:00Z,2013-09-07T02:33:14Z,,,,,,,,CALCULATED
2013-09-06T20:40:00Z,2013-09-07T02:43:14Z,,,,,,,,CALCULATED
2013-09-06T20:50:00Z,2013-09-07T02:53:14Z,,,,,,,,CALCULATED
2013-09-06T21:00:00Z,2013-09-07T03:03:14Z,,,,,,,,CALCULATED
2013-09-06T21:10:00Z,2013-09-07T03:13:14Z,,,,,,,,CALCULATED
2013-09-06T21:20:00Z,2013-09-07T03:23:14Z,,,,,,,,CALCULATED
2013-09-06T21:30:00Z,2013-09-07T03:33:14Z,,,,,,,,CALCULATED
2013-09-06T21:40:00Z,2013-09-07T03:43:14Z,,,,,,,,CALCULATED
2013-09-06T21:50:00Z,2013-09-07T03:53:14Z,,,,,,,,CALCULATED
2013-09-06T22:00:00Z,2013-09-07T04:03:14Z,,,,,,,,CALCULATED
2013-09-06T22:10:00Z,2013-09-07T04:13:14Z,,,,,,,,CALCULATED
2013-09-06T22:20:00Z,2013-09-07T04:23:14Z,,,,,,,,CALCULATED
2013-09-06T22:30:00Z,2013-09-07T04:33:14Z,,,,,,,,CALCULATED
2013-09-06T22:40:00Z,2013-09-07T04:43:14Z,,,,,,OUT_WARN,,CALCULATED
2013-09-06T22:50:00Z,2013-09-07T04:53:14Z,,,,,,,,CALCULATED
2013-09-06T23:00:00Z,2013-09-07T05:03:14Z,,,,,,OUT_WARN,,CALCULATED
2013-09-06T23:10:00Z,2013-09-07T05:13:14Z,,,,,,OUT_WARN,,CALCULATED
2013-09-06T23:20:00Z,2013-09-07T05:23:14Z,,,,,,OUT_WARN,,CALCULATED
2013-09-06T23:30:00Z,2013-09-07T05:33:14Z,,,,,,OUT_WARN,,CALCULATED
2013-09-06T23:40:00Z,2013-09-07T05:43:14Z,,,,,,OUT_WARN,,CALCULATED
2013-09-06T23:50:00Z,2013-09-07T05:53:14Z,,,,,,,,CALCULATED
2013-09-07T00:00:00Z,2013-09-07T06:03:14Z,,,,,,,,CALCULATED
2013-09-07T00:10:00Z,2013-09-07T06:13:14Z,,,,,,,,CALCULATED
2013-09-07T00:20:00Z,2013-09-07T06:23:14Z,,,,,,,,CALCULATED
2013-09-07T00:30:00Z,2013-09-07T06:33:14Z,,,,,,,,CALCULATED
2013-09-07T00:40:00Z,2013-09-07T06:43:14Z,,,,,,,,CALCULATED
2013-09-07T00:50:00Z,2013-09-07T06:53:14Z,,,,,,,,CALCULATED
2013-09-07T01:00:00Z,2013-09-07T07:03:14Z,,,,,,,,CALCULATED
2013-09-07T01:10:00Z,2013-09-07T07:13:14Z,,,,,,,,CALCULATED
2013-09-07T01:20:00Z,2013-09-07T07:23:14Z,,,,,,,,CALCULATED
2013-09-07T01:30:00Z,2013-09-07T07:33:14Z,,,,,,,,CALCULATED
2013-09-07T01:40:00Z,2013-09-07T07:43:14Z,,,,,,,,CALCULATED
2013-09-07T01:50:00Z,2013-09-07T07:53:14Z,,,,,,,,CALCULATED
2013-09-07T02:00:00Z,2013-09-07T08:03:14Z,,,,,,,,CALCULATED
2013-09-07T02:10:00Z,2013-09-07T08:13:14Z,,,,,,,,CALCULATED
2013-09-07T02:20:00Z,2013-09-07T08:23:14Z,,,,,,,,CALCULATED
2013-09-07T02:30:00Z,2013-09-07T08:33:14Z,,,,,,,,CALCULATED
2013-09-07T02:40:00Z,2013-09-07T08:43:14Z,,,,,,,,CALCULATED
2013-09-07T02:50:00Z,2013-09-07T08:53:14Z,,,,,,,,CALCULATED
2013-09-07T03:00:00Z,2013-09-07T09:03:14Z,,,,,,,,CALCULATED
2013-09-07T03:10:00Z,2013-09-07T09:13:14Z,,,,,,,,CALCULATED
2013-09-07T03:20:00Z,2013-09-07T09:23:14Z,,,,,,,,CALCULATED
2013-09-07T03:30:00Z,2013-09-07T09:33:14Z,,,,,,,,CALCULATED
2013-09-07T03:40:00Z,2013-09-07T09:43:14Z,,,,,,,,CALCULATED
2013-09-07T03:50:00Z,2013-09-07T09:53:14Z,,,,,,,,CALCULATED
2013-09-07T04:00:00Z,2013-09-07T10:03:14Z,,,,,,,,CALCULATED
2013-09-07T04:10:00Z,2013-09-07T10:13:14Z,,,,,,,,CALCULATED
2013-09-07T04:20:00Z,2013-09-07T10:23:14Z,,,,,,,,CALCULATED
2013-09-07T04:30:00Z,2013-09-07T10:33:14Z,,,,,,,,CALCULATED
2013-09-07T04:40:00Z,2013-09-07T10:43:14Z,,,,,,,,CALCULATED
2013-09-07T04:50:00Z,2013-09-07T10:53:14Z,,,,,,,,CALCULATED
2013-09-07T05:00:00Z,2013-09-07T11:03:14Z,,,,,,,,CALCULATED
2013-09-07T05:10:00Z,2013-09-07T11:13:14Z,,,,,,,,CALCULATED
2013-09-07T05:20:00Z,2013-09-07T11:23:14Z,,,,,,,,CALCULATED
2013-09-07T05:30:00Z,2013-09-07T11:33:14Z,,,,,,,,CALCULATED
2013-09-07T05:40:00Z,2013-09-07T11:43:14Z,,,,,,,,CALCULATED
2013-09-07T05:50:00Z,2013-09-07T11:53:14Z,,,,,,,,CALCULATED
2013-09-07T06:00:00Z,2013-09-07T12:03:14Z,,,,,,,,CALCULATED
2013-09-07T06:10:00Z,2013-09-07T12:13:14Z,,,,,,,,CALCULATED
2013-09-07T06:20:00Z,2013-09-07T12:23:14Z,,,,,,,,CALCULATED
2013-09-07T06:30:00Z,2013-09-07T12:33:14Z,,,,,,,,CALCULATED
2013-09-07T06:40:00Z,2013-09-07T12:43:14Z,,,,,,,,CALCULATED
2013-09-07T06:50:00Z,2013-09-07T12:53:14Z,,,,,,,,CALCULATED
2013-09-07T07:00:00Z,2013-09-07T13:03:14Z,,,,,,,,CALCULATED
2013-09-07T07:10:00Z,2013-09-07T13:13:14Z,,,,,,,,CALCULATED
2013-09-07T07:20:00Z,2013-09-07T13:23:14Z,,,,,,,,CALCULATED
2013-09-07T07:30:00Z,2013-09-07T13:33:14Z,,,,,,,,CALCULATED
2013-09-07T07:40:00Z,2013-09-07T13:43:14Z,,,,,,,,CALCULATED
2013-09-07T07:50:00Z,2013-09-07T13:53:14Z,,,,,,,,CALCULATED
2013-09-07T08:00:00Z,2013-09-07T14:03:14Z,,,,,,,,CALCULATED
2013-09-07T08:10:00Z,2013-09-07T14:13:14Z,,,,,,,,CALCULATED
2013-09-07T08:20:00Z,2013-09-07T14:23:14Z,,,,,,,,CALCULATED
2013-09-07T08:30:00Z,2013-09-07T14:33:14Z,,,,,,,,CALCULATED
2013-09-07T08:40:00Z,2013-09-07T14:43:14Z,,,,,,,,CALCULATED
2013-09-07T08:50:00Z,2013-09-07T14:53:14Z,,,,,,,,CALCULATED
2013-09-07T09:00:00Z,2013-09-07T15:03:14Z,,,,,,,,CALCULATED
2013-09-07T09:10:00Z,2013-09-07T15:13:14Z,,,,,,,,CALCULATED
2013-09-07T09:20:00Z,2013-09-07T15:23:14Z,,,,,,,,CALCULATED
2013-09-07T09:30:00Z,2013-09-07T15:33:14Z,,,,,,,,CALCULATED
2013-09-07T09:40:00Z,2013-09-07T15:43:14Z,,,,,,,,CALCULATED
2013-09-07T09:50:00Z,2013-09-07T15:53:14Z,,,,,,,,CALCULATED
2013-09-07T10:00:00Z,2013-09-07T16:03:14Z,,,,,,,,CALCULATED
2013-09-07T10:10:00Z,2013-09-07T16:13:14Z,,,,,,,,CALCULATED
2013-09-07T10:20:00Z,2013-09-07T16:23:14Z,,,,,,,,CALCULATED
2013-09-07T10:30:00Z,2013-09-07T16:33:14Z,,,,,,,,CALCULATED
2013-09-07T10:40:00Z,2013-09-07T16:43:14Z,,,,,,,,CALCULATED
2013-09-07T10:50:00Z,2013-09-07T16:53:14Z,,,,,,,,CALCULATED
2013-09-07T11:00:00Z,2013-09-07T17:03:14Z,,,,,,,,CALCULATED
2013-09-07T11:10:00Z,2013-09-07T17:13:14Z,,,,,,,,CALCULATED
2013-09-07T11:20:00Z,2013-09-07T17:23:14Z,,,,,,,,CALCULATED
2013-09-07T11:30:00Z,2013-09-07T17:33:14Z,,,,,,,,CALCULATED
2013-09-07T11:40:00Z,2013-09-07T17:43:14Z,,,,,,,,CALCULATED
2013-09-07T11:50:00Z,2013-09-07T17:53:14Z,,,,,,,,CALCULATED
2013-09-07T12:00:00Z,2013-09-07T18:03:14Z,,,,,,,,CALCULATED
2013-09-07T12:10:00Z,2013-09-07T18:13:14Z,,,,,,,,CALCULATED
2013-09-07T12:20:00Z,2013-09-07T18:23:14Z,,,,,,,,CALCULATED
2013-09-07T12:30:00Z,2013-09-07T18:33:14Z,,,,,,,,CALCULATED
2013-09-07T12:40:00Z,2013-09-07T18:43:14Z,,,,,,,,CALCULATED
2013-09-07T12:50:00Z,2013-09-07T18:53:14Z,,,,,,,,CALCULATED
2013-09-07T13:00:00Z,2013-09-07T19:03:14Z,,,,,,,,CALCULATED
2013-09-07T13:10:00Z,2013-09-07T19:13:14Z,,,,,,,,CALCULATED
2013-09-07T13:20:00Z,2013-09-07T19:23:14Z,,,,,,,,CALCULATED
2013-09-07T13:30:00Z,2013-09-07T19:33:14Z,,,,,,,,CALCULATED
2013-09-07T13:40:00Z,2013-09-07T19:43:14Z,,,,,,,,CALCULATED
2013-09-07T13:50:00Z,2013-09-07T19:53:14Z,,,,,,,,CALCULATED
2013-09-07T14:00:00Z,2013-09-07T20:03:14Z,,,,,,,,CALCULATED
2013-09-07T14:10:00Z,2013-09-07T20:13:14Z,,,,,,,,CALCULATED
2013-09-07T14:20:00Z,2013-09-07T20:23:14Z,,,,,,,,CALCULATED
2013-09-07T14:30:00Z,2013-09-07T20:33:14Z,,,,,,,,CALCULATED
2013-09-07T14:40:00Z,2013-09-07T20:43:14Z,,,,,,,,CALCULATED
2013-09-07T14:50:00Z,2013-09-07T20:53:14Z,,,,,,,,CALCULATED
2013-09-07T15:00:00Z,2013-09-07T21:03:14Z,,,,,,,,CALCULATED
2013-09-07T15:10:00Z,2013-09-07T21:13:14Z,,,,,,,,CALCULATED
2013-09-07T15:20:00Z,2013-09-07T21:23:14Z,,,,,,,,CALCULATED
2013-09-07T15:30:00Z,2013-09-07T21:33:14Z,,,,,,,,CALCULATED
2013-09-07T15:40:00Z,2013-09-07T21:43:14Z,,,,,,,,CALCULATED
2013-09-07T15:50:00Z,2013-09-07T21:53:14Z,,,,,,,,CALCULATED
2013-09-07T16:00:00Z,2013-09-07T22:03:14Z,,,,,,,,CALCULATED
2013-09-07T16:10:00Z,2013-09-07T22:13:14Z,,,,,,,,CALCULATED
2013-09-07T16:20:00Z,2013-09-07T22:23:14Z,,,,,,,,CALCULATED
2013-09-07T16:30:00Z,2013-09-07T22:33:14Z,,,,,,,,CALCULATED
2013-09-07T16:40:00Z,2013-09-07T22:43:14Z,,,,,,,,CALCULATED
2013-09-07T16:50:00Z,2013-09-07T22:53:14Z,,,,,,,,CALCULATED
2013-09-07T17:00:00Z,2013-09-07T23:03:14Z,,,,,,,,CALCULATED
2013-09-07T17:10:00Z,2013-09-07T23:13:14Z,,,,,,,,CALCULATED
2013-09-07T17:20:00Z,2013-09-07T23:23:14Z,,,,,,,,CALCULATED
2013-09-07T17:30:00Z,2013-09-07T23:33:14Z,,,,,,OUT_WARN,,CALCULATED
2013-09-07T17:40:00Z,2013-09-07T23:43:14Z,,,,,,OUT_WARN,,CALCULATED
2013-09-07T17:50:00Z,2013-09-07T23:53:14Z,,,,,,OUT_WARN,,CALCULATED
2013-09-07T18:00:00Z,2013-09-08T00:03:14Z,,,,,,OUT_WARN,,CALCULATED
2013-09-07T18:10:00Z,2013-09-08T00:13:36Z,,,,,,OUT_WARN,,CALCULATED
2013-09-07T18:20:00Z,2013-09-08T00:23:36Z,,,,,,OUT_WARN,,CALCULATED
2013-09-07T18:30:00Z,2013-09-08T00:33:36Z,,,,,,OUT_WARN,,CALCULATED
2013-09-07T18:40:00Z,2013-09-08T00:43:36Z,,,,,,OUT_WARN,,CALCULATED
2013-09-07T18:50:00Z,2013-09-08T00:53:36Z,,,,,,OUT_WARN,,CALCULATED
2013-09-07T19:00:00Z,2013-09-08T01:03:36Z,,,,,,OUT_WARN,,CALCULATED
2013-09-07T19:10:00Z,2013-09-08T01:13:36Z,,,,,,OUT_WARN,,CALCULATED
2013-09-07T19:20:00Z,2013-09-08T01:23:36Z,,,,,,OUT_WARN,,CALCULATED
2013-09-07T19:30:00Z,2013-09-08T01:33:36Z,,,,,,,,CALCULATED
2013-09-07T19:40:00Z,2013-09-08T01:43:36Z,,,,,,,,CALCULATED
2013-09-07T19:50:00Z,2013-09-08T01:53:36Z,,,,,,,,CALCULATED
2013-09-07T20:00:00Z,2013-09-08T02:03:36Z,,,,,,,,CALCULATED
2013-09-07T20:10:00Z,2013-09-08T02:13:36Z,,,,,,,,CALCULATED
2013-09-07T20:20:00Z,2013-09-08T02:23:36Z,,,,,,,,CALCULATED
2013-09-07T20:30:00Z,2013-09-08T02:33:36Z,,,,,,OUT_WARN,,CALCULATED
2013-09-07T20:40:00Z,2013-09-08T02:43:36Z,,,,,,,,CALCULATED
2013-09-07T20:50:00Z,2013-09-08T02:53:36Z,,,,,,OUT_WARN,,CALCULATED
2013-09-07T21:00:00Z,2013-09-08T03:03:36Z,,,,,,,,CALCULATED
2013-09-07T21:10:00Z,2013-09-08T03:13:36Z,,,,,,,,CALCULATED
2013-09-07T21:20:00Z,2013-09-08T03:23:36Z,,,,,,,,CALCULATED
2013-09-07T21:30:00Z,2013-09-08T03:33:36Z,,,,,,,,CALCULATED
2013-09-07T21:40:00Z,2013-09-08T03:43:36Z,,,,,,,,CALCULATED
2013-09-07T21:50:00Z,2013-09-08T03:53:36Z,,,,,,,,CALCULATED
2013-09-07T22:00:00Z,2013-09-08T04:03:36Z,,,,,,,,CALCULATED
2013-09-07T22:10:00Z,2013-09-08T04:13:36Z,,,,,,,,CALCULATED
2013-09-07T22:20:00Z,2013-09-08T04:23:36Z,,,,,,,,CALCULATED
2013-09-07T22:30:00Z,2013-09-08T04:33:36Z,,,,,,,,CALCULATED
2013-09-07T22:40:00Z,2013-09-08T04:43:36Z,,,,,,,,CALCULATED
2013-09-07T22:50:00Z,2013-09-08T04:53:36Z,,,,,,,,CALCULATED
2013-09-07T23:00:00Z,2013-09-08T05:03:36Z,,,,,,,,CALCULATED
2013-09-07T23:10:00Z,2013-09-08T05:13:36Z,,,,,,,,CALCULATED
2013-09-07T23:20:00Z,2013-09-08T05:23:36Z,,,,,,,,CALCULATED
2013-09-07T23:30:00Z,2013-09-08T05:33:36Z,,,,,,,,CALCULATED
2013-09-07T23:40:00Z,2013-09-08T05:43:36Z,,,,,,,,CALCULATED
2013-09-07T23:50:00Z,2013-09-08T05:53:36Z,,,,,,,,CALCULATED
2013-09-08T00:00:00Z,2013-09-08T06:03:36Z,,,,,,,,CALCULATED
2013-09-08T00:10:00Z,2013-09-08T06:13:36Z,,,,,,,,CALCULATED
2013-09-08T00:20:00Z,2013-09-08T06:23:36Z,,,,,,,,CALCULATED
2013-09-08T00:30:00Z,2013-09-08T06:33:36Z,,,,,,,,CALCULATED
2013-09-08T00:40:00Z,2013-09-08T06:43:36Z,,,,,,,,CALCULATED
2013-09-08T00:50:00Z,2013-09-08T06:53:36Z,,,,,,,,CALCULATED
2013-09-08T01:00:00Z,2013-09-08T07:03:36Z,,,,,,,,CALCULATED
2013-09-08T01:10:00Z,2013-09-08T07:13:36Z,,,,,,,,CALCULATED
2013-09-08T01:20:00Z,2013-09-08T07:23:36Z,,,,,,,,CALCULATED
2013-09-08T01:30:00Z,2013-09-08T07:33:36Z,,,,,,OUT_WARN,,CALCULATED
2013-09-08T01:40:00Z,2013-09-08T07:43:36Z,,,,,,,,CALCULATED
2013-09-08T01:50:00Z,2013-09-08T07:53:36Z,,,,,,,,CALCULATED
2013-09-08T02:00:00Z,2013-09-08T08:03:36Z,,,,,,,,CALCULATED
2013-09-08T02:10:00Z,2013-09-08T08:13:36Z,,,,,,,,CALCULATED
2013-09-08T02:20:00Z,2013-09-08T08:23:36Z,,,,,,,,CALCULATED
2013-09-08T02:30:00Z,2013-09-08T08:33:36Z,,,,,,,,CALCULATED
2013-09-08T02:40:00Z,2013-09-08T08:43:36Z,,,,,,,,CALCULATED
2013-09-08T02:50:00Z,2013-09-08T08:53:36Z,,,,,,,,CALCULATED
2013-09-08T03:00:00Z,2013-09-08T09:03:36Z,,,,,,,,CALCULATED
2013-09-08T03:10:00Z,2013-09-08T09:13:36Z,,,,,,,,CALCULATED
2013-09-08T03:20:00Z,2013-09-08T09:23:36Z,,,,,,,,CALCULATED
2013-09-08T03:30:00Z,2013-09-08T09:33:36Z,,,,,,,,CALCULATED
2013-09-08T03:40:00Z,2013-09-08T09:43:36Z,,,,,,,,CALCULATED
2013-09-08T03:50:00Z,2013-09-08T09:53:36Z,,,,,,,,CALCULATED
2013-09-08T04:00:00Z,2013-09-08T10:03:36Z,,,,,,,,CALCULATED
2013-09-08T04:10:00Z,2013-09-08T10:13:36Z,,,,,,,,CALCULATED
2013-09-08T04:20:00Z,2013-09-08T10:23:36Z,,,,,,,,CALCULATED
2013-09-08T04:30:00Z,2013-09-08T10:33:36Z,,,,,,,,CALCULATED
2013-09-08T04:40:00Z,2013-09-08T10:43:36Z,,,,,,,,CALCULATED
2013-09-08T04:50:00Z,2013-09-08T10:53:36Z,,,,,,,,CALCULATED
2013-09-08T05:00:00Z,2013-09-08T11:03:36Z,,,,,,,,CALCULATED
2013-09-08T05:10:00Z,2013-09-08T11:13:36Z,,,,,,,,CALCULATED
2013-09-08T05:20:00Z,2013-09-08T11:23:36Z,,,,,,,,CALCULATED
2013-09-08T05:30:00Z,2013-09-08T11:33:36Z,,,,,,,,CALCULATED
2013-09-08T05:40:00Z,2013-09-08T11:43:36Z,,,,,,,,CALCULATED
2013-09-08T05:50:00Z,2013-09-08T11:53:36Z,,,,,,,,CALCULATED
2013-09-08T06:00:00Z,2013-09-08T12:03:36Z,,,,,,,,CALCULATED
2013-09-08T06:10:00Z,2013-09-08T12:13:36Z,,,,,,,,CALCULATED
2013-09-08T06:20:00Z,2013-09-08T12:23:36Z,,,,,,,,CALCULATED
2013-09-08T06:30:00Z,2013-09-08T12:33:36Z,,,,,,,,CALCULATED
2013-09-08T06:40:00Z,2013-09-08T12:43:36Z,,,,,,,,CALCULATED
2013-09-08T06:50:00Z,2013-09-08T12:53:36Z,,,,,,,,CALCULATED
2013-09-08T07:00:00Z,2013-09-08T13:03:36Z,,,,,,,,CALCULATED
2013-09-08T07:10:00Z,2013-09-08T13:13:36Z,,,,,,,,CALCULATED
2013-09-08T07:20:00Z,2013-09-08T13:23:36Z,,,,,,,,CALCULATED
2013-09-08T07:30:00Z,2013-09-08T13:33:36Z,,,,,,,,CALCULATED
2013-09-08T07:40:00Z,2013-09-08T13:43:36Z,,,,,,,,CALCULATED
2013-09-08T07:50:00Z,2013-09-08T13:53:36Z,,,,,,,,CALCULATED
2013-09-08T08:00:00Z,2013-09-08T14:03:36Z,,,,,,,,CALCULATED
2013-09-08T08:10:00Z,2013-09-08T14:13:36Z,,,,,,,,CALCULATED
2013-09-08T08:20:00Z,2013-09-08T14:23:36Z,,,,,,,,CALCULATED
2013-09-08T08:30:00Z,2013-09-08T14:33:36Z,,,,,,,,CALCULATED
2013-09-08T08:40:00Z,2013-09-08T14:43:36Z,,,,,,,,CALCULATED
2013-09-08T08:50:00Z,2013-09-08T14:53:36Z,,,,,,,,CALCULATED
2013-09-08T09:00:00Z,2013-09-08T15:03:36Z,,,,,,,,CALCULATED
2013-09-08T09:10:00Z,2013-09-08T15:13:36Z,,,,,,,,CALCULATED
2013-09-08T09:20:00Z,2013-09-08T15:23:36Z,,,,,,,,CALCULATED
2013-09-08T09:30:00Z,2013-09-08T15:33:36Z,,,,,,,,CALCULATED
2013-09-08T09:40:00Z,2013-09-08T15:43:36Z,,,,,,,,CALCULATED
2013-09-08T09:50:00Z,2013-09-08T15:53:36Z,,,,,,,,CALCULATED
2013-09-08T10:00:00Z,2013-09-08T16:03:36Z,,,,,,,,CALCULATED
2013-09-08T10:10:00Z,2013-09-08T16:13:36Z,,,,,,,,CALCULATED
2013-09-08T10:20:00Z,2013-09-08T16:23:36Z,,,,,,,,CALCULATED
2013-09-08T10:30:00Z,2013-09-08T16:33:36Z,,,,,,,,CALCULATED
2013-09-08T10:40:00Z,2013-09-08T16:43:36Z,,,,,,,,CALCULATED
2013-09-08T10:50:00Z,2013-09-08T16:53:36Z,,,,,,,,CALCULATED
2013-09-08T11:00:00Z,2013-09-08T17:03:36Z,,,,,,,,CALCULATED
2013-09-08T11:10:00Z,2013-09-08T17:13:36Z,,,,,,,,CALCULATED
2013-09-08T11:20:00Z,2013-09-08T17:23:36Z,,,,,,,,CALCULATED
2013-09-08T11:30:00Z,2013-09-08T17:33:36Z,,,,,,,,CALCULATED
2013-09-08T11:40:00Z,2013-09-08T17:43:36Z,,,,,,,,CALCULATED
2013-09-08T11:50:00Z,2013-09-08T17:53:36Z,,,,,,,,CALCULATED
2013-09-08T12:00:00Z,2013-09-08T18:03:36Z,,,,,,,,CALCULATED
2013-09-08T12:10:00Z,2013-09-08T18:13:36Z,,,,,,,,CALCULATED
2013-09-08T12:20:00Z,2013-09-08T18:23:36Z,,,,,,,,CALCULATED
2013-09-08T12:30:00Z,2013-09-08T18:33:36Z,,,,,,,,CALCULATED
2013-09-08T12:40:00Z,2013-09-08T18:43:36Z,,,,,,,,CALCULATED
2013-09-08T12:50:00Z,2013-09-08T18:53:36Z,,,,,,,,CALCULATED
2013-09-08T13:00:00Z,2013-09-08T19:03:36Z,,,,,,,,CALCULATED
2013-09-08T13:10:00Z,2013-09-08T19:13:36Z,,,,,,,,CALCULATED
2013-09-08T13:20:00Z,2013-09-08T19:23:36Z,,,,,,,,CALCULATED
2013-09-08T13:30:00Z,2013-09-08T19:33:36Z,,,,,,,,CALCULATED
2013-09-08T13:40:00Z,2013-09-08T19:43:36Z,,,,,,,,CALCULATED
2013-09-08T13:50:00Z,2013-09-08T19:53:36Z,,,,,,,,CALCULATED
2013-09-08T14:00:00Z,2013-09-08T20:03:36Z,,,,,,,,CALCULATED
2013-09-08T14:10:00Z,2013-09-08T20:13:36Z,,,,,,,,CALCULATED
2013-09-08T14:20:00Z,2013-09-08T20:23:36Z,,,,,,,,CALCULATED
2013-09-08T14:30:00Z,2013-09-08T20:33:36Z,,,,,,,,CALCULATED
2013-09-08T14:40:00Z,2013-09-08T20:43:36Z,,,,,,,,CALCULATED
2013-09-08T14:50:00Z,2013-09-08T20:53:36Z,,,,,,,,CALCULATED
2013-09-08T15:00:00Z,2013-09-08T21:03:36Z,,,,,,,,CALCULATED
2013-09-08T15:10:00Z,2013-09-08T21:13:36Z,,,,,,,,CALCULATED
2013-09-08T15:20:00Z,2013-09-08T21:23:36Z,,,,,,,,CALCULATED
2013-09-08T15:30:00Z,2013-09-08T21:33:36Z,,,,,,,,CALCULATED
2013-09-08T15:40:00Z,2013-09-08T21:43:36Z,,,,,,,,CALCULATED
2013-09-08T15:50:00Z,2013-09-08T21:53:36Z,,,,,,OUT_WARN,,CALCULATED
2013-09-08T16:00:00Z,2013-09-08T22:03:36Z,,,,,,,,CALCULATED
2013-09-08T16:10:00Z,2013-09-08T22:13:36Z,,,,,,OUT_WARN,,CALCULATED
2013-09-08T16:20:00Z,2013-09-08T22:23:36Z,,,,,,,,CALCULATED
2013-09-08T16:30:00Z,2013-09-08T22:33:36Z,,,,,,OUT_WARN,,CALCULATED
2013-09-08T16:40:00Z,2013-09-08T22:43:36Z,,,,,,OUT_WARN,,CALCULATED
2013-09-08T16:50:00Z,2013-09-08T22:53:36Z,,,,,,OUT_WARN,,CALCULATED
2013-09-08T17:00:00Z,2013-09-08T23:03:36Z,,,,,,,,CALCULATED
2013-09-08T17:10:00Z,2013-09-08T23:13:36Z,,,,,,,,CALCULATED
2013-09-08T17:20:00Z,2013-09-08T23:23:36Z,,,,,,,,CALCULATED
2013-09-08T17:30:00Z,2013-09-08T23:33:36Z,,,,,,,,CALCULATED
2013-09-08T17:40:00Z,2013-09-08T23:43:36Z,,,,,,,,CALCULATED
2013-09-08T17:50:00Z,2013-09-08T23:53:36Z,,,,,,,,CALCULATED
2013-09-08T18:00:00Z,2013-09-09T00:03:36Z,,,,,,,,CALCULATED
2013-09-08T18:10:00Z,2013-09-09T00:13:57Z,,,,,,,,CALCULATED
2013-09-08T18:20:00Z,2013-09-09T00:23:57Z,,,,,,,,CALCULATED
2013-09-08T18:30:00Z,2013-09-09T00:33:57Z,,,,,,,,CALCULATED
2013-09-08T18:40:00Z,2013-09-09T00:43:57Z,,,,,,,,CALCULATED
2013-09-08T18:50:00Z,2013-09-09T00:53:57Z,,,,,,,,CALCULATED
2013-09-08T19:00:00Z,2013-09-09T01:03:57Z,,,,,,,,CALCULATED
2013-09-08T19:10:00Z,2013-09-09T01:13:57Z,,,,,,,,CALCULATED
2013-09-08T19:20:00Z,2013-09-09T01:23:57Z,,,,,,,,CALCULATED
2013-09-08T19:30:00Z,2013-09-09T01:33:57Z,,,,,,,,CALCULATED
2013-09-08T19:40:00Z,2013-09-09T01:43:57Z,,,,,,,,CALCULATED
2013-09-08T19:50:00Z,2013-09-09T01:53:57Z,,,,,,,,CALCULATED
2013-09-08T20:00:00Z,2013-09-09T02:03:57Z,,,,,,,,CALCULATED
2013-09-08T20:10:00Z,2013-09-09T02:13:57Z,,,,,,OUT_WARN,,CALCULATED
2013-09-08T20:20:00Z,2013-09-09T02:23:57Z,,,,,,OUT_WARN,,CALCULATED
2013-09-08T20:30:00Z,2013-09-09T02:33:57Z,,,,,,OUT_WARN,,CALCULATED
2013-09-08T20:40:00Z,2013-09-09T02:43:57Z,,,,,,,,CALCULATED
2013-09-08T20:50:00Z,2013-09-09T02:53:57Z,,,,,,,,CALCULATED
2013-09-08T21:00:00Z,2013-09-09T03:03:57Z,,,,,,,,CALCULATED
2013-09-08T21:10:00Z,2013-09-09T03:13:57Z,,,,,,,,CALCULATED
2013-09-08T21:20:00Z,2013-09-09T03:23:57Z,,,,,,,,CALCULATED
2013-09-08T21:30:00Z,2013-09-09T03:33:57Z,,,,,,,,CALCULATED
2013-09-08T21:40:00Z,2013-09-09T03:43:57Z,,,,,,,,CALCULATED
2013-09-08T21:50:00Z,2013-09-09T03:53:57Z,,,,,,,,CALCULATED
2013-09-08T22:00:00Z,2013-09-09T04:03:57Z,,,,,,,,CALCULATED
2013-09-08T22:10:00Z,2013-09-09T04:13:57Z,,,,,,,,CALCULATED
2013-09-08T22:20:00Z,2013-09-09T04:23:57Z,,,,,,,,CALCULATED
2013-09-08T22:30:00Z,2013-09-09T04:33:57Z,,,,,,,,CALCULATED
2013-09-08T22:40:00Z,2013-09-09T04:43:57Z,,,,,,,,CALCULATED
2013-09-08T22:50:00Z,2013-09-09T04:53:57Z,,,,,,,,CALCULATED
2013-09-08T23:00:00Z,2013-09-09T05:03:57Z,,,,,,,,CALCULATED
2013-09-08T23:10:00Z,2013-09-09T05:13:57Z,,,,,,,,CALCULATED
2013-09-08T23:20:00Z,2013-09-09T05:23:57Z,,,,,,,,CALCULATED
2013-09-08T23:30:00Z,2013-09-09T05:33:57Z,,,,,,,,CALCULATED
2013-09-08T23:40:00Z,2013-09-09T05:43:57Z,,,,,,,,CALCULATED
2013-09-08T23:50:00Z,2013-09-09T05:53:57Z,,,,,,,,CALCULATED
2013-09-09T00:00:00Z,2013-09-09T06:03:57Z,,,,,,,,CALCULATED
2013-09-09T00:10:00Z,2013-09-09T06:13:57Z,,,,,,,,CALCULATED
2013-09-09T00:20:00Z,2013-09-09T06:23:57Z,,,,,,,,CALCULATED
2013-09-09T00:30:00Z,2013-09-09T06:33:57Z,,,,,,,,CALCULATED
2013-09-09T00:40:00Z,2013-09-09T06:43:57Z,,,,,,,,CALCULATED
2013-09-09T00:50:00Z,2013-09-09T06:53:57Z,,,,,,,,CALCULATED
2013-09-09T01:00:00Z,2013-09-09T07:03:57Z,,,,,,,,CALCULATED
2013-09-09T01:10:00Z,2013-09-09T07:13:57Z,,,,,,,,CALCULATED
2013-09-09T01:20:00Z,2013-09-09T07:23:57Z,,,,,,,,CALCULATED
2013-09-09T01:30:00Z,2013-09-09T07:33:57Z,,,,,,,,CALCULATED
2013-09-09T01:40:00Z,2013-09-09T07:43:57Z,,,,,,,,CALCULATED
2013-09-09T01:50:00Z,2013-09-09T07:53:57Z,,,,,,,,CALCULATED
2013-09-09T02:00:00Z,2013-09-09T08:03:57Z,,,,,,,,CALCULATED
2013-09-09T02:10:00Z,2013-09-09T08:13:57Z,,,,,,,,CALCULATED
2013-09-09T02:20:00Z,2013-09-09T08:23:57Z,,,,,,,,CALCULATED
2013-09-09T02:30:00Z,2013-09-09T08:33:57Z,,,,,,,,CALCULATED
2013-09-09T02:40:00Z,2013-09-09T08:43:57Z,,,,,,,,CALCULATED
2013-09-09T02:50:00Z,2013-09-09T08:53:57Z,,,,,,,,CALCULATED
2013-09-09T03:00:00Z,2013-09-09T09:03:57Z,,,,,,,,CALCULATED
2013-09-09T03:10:00Z,2013-09-09T09:13:57Z,,,,,,,,CALCULATED
2013-09-09T03:20:00Z,2013-09-09T09:23:57Z,,,,,,,,CALCULATED
2013-09-09T03:30:00Z,2013-09-09T09:33:57Z,,,,,,,,CALCULATED
2013-09-09T03:40:00Z,2013-09-09T09:43:57Z,,,,,,,,CALCULATED
2013-09-09T03:50:00Z,2013-09-09T09:53:57Z,,,,,,,,CALCULATED
2013-09-09T04:00:00Z,2013-09-09T10:03:57Z,,,,,,,,CALCULATED
2013-09-09T04:10:00Z,2013-09-09T10:13:57Z,,,,,,,,CALCULATED
2013-09-09T04:20:00Z,2013-09-09T10:23:57Z,,,,,,,,CALCULATED
2013-09-09T04:30:00Z,2013-09-09T10:33:57Z,,,,,,,,CALCULATED
2013-09-09T04:40:00Z,2013-09-09T10:43:57Z,,,,,,,,CALCULATED
2013-09-09T04:50:00Z,2013-09-09T10:53:57Z,,,,,,,,CALCULATED
2013-09-09T05:00:00Z,2013-09-09T11:03:57Z,,,,,,,,CALCULATED
2013-09-09T05:10:00Z,2013-09-09T11:13:57Z,,,,,,,,CALCULATED
2013-09-09T05:20:00Z,2013-09-09T11:23:57Z,,,,,,,,CALCULATED
2013-09-09T05:30:00Z,2013-09-09T11:33:57Z,,,,,,,,CALCULATED
2013-09-09T05:40:00Z,2013-09-09T11:43:57Z,,,,,,,,CALCULATED
2013-09-09T05:50:00Z,2013-09-09T11:53:57Z,,,,,,,,CALCULATED
2013-09-09T06:00:00Z,2013-09-09T12:03:57Z,,,,,,,,CALCULATED
2013-09-09T06:10:00Z,2013-09-09T12:13:57Z,,,,,,,,CALCULATED
2013-09-09T06:20:00Z,2013-09-09T12:23:57Z,,,,,,,,CALCULATED
2013-09-09T06:30:00Z,2013-09-09T12:33:57Z,,,,,,,,CALCULATED
2013-09-09T06:40:00Z,2013-09-09T12:43:57Z,,,,,,,,CALCULATED
2013-09-09T06:50:00Z,2013-09-09T12:53:57Z,,,,,,,,CALCULATED
2013-09-09T07:00:00Z,2013-09-09T13:03:57Z,,,,,,,,CALCULATED
2013-09-09T07:10:00Z,2013-09-09T13:13:57Z,,,,,,,,CALCULATED
2013-09-09T07:20:00Z,2013-09-09T13:23:57Z,,,,,,,,CALCULATED
2013-09-09T07:30:00Z,2013-09-09T13:33:57Z,,,,,,,,CALCULATED
2013-09-09T07:40:00Z,2013-09-09T13:43:57Z,,,,,,,,CALCULATED
2013-09-09T07:50:00Z,2013-09-09T13:53:57Z,,,,,,,,CALCULATED
2013-09-09T08:00:00Z,2013-09-09T14:03:57Z,,,,,,,,CALCULATED
2013-09-09T08:10:00Z,2013-09-09T14:13:57Z,,,,,,,,CALCULATED
2013-09-09T08:20:00Z,2013-09-09T14:23:57Z,,,,,,,,CALCULATED
2013-09-09T08:30:00Z,2013-09-09T14:33:57Z,,,,,,,,CALCULATED
2013-09-09T08:40:00Z,2013-09-09T14:43:57Z,,,,,,,,CALCULATED
2013-09-09T08:50:00Z,2013-09-09T14:53:57Z,,,,,,,,CALCULATED
2013-09-09T09:00:00Z,2013-09-09T15:03:57Z,,,,,,,,CALCULATED
2013-09-09T09:10:00Z,2013-09-09T15:13:57Z,,,,,,,,CALCULATED
2013-09-09T09:20:00Z,2013-09-09T15:23:57Z,,,,,,,,CALCULATED
2013-09-09T09:30:00Z,2013-09-09T15:33:57Z,,,,,,,,CALCULATED
2013-09-09T09:40:00Z,2013-09-09T15:43:57Z,,,,,,,,CALCULATED
2013-09-09T09:50:00Z,2013-09-09T15:53:57Z,,,,,,,,CALCULATED
2013-09-09T10:00:00Z,2013-09-09T16:03:57Z,,,,,,,,CALCULATED
2013-09-09T10:10:00Z,2013-09-09T16:13:57Z,,,,,,,,CALCULATED
2013-09-09T10:20:00Z,2013-09-09T16:23:57Z,,,,,,,,CALCULATED
2013-09-09T10:30:00Z,2013-09-09T16:33:57Z,,,,,,,,CALCULATED
2013-09-09T10:40:00Z,2013-09-09T16:43:57Z,,,,,,,,CALCULATED
2013-09-09T10:50:00Z,2013-09-09T16:53:57Z,,,,,,,,CALCULATED
2013-09-09T11:00:00Z,2013-09-09T17:03:57Z,,,,,,,,CALCULATED
2013-09-09T11:10:00Z,2013-09-09T17:13:57Z,,,,,,,,CALCULATED
2013-09-09T11:20:00Z,2013-09-09T17:23:57Z,,,,,,,,CALCULATED
2013-09-09T11:30:00Z,2013-09-09T17:33:57Z,,,,,,,,CALCULATED
2013-09-09T11:40:00Z,2013-09-09T17:43:57Z,,,,,,,,CALCULATED
2013-09-09T11:50:00Z,2013-09-09T17:53:57Z,,,,,,,,CALCULATED
2013-09-09T12:00:00Z,2013-09-09T18:03:57Z,,,,,,,,CALCULATED
2013-09-09T12:10:00Z,2013-09-09T18:13:57Z,,,,,,,,CALCULATED
2013-09-09T12:20:00Z,2013-09-09T18:23:57Z,,,,,,,,CALCULATED
2013-09-09T12:30:00Z,2013-09-09T18:33:57Z,,,,,,,,CALCULATED
2013-09-09T12:40:00Z,2013-09-09T18:43:57Z,,,,,,,,CALCULATED
2013-09-09T12:50:00Z,2013-09-09T18:53:57Z,,,,,,,,CALCULATED
2013-09-09T13:00:00Z,2013-09-09T19:03:57Z,,,,,,,,CALCULATED
2013-09-09T13:10:00Z,2013-09-09T19:13:57Z,,,,,,,,CALCULATED
2013-09-09T13:20:00Z,2013-09-09T19:23:57Z,,,,,,,,CALCULATED
2013-09-09T13:30:00Z,2013-09-09T19:33:57Z,,,,,,,,CALCULATED
2013-09-09T13:40:00Z,2013-09-09T19:43:57Z,,,,,,,,CALCULATED
2013-09-09T13:50:00Z,2013-09-09T19:53:57Z,,,,,,,,CALCULATED
2013-09-09T14:00:00Z,2013-09-09T20:03:57Z,,,,,,,,CALCULATED
2013-09-09T14:10:00Z,2013-09-09T20:13:57Z,,,,,,,,CALCULATED
2013-09-09T14:20:00Z,2013-09-09T20:23:57Z,,,,,,,,CALCULATED
2013-09-09T14:30:00Z,2013-09-09T20:33:57Z,,,,,,,,CALCULATED
2013-09-09T14:40:00Z,2013-09-09T20:43:57Z,,,,,,,,CALCULATED
2013-09-09T14:50:00Z,2013-09-09T20:53:57Z,,,,,,,,CALCULATED
2013-09-09T15:00:00Z,2013-09-09T21:03:57Z,,,,,,,,CALCULATED
2013-09-09T15:10:00Z,2013-09-09T21:13:57Z,,,,,,,,CALCULATED
2013-09-09T15:20:00Z,2013-09-09T21:23:57Z,,,,,,,,CALCULATED
2013-09-09T15:30:00Z,2013-09-09T21:33:57Z,,,,,,,,CALCULATED
2013-09-09T15:40:00Z,2013-09-09T21:43:57Z,,,,,,,,CALCULATED
2013-09-09T15:50:00Z,2013-09-09T21:53:57Z,,,,,,,,CALCULATED
2013-09-09T16:00:00Z,2013-09-09T22:03:57Z,,,,,,,,CALCULATED
2013-09-09T16:10:00Z,2013-09-09T22:13:57Z,,,,,,,,CALCULATED
2013-09-09T16:20:00Z,2013-09-09T22:23:57Z,,,,,,,,CALCULATED
2013-09-09T16:30:00Z,2013-09-09T22:33:57Z,,,,,,,,CALCULATED
2013-09-09T16:40:00Z,2013-09-09T22:43:57Z,,,,,,,,CALCULATED
2013-09-09T16:50:00Z,2013-09-09T22:53:57Z,,,,,,,,CALCULATED
2013-09-09T17:00:00Z,2013-09-09T23:03:57Z,,,,,,,,CALCULATED
2013-09-09T17:10:00Z,2013-09-09T23:13:57Z,,,,,,,,CALCULATED
2013-09-09T17:20:00Z,2013-09-09T23:23:57Z,,,,,,,,CALCULATED
2013-09-09T17:30:00Z,2013-09-09T23:33:57Z,,,,,,,,CALCULATED
2013-09-09T17:40:00Z,2013-09-09T23:43:57Z,,,,,,,,CALCULATED
2013-09-09T17:50:00Z,2013-09-09T23:53:57Z,,,,,,,,CALCULATED
2013-09-09T18:00:00Z,2013-09-10T00:03:57Z,,,,,,,,CALCULATED
2013-09-09T18:10:00Z,2013-09-10T00:14:19Z,,,,,,,,CALCULATED
2013-09-09T18:20:00Z,2013-09-10T00:24:19Z,,,,,,,,CALCULATED
2013-09-09T18:30:00Z,2013-09-10T00:34:19Z,,,,,,,,CALCULATED
2013-09-09T18:40:00Z,2013-09-10T00:44:19Z,,,,,,,,CALCULATED
2013-09-09T18:50:00Z,2013-09-10T00:54:19Z,,,,,,,,CALCULATED
2013-09-09T19:00:00Z,2013-09-10T01:04:19Z,,,,,,,,CALCULATED
2013-09-09T19:10:00Z,2013-09-10T01:14:19Z,,,,,,,,CALCULATED
2013-09-09T19:20:00Z,2013-09-10T01:24:19Z,,,,,,OUT_WARN,,CALCULATED
2013-09-09T19:30:00Z,2013-09-10T01:34:19Z,,,,,,,,CALCULATED
2013-09-09T19:40:00Z,2013-09-10T01:44:19Z,,,,,,,,CALCULATED
2013-09-09T19:50:00Z,2013-09-10T01:54:19Z,,,,,,OUT_WARN,,CALCULATED
2013-09-09T20:00:00Z,2013-09-10T02:04:19Z,,,,,,OUT_WARN,,CALCULATED
2013-09-09T20:10:00Z,2013-09-10T02:14:19Z,,,,,,,,CALCULATED
2013-09-09T20:20:00Z,2013-09-10T02:24:19Z,,,,,,OUT_WARN,,CALCULATED
2013-09-09T20:30:00Z,2013-09-10T02:34:19Z,,,,,,,,CALCULATED
2013-09-09T20:40:00Z,2013-09-10T02:44:19Z,,,,,,,,CALCULATED
2013-09-09T20:50:00Z,2013-09-10T02:54:19Z,,,,,,,,CALCULATED
2013-09-09T21:00:00Z,2013-09-10T03:04:19Z,,,,,,,,CALCULATED
2013-09-09T21:10:00Z,2013-09-10T03:14:19Z,,,,,,,,CALCULATED
2013-09-09T21:20:00Z,2013-09-10T03:24:19Z,,,,,,,,CALCULATED
2013-09-09T21:30:00Z,2013-09-10T03:34:19Z,,,,,,,,CALCULATED
2013-09-09T21:40:00Z,2013-09-10T03:44:19Z,,,,,,,,CALCULATED
2013-09-09T21:50:00Z,2013-09-10T03:54:19Z,,,,,,,,CALCULATED
2013-09-09T22:00:00Z,2013-09-10T04:04:19Z,,,,,,,,CALCULATED
2013-09-09T22:10:00Z,2013-09-10T04:14:19Z,,,,,,,,CALCULATED
2013-09-09T22:20:00Z,2013-09-10T04:24:19Z,,,,,,,,CALCULATED
2013-09-09T22:30:00Z,2013-09-10T04:34:19Z,,,,,,,,CALCULATED
2013-09-09T22:40:00Z,2013-09-10T04:44:19Z,,,,,,,,CALCULATED
2013-09-09T22:50:00Z,2013-09-10T04:54:19Z,,,,,,,,CALCULATED
2013-09-09T23:00:00Z,2013-09-10T05:04:19Z,,,,,,,,CALCULATED
2013-09-09T23:10:00Z,2013-09-10T05:14:19Z,,,,,,,,CALCULATED
2013-09-09T23:20:00Z,2013-09-10T05:24:19Z,,,,,,,,CALCULATED
2013-09-09T23:30:00Z,2013-09-10T05:34:19Z,,,,,,,,CALCULATED
2013-09-09T23:40:00Z,2013-09-10T05:44:19Z,,,,,,,,CALCULATED
2013-09-09T23:50:00Z,2013-09-10T05:54:19Z,,,,,,,,CALCULATED
2013-09-10T00:00:00Z,2013-09-10T06:04:19Z,,,,,,,,CALCULATED
2013-09-10T00:10:00Z,2013-09-10T06:14:19Z,,,,,,,,CALCULATED
2013-09-10T00:20:00Z,2013-09-10T06:24:19Z,,,,,,,,CALCULATED
2013-09-10T00:30:00Z,2013-09-10T06:34:19Z,,,,,,,,CALCULATED
2013-09-10T00:40:00Z,2013-09-10T06:44:19Z,,,,,,,,CALCULATED
2013-09-10T00:50:00Z,2013-09-10T06:54:19Z,,,,,,,,CALCULATED
2013-09-10T01:00:00Z,2013-09-10T07:04:19Z,,,,,,,,CALCULATED
2013-09-10T01:10:00Z,2013-09-10T07:14:19Z,,,,,,,,CALCULATED
2013-09-10T01:20:00Z,2013-09-10T07:24:19Z,,,,,,,,CALCULATED
2013-09-10T01:30:00Z,2013-09-10T07:34:19Z,,,,,,,,CALCULATED
2013-09-10T01:40:00Z,2013-09-10T07:44:19Z,,,,,,,,CALCULATED
2013-09-10T01:50:00Z,2013-09-10T07:54:19Z,,,,,,,,CALCULATED
2013-09-10T02:00:00Z,2013-09-10T08:04:19Z,,,,,,,,CALCULATED
2013-09-10T02:10:00Z,2013-09-10T08:14:19Z,,,,,,,,CALCULATED
2013-09-10T02:20:00Z,2013-09-10T08:24:19Z,,,,,,,,CALCULATED
2013-09-10T02:30:00Z,2013-09-10T08:34:19Z,,,,,,,,CALCULATED
2013-09-10T02:40:00Z,2013-09-10T08:44:19Z,,,,,,,,CALCULATED
2013-09-10T02:50:00Z,2013-09-10T08:54:19Z,,,,,,,,CALCULATED
2013-09-10T03:00:00Z,2013-09-10T09:04:19Z,,,,,,,,CALCULATED
2013-09-10T03:10:00Z,2013-09-10T09:14:19Z,,,,,,,,CALCULATED
2013-09-10T03:20:00Z,2013-09-10T09:24:19Z,,,,,,,,CALCULATED
2013-09-10T03:30:00Z,2013-09-10T09:34:19Z,,,,,,,,CALCULATED
2013-09-10T03:40:00Z,2013-09-10T09:44:19Z,,,,,,,,CALCULATED
2013-09-10T03:50:00Z,2013-09-10T09:54:19Z,,,,,,,,CALCULATED
2013-09-10T04:00:00Z,2013-09-10T10:04:19Z,,,,,,,,CALCULATED
2013-09-10T04:10:00Z,2013-09-10T10:14:19Z,,,,,,,,CALCULATED
2013-09-10T04:20:00Z,2013-09-10T10:24:19Z,,,,,,,,CALCULATED
2013-09-10T04:30:00Z,2013-09-10T10:34:19Z,,,,,,,,CALCULATED
2013-09-10T04:40:00Z,2013-09-10T10:44:19Z,,,,,,,,CALCULATED
2013-09-10T04:50:00Z,2013-09-10T10:54:19Z,,,,,,,,CALCULATED
2013-09-10T05:00:00Z,2013-09-10T11:04:19Z,,,,,,,,CALCULATED
2013-09-10T05:10:00Z,2013-09-10T11:14:19Z,,,,,,,,CALCULATED
2013-09-10T05:20:00Z,2013-09-10T11:24:19Z,,,,,,,,CALCULATED
2013-09-10T05:30:00Z,2013-09-10T11:34:19Z,,,,,,,,CALCULATED
2013-09-10T05:40:00Z,2013-09-10T11:44:19Z,,,,,,,,CALCULATED
2013-09-10T05:50:00Z,2013-09-10T11:54:19Z,,,,,,,,CALCULATED
2013-09-10T06:00:00Z,2013-09-10T12:04:19Z,,,,,,,,CALCULATED
2013-09-10T06:10:00Z,2013-09-10T12:14:19Z,,,,,,,,CALCULATED
2013-09-10T06:20:00Z,2013-09-10T12:24:19Z,,,,,,,,CALCULATED
2013-09-10T06:30:00Z,2013-09-10T12:34:19Z,,,,,,,,CALCULATED
2013-09-10T06:40:00Z,2013-09-10T12:44:19Z,,,,,,,,CALCULATED
2013-09-10T06:50:00Z,2013-09-10T12:54:19Z,,,,,,,,CALCULATED
2013-09-10T07:00:00Z,2013-09-10T13:04:19Z,,,,,,,,CALCULATED
2013-09-10T07:10:00Z,2013-09-10T13:14:19Z,,,,,,,,CALCULATED
2013-09-10T07:20:00Z,2013-09-10T13:24:19Z,,,,,,,,CALCULATED
2013-09-10T07:30:00Z,2013-09-10T13:34:19Z,,,,,,,,CALCULATED
2013-09-10T07:40:00Z,2013-09-10T13:44:19Z,,,,,,,,CALCULATED
2013-09-10T07:50:00Z,2013-09-10T13:54:19Z,,,,,,,,CALCULATED
2013-09-10T08:00:00Z,2013-09-10T14:04:19Z,,,,,,,,CALCULATED
2013-09-10T08:10:00Z,2013-09-10T14:14:19Z,,,,,,,,CALCULATED
2013-09-10T08:20:00Z,2013-09-10T14:24:19Z,,,,,,,,CALCULATED
2013-09-10T08:30:00Z,2013-09-10T14:34:19Z,,,,,,,,CALCULATED
2013-09-10T08:40:00Z,2013-09-10T14:44:19Z,,,,,,,,CALCULATED
2013-09-10T08:50:00Z,2013-09-10T14:54:19Z,,,,,,,,CALCULATED
2013-09-10T09:00:00Z,2013-09-10T15:04:19Z,,,,,,,,CALCULATED
2013-09-10T09:10:00Z,2013-09-10T15:14:19Z,,,,,,,,CALCULATED
2013-09-10T09:20:00Z,2013-09-10T15:24:19Z,,,,,,,,CALCULATED
2013-09-10T09:30:00Z,2013-09-10T15:34:19Z,,,,,,,,CALCULATED
2013-09-10T09:40:00Z,2013-09-10T15:44:19Z,,,,,,,,CALCULATED
2013-09-10T09:50:00Z,2013-09-10T15:54:19Z,,,,,,,,CALCULATED
2013-09-10T10:00:00Z,2013-09-10T16:04:19Z,,,,,,,,CALCULATED
2013-09-10T10:10:00Z,2013-09-10T16:14:19Z,,,,,,,,CALCULATED
2013-09-10T10:20:00Z,2013-09-10T16:24:19Z,,,,,,,,CALCULATED
2013-09-10T10:30:00Z,2013-09-10T16:34:19Z,,,,,,,,CALCULATED
2013-09-10T10:40:00Z,2013-09-10T16:44:19Z,,,,,,,,CALCULATED
2013-09-10T10:50:00Z,2013-09-10T16:54:19Z,,,,,,,,CALCULATED
2013-09-10T11:00:00Z,2013-09-10T17:04:19Z,,,,,,,,CALCULATED
2013-09-10T11:10:00Z,2013-09-10T17:14:19Z,,,,,,,,CALCULATED
2013-09-10T11:20:00Z,2013-09-10T17:24:19Z,,,,,,,,CALCULATED
2013-09-10T11:30:00Z,2013-09-10T17:34:19Z,,,,,,,,CALCULATED
2013-09-10T11:40:00Z,2013-09-10T17:44:19Z,,,,,,,,CALCULATED
2013-09-10T11:50:00Z,2013-09-10T17:54:19Z,,,,,,,,CALCULATED
2013-09-10T12:00:00Z,2013-09-10T18:04:19Z,,,,,,,,CALCULATED
2013-09-10T12:10:00Z,2013-09-10T18:14:19Z,,,,,,,,CALCULATED
2013-09-10T12:20:00Z,2013-09-10T18:24:19Z,,,,,,,,CALCULATED
2013-09-10T12:30:00Z,2013-09-10T18:34:19Z,,,,,,,,CALCULATED
2013-09-10T12:40:00Z,2013-09-10T18:44:19Z,,,,,,,,CALCULATED
2013-09-10T12:50:00Z,2013-09-10T18:54:19Z,,,,,,,,CALCULATED
2013-09-10T13:00:00Z,2013-09-10T19:04:19Z,,,,,,,,CALCULATED
2013-09-10T13:10:00Z,2013-09-10T19:14:19Z,,,,,,,,CALCULATED
2013-09-10T13:20:00Z,2013-09-10T19:24:19Z,,,,,,,,CALCULATED
2013-09-10T13:30:00Z,2013-09-10T19:34:19Z,,,,,,,,CALCULATED
2013-09-10T13:40:00Z,2013-09-10T19:44:19Z,,,,,,,,CALCULATED
2013-09-10T13:50:00Z,2013-09-10T19:54:19Z,,,,,,,,CALCULATED
2013-09-10T14:00:00Z,2013-09-10T20:04:19Z,,,,,,,,CALCULATED
2013-09-10T14:10:00Z,2013-09-10T20:14:19Z,,,,,,,,CALCULATED
2013-09-10T14:20:00Z,2013-09-10T20:24:19Z,,,,,,,,CALCULATED
2013-09-10T14:30:00Z,2013-09-10T20:34:19Z,,,,,,,,CALCULATED
2013-09-10T14:40:00Z,2013-09-10T20:44:19Z,,,,,,,,CALCULATED
2013-09-10T14:50:00Z,2013-09-10T20:54:19Z,,,,,,,,CALCULATED
2013-09-10T15:00:00Z,2013-09-10T21:04:19Z,,,,,,,,CALCULATED
2013-09-10T15:10:00Z,2013-09-10T21:14:19Z,,,,,,,,CALCULATED
2013-09-10T15:20:00Z,2013-09-10T21:24:19Z,,,,,,,,CALCULATED
2013-09-10T15:30:00Z,2013-09-10T21:34:19Z,,,,,,,,CALCULATED
2013-09-10T15:40:00Z,2013-09-10T21:44:19Z,,,,,,,,CALCULATED
2013-09-10T15:50:00Z,2013-09-10T21:54:19Z,,,,,,,,CALCULATED
2013-09-10T16:00:00Z,2013-09-10T22:04:19Z,,,,,,,,CALCULATED
2013-09-10T16:10:00Z,2013-09-10T22:14:19Z,,,,,,,,CALCULATED
2013-09-10T16:20:00Z,2013-09-10T22:24:19Z,,,,,,,,CALCULATED
2013-09-10T16:30:00Z,2013-09-10T22:34:19Z,,,,,,,,CALCULATED
2013-09-10T16:40:00Z,2013-09-10T22:44:19Z,,,,,,,,CALCULATED
2013-09-10T16:50:00Z,2013-09-10T22:54:19Z,,,,,,,,CALCULATED
2013-09-10T17:00:00Z,2013-09-10T23:04:19Z,,,,,,,,CALCULATED
2013-09-10T17:10:00Z,2013-09-10T23:14:19Z,,,,,,,,CALCULATED
2013-09-10T17:20:00Z,2013-09-10T23:24:19Z,,,,,,,,CALCULATED
2013-09-10T17:30:00Z,2013-09-10T23:34:19Z,,,,,,,,CALCULATED
2013-09-10T17:40:00Z,2013-09-10T23:44:19Z,,,,,,,,CALCULATED
2013-09-10T17:50:00Z,2013-09-10T23:54:19Z,,,,,,,,CALCULATED
2013-09-10T18:00:00Z,2013-09-11T00:04:19Z,,,,,,,,CALCULATED
2013-09-10T18:10:00Z,2013-09-11T00:14:41Z,,,,,,OUT_WARN,,CALCULATED
2013-09-10T18:20:00Z,2013-09-11T00:24:41Z,,,,,,,,CALCULATED
2013-09-10T18:30:00Z,2013-09-11T00:34:41Z,,,,,,,,CALCULATED
2013-09-10T18:40:00Z,2013-09-11T00:44:41Z,,,,,,,,CALCULATED
2013-09-10T18:50:00Z,2013-09-11T00:54:41Z,,,,,,,,CALCULATED
2013-09-10T19:00:00Z,2013-09-11T01:04:41Z,,,,,,,,CALCULATED
2013-09-10T19:10:00Z,2013-09-11T01:14:41Z,,,,,,OUT_WARN,,CALCULATED
2013-09-10T19:20:00Z,2013-09-11T01:24:41Z,,,,,,OUT_WARN,,CALCULATED
2013-09-10T19:30:00Z,2013-09-11T01:34:41Z,,,,,,,,CALCULATED
2013-09-10T19:40:00Z,2013-09-11T01:44:41Z,,,,,,OUT_WARN,,CALCULATED
2013-09-10T19:50:00Z,2013-09-11T01:54:41Z,,,,,,,,CALCULATED
2013-09-10T20:00:00Z,2013-09-11T02:04:41Z,,,,,,OUT_WARN,,CALCULATED
2013-09-10T20:10:00Z,2013-09-11T02:14:41Z,,,,,,,,CALCULATED
2013-09-10T20:20:00Z,2013-09-11T02:24:41Z,,,,,,,,CALCULATED
2013-09-10T20:30:00Z,2013-09-11T02:34:41Z,,,,,,,,CALCULATED
2013-09-10T20:40:00Z,2013-09-11T02:44:41Z,,,,,,,,CALCULATED
2013-09-10T20:50:00Z,2013-09-11T02:54:41Z,,,,,,,,CALCULATED
2013-09-10T21:00:00Z,2013-09-11T03:04:41Z,,,,,,,,CALCULATED
2013-09-10T21:10:00Z,2013-09-11T03:14:41Z,,,,,,OUT_WARN,,CALCULATED
2013-09-10T21:20:00Z,2013-09-11T03:24:41Z,,,,,,OUT_WARN,,CALCULATED
2013-09-10T21:30:00Z,2013-09-11T03:34:41Z,,,,,,OUT_WARN,,CALCULATED
2013-09-10T21:40:00Z,2013-09-11T03:44:41Z,,,,,,,,CALCULATED
2013-09-10T21:50:00Z,2013-09-11T03:54:41Z,,,,,,,,CALCULATED
2013-09-10T22:00:00Z,2013-09-11T04:04:41Z,,,,,,OUT_WARN,,CALCULATED
2013-09-10T22:10:00Z,2013-09-11T04:14:41Z,,,,,,OUT_WARN,,CALCULATED
2013-09-10T22:20:00Z,2013-09-11T04:24:41Z,,,,,,,,CALCULATED
2013-09-10T22:30:00Z,2013-09-11T04:34:41Z,,,,,,,,CALCULATED
2013-09-10T22:40:00Z,2013-09-11T04:44:41Z,,,,,,,,CALCULATED
2013-09-10T22:50:00Z,2013-09-11T04:54:41Z,,,,,,,,CALCULATED
2013-09-10T23:00:00Z,2013-09-11T05:04:41Z,,,,,,,,CALCULATED
2013-09-10T23:10:00Z,2013-09-11T05:14:41Z,,,,,,,,CALCULATED
2013-09-10T23:20:00Z,2013-09-11T05:24:41Z,,,,,,,,CALCULATED
2013-09-10T23:30:00Z,2013-09-11T05:34:41Z,,,,,,,,CALCULATED
2013-09-10T23:40:00Z,2013-09-11T05:44:41Z,,,,,,,,CALCULATED
2013-09-10T23:50:00Z,2013-09-11T05:54:41Z,,,,,,,,CALCULATED
2013-09-11T00:00:00Z,2013-09-11T06:04:41Z,,,,,,,,CALCULATED
2013-09-11T00:10:00Z,2013-09-11T06:14:41Z,,,,,,,,CALCULATED
2013-09-11T00:20:00Z,2013-09-11T06:24:41Z,,,,,,,,CALCULATED
2013-09-11T00:30:00Z,2013-09-11T06:34:41Z,,,,,,,,CALCULATED
2013-09-11T00:40:00Z,2013-09-11T06:44:41Z,,,,,,,,CALCULATED
2013-09-11T00:50:00Z,2013-09-11T06:54:41Z,,,,,,,,CALCULATED
2013-09-11T01:00:00Z,2013-09-11T07:04:41Z,,,,,,,,CALCULATED
2013-09-11T01:10:00Z,2013-09-11T07:14:41Z,,,,,,,,CALCULATED
2013-09-11T01:20:00Z,2013-09-11T07:24:41Z,,,,,,,,CALCULATED
2013-09-11T01:30:00Z,2013-09-11T07:34:41Z,,,,,,,,CALCULATED
2013-09-11T01:40:00Z,2013-09-11T07:44:41Z,,,,,,,,CALCULATED
2013-09-11T01:50:00Z,2013-09-11T07:54:41Z,,,,,,,,CALCULATED
2013-09-11T02:00:00Z,2013-09-11T08:04:41Z,,,,,,,,CALCULATED
2013-09-11T02:10:00Z,2013-09-11T08:14:41Z,,,,,,,,CALCULATED
2013-09-11T02:20:00Z,2013-09-11T08:24:41Z,,,,,,OUT_WARN,,CALCULATED
2013-09-11T02:30:00Z,2013-09-11T08:34:41Z,,,,,,OUT_WARN,,CALCULATED
2013-09-11T02:40:00Z,2013-09-11T08:44:41Z,,,,,,,,CALCULATED
2013-09-11T02:50:00Z,2013-09-11T08:54:41Z,,,,,,,,CALCULATED
2013-09-11T03:00:00Z,2013-09-11T09:04:41Z,,,,,,,,CALCULATED
2013-09-11T03:10:00Z,2013-09-11T09:14:41Z,,,,,,,,CALCULATED
2013-09-11T03:20:00Z,2013-09-11T09:24:41Z,,,,,,,,CALCULATED
2013-09-11T03:30:00Z,2013-09-11T09:34:41Z,,,,,,,,CALCULATED
2013-09-11T03:40:00Z,2013-09-11T09:44:41Z,,,,,,,,CALCULATED
2013-09-11T03:50:00Z,2013-09-11T09:54:41Z,,,,,,,,CALCULATED
2013-09-11T04:00:00Z,2013-09-11T10:04:41Z,,,,,,,,CALCULATED
2013-09-11T04:10:00Z,2013-09-11T10:14:41Z,,,,,,,,CALCULATED
2013-09-11T04:20:00Z,2013-09-11T10:24:41Z,,,,,,,,CALCULATED
2013-09-11T04:30:00Z,2013-09-11T10:34:41Z,,,,,,,,CALCULATED
2013-09-11T04:40:00Z,2013-09-11T10:44:41Z,,,,,,,,CALCULATED
2013-09-11T04:50:00Z,2013-09-11T10:54:41Z,,,,,,,,CALCULATED
2013-09-11T05:00:00Z,2013-09-11T11:04:41Z,,,,,,,,CALCULATED
2013-09-11T05:10:00Z,2013-09-11T11:14:41Z,,,,,,,,CALCULATED
2013-09-11T05:20:00Z,2013-09-11T11:24:41Z,,,,,,,,CALCULATED
2013-09-11T05:30:00Z,2013-09-11T11:34:41Z,,,,,,,,CALCULATED
2013-09-11T05:40:00Z,2013-09-11T11:44:41Z,,,,,,,,CALCULATED
2013-09-11T05:50:00Z,2013-09-11T11:54:41Z,,,,,,,,CALCULATED
2013-09-11T06:00:00Z,2013-09-11T12:04:41Z,,,,,,,,CALCULATED
2013-09-11T06:10:00Z,2013-09-11T12:14:41Z,,,,,,,,CALCULATED
2013-09-11T06:20:00Z,2013-09-11T12:24:41Z,,,,,,,,CALCULATED
2013-09-11T06:30:00Z,2013-09-11T12:34:41Z,,,,,,,,CALCULATED
2013-09-11T06:40:00Z,2013-09-11T12:44:41Z,,,,,,,,CALCULATED
2013-09-11T06:50:00Z,2013-09-11T12:54:41Z,,,,,,,,CALCULATED
2013-09-11T07:00:00Z,2013-09-11T13:04:41Z,,,,,,,,CALCULATED
2013-09-11T07:10:00Z,2013-09-11T13:14:41Z,,RANGE_WARN,,,,,,CALCULATED
2013-09-11T07:20:00Z,2013-09-11T13:24:41Z,,,,,,,,CALCULATED
2013-09-11T07:30:00Z,2013-09-11T13:34:41Z,,,,,,,,CALCULATED
2013-09-11T07:40:00Z,2013-09-11T13:44:41Z,,RANGE_WARN,,,,,,CALCULATED
2013-09-11T07:50:00Z,2013-09-11T13:54:41Z,,RANGE_WARN,,,,,,CALCULATED
2013-09-11T08:00:00Z,2013-09-11T14:04:41Z,,,,,,,,CALCULATED
2013-09-11T08:10:00Z,2013-09-11T14:14:41Z,,,,,,,,CALCULATED
2013-09-11T08:20:00Z,2013-09-11T14:24:41Z,,RANGE_WARN,,,,,,CALCULATED
2013-09-11T08:30:00Z,2013-09-11T14:34:41Z,,RANGE_WARN,,,,,,CALCULATED
2013-09-11T08:40:00Z,2013-09-11T14:44:41Z,,,,,,,,CALCULATED
2013-09-11T08:50:00Z,2013-09-11T14:54:41Z,,RANGE_WARN,,,,,,CALCULATED
2013-09-11T09:00:00Z,2013-09-11T15:04:41Z,,RANGE_WARN,,,,,,CALCULATED
2013-09-11T09:10:00Z,2013-09-11T15:14:41Z,,RANGE_WARN,,,,,,CALCULATED
2013-09-11T09:20:00Z,2013-09-11T15:24:41Z,,RANGE_WARN,,,,,,CALCULATED
2013-09-11T09:30:00Z,2013-09-11T15:34:41Z,,RANGE_WARN,,,,,,CALCULATED
2013-09-11T09:40:00Z,2013-09-11T15:44:41Z,,RANGE_WARN,,,,,,CALCULATED
2013-09-11T09:50:00Z,2013-09-11T15:54:41Z,,RANGE_WARN,,,,,,CALCULATED
2013-09-11T10:00:00Z,2013-09-11T16:04:41Z,,RANGE_WARN,,,,,,CALCULATED
2013-09-11T10:10:00Z,2013-09-11T16:14:41Z,,RANGE_WARN,,,,,,CALCULATED
2013-09-11T10:20:00Z,2013-09-11T16:24:41Z,,RANGE_WARN,,,,,,CALCULATED
2013-09-11T10:30:00Z,2013-09-11T16:34:41Z,,RANGE_WARN,,,,,,CALCULATED
2013-09-11T10:40:00Z,2013-09-11T16:44:41Z,,RANGE_WARN,,,,,,CALCULATED
2013-09-11T10:50:00Z,2013-09-11T16:54:41Z,,RANGE_WARN,,,,,,CALCULATED
2013-09-11T11:00:00Z,2013-09-11T17:04:41Z,,RANGE_WARN,,,,,,CALCULATED
2013-09-11T11:10:00Z,2013-09-11T17:14:41Z,,RANGE_WARN,,,,,,CALCULATED
2013-09-11T11:20:00Z,2013-09-11T17:24:41Z,,RANGE_WARN,,,,,,CALCULATED
2013-09-11T11:30:00Z,2013-09-11T17:34:41Z,,RANGE_WARN,,,,,,CALCULATED
2013-09-11T11:40:00Z,2013-09-11T17:44:41Z,,,,,,,,CALCULATED
2013-09-11T11:50:00Z,2013-09-11T17:54:41Z,,,,,,,,CALCULATED
2013-09-11T12:00:00Z,2013-09-11T18:04:41Z,,,,,,,,CALCULATED
2013-09-11T12:10:00Z,2013-09-11T18:14:41Z,,,,,,,,CALCULATED
2013-09-11T12:20:00Z,2013-09-11T18:24:41Z,,,,,,,,CALCULATED
2013-09-11T12:30:00Z,2013-09-11T18:34:41Z,,,,,,,,CALCULATED
2013-09-11T12:40:00Z,2013-09-11T18:44:41Z,,,,,,,,CALCULATED
2013-09-11T12:50:00Z,2013-09-11T18:54:41Z,,,,,,,,CALCULATED
2013-09-11T13:00:00Z,2013-09-11T19:04:41Z,,,,,,,,CALCULATED
2013-09-11T13:10:00Z,2013-09-11T19:14:41Z,,,,,,,,CALCULATED
2013-09-11T13:20:00Z,2013-09-11T19:24:41Z,,,,,,,,CALCULATED
2013-09-11T13:30:00Z,2013-09-11T19:34:41Z,,,,,,,,CALCULATED
2013-09-11T13:40:00Z,2013-09-11T19:44:41Z,,,,,,,,CALCULATED
2013-09-11T13:50:00Z,2013-09-11T19:54:41Z,,,,,,,,CALCULATED
2013-09-11T14:00:00Z,2013-09-11T20:04:41Z,,,,,,,,CALCULATED
2013-09-11T14:10:00Z,2013-09-11T20:14:41Z,,,,,,,,CALCULATED
2013-09-11T14:20:00Z,2013-09-11T20:24:41Z,,,,,,,,CALCULATED
2013-09-11T14:30:00Z,2013-09-11T20:34:41Z,,,,,,,,CALCULATED
2013-09-11T14:40:00Z,2013-09-11T20:44:41Z,,,,,,,,CALCULATED
2013-09-11T14:50:00Z,2013-09-11T20:54:41Z,,,,,,,,CALCULATED
2013-09-11T15:00:00Z,2013-09-11T21:04:41Z,,,,,,,,CALCULATED
2013-09-11T15:10:00Z,2013-09-11T21:14:41Z,,,,,,,,CALCULATED
2013-09-11T15:20:00Z,2013-09-11T21:24:41Z,,,,,,,,CALCULATED
2013-09-11T15:30:00Z,2013-09-11T21:34:41Z,,,,,,,,CALCULATED
2013-09-11T15:40:00Z,2013-09-11T21:44:41Z,,,,,,,,CALCULATED
2013-09-11T15:50:00Z,2013-09-11T21:54:41Z,,,,,,,,CALCULATED
2013-09-11T16:00:00Z,2013-09-11T22:04:41Z,,,,,,,,CALCULATED
2013-09-11T16:10:00Z,2013-09-11T22:14:41Z,,,,,,,,CALCULATED
2013-09-11T16:20:00Z,2013-09-11T22:24:41Z,,,,,,,,CALCULATED
2013-09-11T16:30:00Z,2013-09-11T22:34:41Z,,,,,,,,CALCULATED
2013-09-11T16:40:00Z,2013-09-11T22:44:41Z,,,,,,,,CALCULATED
2013-09-11T16:50:00Z,2013-09-11T22:54:41Z,,,,,,,,CALCULATED
2013-09-11T17:00:00Z,2013-09-11T23:04:41Z,,,,,,,,CALCULATED
2013-09-11T17:10:00Z,2013-09-11T23:14:41Z,,,,,,,,CALCULATED
2013-09-11T17:20:00Z,2013-09-11T23:24:41Z,,,,,,,,CALCULATED
2013-09-11T17:30:00Z,2013-09-11T23:34:41Z,,,,,,,,CALCULATED
2013-09-11T17:40:00Z,2013-09-11T23:44:41Z,,,,,,,,CALCULATED
2013-09-11T17:50:00Z,2013-09-11T23:54:41Z,,,,,,,,CALCULATED
2013-09-11T18:00:00Z,2013-09-12T00:04:41Z,,,,,,OUT_WARN,,CALCULATED
2013-09-11T18:10:00Z,2013-09-12T00:15:03Z,,,,,,OUT_WARN,,CALCULATED
2013-09-11T18:20:00Z,2013-09-12T00:25:03Z,,,,,,OUT_WARN,,CALCULATED
2013-09-11T18:30:00Z,2013-09-12T00:35:03Z,,,,,,OUT_WARN,,CALCULATED
2013-09-11T18:40:00Z,2013-09-12T00:45:03Z,,,,,,OUT_WARN,,CALCULATED
2013-09-11T18:50:00Z,2013-09-12T00:55:03Z,,,,,,OUT_WARN,,CALCULATED
2013-09-11T19:00:00Z,2013-09-12T01:05:03Z,,,,,,OUT_WARN,,CALCULATED
2013-09-11T19:10:00Z,2013-09-12T01:15:03Z,,,,,,OUT_WARN,,CALCULATED
2013-09-11T19:20:00Z,2013-09-12T01:25:03Z,,,,,,OUT_WARN,,CALCULATED
2013-09-11T19:30:00Z,2013-09-12T01:35:03Z,,,,,,OUT_WARN,,CALCULATED
2013-09-11T19:40:00Z,2013-09-12T01:45:03Z,,,,,,OUT_WARN,,CALCULATED
2013-09-11T19:50:00Z,2013-09-12T01:55:03Z,,,,,,OUT_WARN,,CALCULATED
2013-09-11T20:00:00Z,2013-09-12T02:05:03Z,,,,,,OUT_WARN,,CALCULATED
2013-09-11T20:10:00Z,2013-09-12T02:15:03Z,,,,,,OUT_WARN,,CALCULATED
2013-09-11T20:20:00Z,2013-09-12T02:25:03Z,,,,,,OUT_WARN,,CALCULATED
2013-09-11T20:30:00Z,2013-09-12T02:35:03Z,,,,,,,,CALCULATED
2013-09-11T20:40:00Z,2013-09-12T02:45:03Z,,,,,,,,CALCULATED
2013-09-11T20:50:00Z,2013-09-12T02:55:03Z,,,,,,,,CALCULATED
2013-09-11T21:00:00Z,2013-09-12T03:05:03Z,,,,,,,,CALCULATED
2013-09-11T21:10:00Z,2013-09-12T03:15:03Z,,,,,,OUT_WARN,,CALCULATED
2013-09-11T21:20:00Z,2013-09-12T03:25:03Z,,,,,,OUT_WARN,,CALCULATED
2013-09-11T21:30:00Z,2013-09-12T03:35:03Z,,,,,,OUT_WARN,,CALCULATED
2013-09-11T21:40:00Z,2013-09-12T03:45:03Z,,,,,,OUT_WARN,,CALCULATED
2013-09-11T21:50:00Z,2013-09-12T03:55:03Z,,,,,,OUT_WARN,,CALCULATED
2013-09-11T22:00:00Z,2013-09-12T04:05:03Z,,,,,,,,CALCULATED
2013-09-11T22:10:00Z,2013-09-12T04:15:03Z,,,,,,,,CALCULATED
2013-09-11T22:20:00Z,2013-09-12T04:25:03Z,,,,,,,,CALCULATED
2013-09-11T22:30:00Z,2013-09-12T04:35:03Z,,,,,,,,CALCULATED
2013-09-11T22:40:00Z,2013-09-12T04:45:03Z,,,,,,,,CALCULATED
2013-09-11T22:50:00Z,2013-09-12T04:55:03Z,,,,,,,,CALCULATED
2013-09-11T23:00:00Z,2013-09-12T05:05:03Z,,,,,,,,CALCULATED
2013-09-11T23:10:00Z,2013-09-12T05:15:03Z,,,,,,,,CALCULATED
2013-09-11T23:20:00Z,2013-09-12T05:25:03Z,,,,,,,,CALCULATED
2013-09-11T23:30:00Z,2013-09-12T05:35:03Z,,,,,,,,CALCULATED
2013-09-11T23:40:00Z,2013-09-12T05:45:03Z,,,,,,,,CALCULATED
2013-09-11T23:50:00Z,2013-09-12T05:55:03Z,,,,,,,,CALCULATED
2013-09-12T00:00:00Z,2013-09-12T06:05:03Z,,,,,,,,CALCULATED
2013-09-12T00:10:00Z,2013-09-12T06:15:03Z,,,,,,,,CALCULATED
2013-09-12T00:20:00Z,2013-09-12T06:25:03Z,,,,,,,,CALCULATED
2013-09-12T00:30:00Z,2013-09-12T06:35:03Z,,,,,,,,CALCULATED
2013-09-12T00:40:00Z,2013-09-12T06:45:03Z,,,,,,,,CALCULATED
2013-09-12T00:50:00Z,2013-09-12T06:55:03Z,,,,,,,,CALCULATED
2013-09-12T01:00:00Z,2013-09-12T07:05:03Z,,,,,,,,CALCULATED
2013-09-12T01:10:00Z,2013-09-12T07:15:03Z,,,,,,,,CALCULATED
2013-09-12T01:20:00Z,2013-09-12T07:25:03Z,,,,,,,,CALCULATED
2013-09-12T01:30:00Z,2013-09-12T07:35:03Z,,,,,,,,CALCULATED
2013-09-12T01:40:00Z,2013-09-12T07:45:03Z,,,,,,,,CALCULATED
2013-09-12T01:50:00Z,2013-09-12T07:55:03Z,,,,,,,,CALCULATED
2013-09-12T02:00:00Z,2013-09-12T08:05:03Z,,,,,,,,CALCULATED
2013-09-12T02:10:00Z,2013-09-12T08:15:03Z,,,,,,,,CALCULATED
2013-09-12T02:20:00Z,2013-09-12T08:25:03Z,,,,,,,,CALCULATED
2013-09-12T02:30:00Z,2013-09-12T08:35:03Z,,,,,,,,CALCULATED
2013-09-12T02:40:00Z,2013-09-12T08:45:03Z,,,,,,,,CALCULATED
2013-09-12T02:50:00Z,2013-09-12T08:55:03Z,,,,,,,,CALCULATED
2013-09-12T03:00:00Z,2013-09-12T09:05:03Z,,,,,,,,CALCULATED
2013-09-12T03:10:00Z,2013-09-12T09:15:03Z,,,,,,,,CALCULATED
2013-09-12T03:20:00Z,2013-09-12T09:25:03Z,,,,,,,,CALCULATED
2013-09-12T03:30:00Z,2013-09-12T09:35:03Z,,,,,,,,CALCULATED
2013-09-12T03:40:00Z,2013-09-12T09:45:03Z,,,,,,,,CALCULATED
2013-09-12T03:50:00Z,2013-09-12T09:55:03Z,,,,,,,,CALCULATED
2013-09-12T04:00:00Z,2013-09-12T10:05:03Z,,,,,,,,CALCULATED
2013-09-12T04:10:00Z,2013-09-12T10:15:03Z,,,,,,,,CALCULATED
2013-09-12T04:20:00Z,2013-09-12T10:25:03Z,,,,,,,,CALCULATED
2013-09-12T04:30:00Z,2013-09-12T10:35:03Z,,,,,,,,CALCULATED
2013-09-12T04:40:00Z,2013-09-12T10:45:03Z,,,,,,,,CALCULATED
2013-09-12T04:50:00Z,2013-09-12T10:55:03Z,,,,,,,,CALCULATED
2013-09-12T05:00:00Z,2013-09-12T11:05:03Z,,,,,,,,CALCULATED
2013-09-12T05:10:00Z,2013-09-12T11:15:03Z,,,,,,,,CALCULATED
2013-09-12T05:20:00Z,2013-09-12T11:25:03Z,,,,,,,,CALCULATED
2013-09-12T05:30:00Z,2013-09-12T11:35:03Z,,,,,,,,CALCULATED
2013-09-12T05:40:00Z,2013-09-12T11:45:03Z,,,,,,,,CALCULATED
2013-09-12T05:50:00Z,2013-09-12T11:55:03Z,,,,,,,,CALCULATED
2013-09-12T06:00:00Z,2013-09-12T12:05:03Z,,,,,,,,CALCULATED
2013-09-12T06:10:00Z,2013-09-12T12:15:03Z,,,,,,,,CALCULATED
2013-09-12T06:20:00Z,2013-09-12T12:25:03Z,,,,,,,,CALCULATED
2013-09-12T06:30:00Z,2013-09-12T12:35:03Z,,,,,,,,CALCULATED
2013-09-12T06:40:00Z,2013-09-12T12:45:03Z,,,,,,,,CALCULATED
2013-09-12T06:50:00Z,2013-09-12T12:55:03Z,,RANGE_WARN,,,,,,CALCULATED
2013-09-12T07:00:00Z,2013-09-12T13:05:03Z,,RANGE_WARN,,,,,,CALCULATED
2013-09-12T07:10:00Z,2013-09-12T13:15:03Z,,RANGE_WARN,,,,,,CALCULATED
2013-09-12T07:20:00Z,2013-09-12T13:25:03Z,,RANGE_WARN,,,,,,CALCULATED
2013-09-12T07:30:00Z,2013-09-12T13:35:03Z,,,,,,,,CALCULATED
2013-09-12T07:40:00Z,2013-09-12T13:45:03Z,,RANGE_WARN,,,,,,CALCULATED
2013-09-12T07:50:00Z,2013-09-12T13:55:03Z,,RANGE_WARN,,,,,,CALCULATED
2013-09-12T08:00:00Z,2013-09-12T14:05:03Z,,RANGE_WARN,,,,,,CALCULATED
2013-09-12T08:10:00Z,2013-09-12T14:15:03Z,,RANGE_WARN,,,,,,CALCULATED
2013-09-12T08:20:00Z,2013-09-12T14:25:03Z,,RANGE_WARN,,,,,,CALCULATED
2013-09-12T08:30:00Z,2013-09-12T14:35:03Z,,RANGE_WARN,,,,,,CALCULATED
2013-09-12T08:40:00Z,2013-09-12T14:45:03Z,,RANGE_WARN,,,,,,CALCULATED
2013-09-12T08:50:00Z,2013-09-12T14:55:03Z,,RANGE_WARN,,,,,,CALCULATED
2013-09-12T09:00:00Z,2013-09-12T15:05:03Z,,,,,,,,CALCULATED
2013-09-12T09:10:00Z,2013-09-12T15:15:03Z,,RANGE_WARN,,,,,,CALCULATED
2013-09-12T09:20:00Z,2013-09-12T15:25:03Z,,RANGE_WARN,,,,,,CALCULATED
2013-09-12T09:30:00Z,2013-09-12T15:35:03Z,,RANGE_WARN,,,,,,CALCULATED
2013-09-12T09:40:00Z,2013-09-12T15:45:03Z,,RANGE_WARN,,,,,,CALCULATED
2013-09-12T09:50:00Z,2013-09-12T15:55:03Z,,RANGE_WARN,,,,,,CALCULATED
2013-09-12T10:00:00Z,2013-09-12T16:05:03Z,,,,,,,,CALCULATED
2013-09-12T10:10:00Z,2013-09-12T16:15:03Z,,RANGE_WARN,,,,OUT_WARN,,CALCULATED
2013-09-12T10:20:00Z,2013-09-12T16:25:03Z,,,,,,OUT_WARN,,CALCULATED
2013-09-12T10:30:00Z,2013-09-12T16:35:03Z,,RANGE_WARN,,,,,,CALCULATED
2013-09-12T10:40:00Z,2013-09-12T16:45:03Z,,,,,,,,CALCULATED
2013-09-12T10:50:00Z,2013-09-12T16:55:03Z,,,,,,,,CALCULATED
2013-09-12T11:00:00Z,2013-09-12T17:05:03Z,,,,,,,,CALCULATED
2013-09-12T11:10:00Z,2013-09-12T17:15:03Z,,,,,,,,CALCULATED
2013-09-12T11:20:00Z,2013-09-12T17:25:03Z,,,,,,,,CALCULATED
2013-09-12T11:30:00Z,2013-09-12T17:35:03Z,,,,,,,,CALCULATED
2013-09-12T11:40:00Z,2013-09-12T17:45:03Z,,,,,,,,CALCULATED
2013-09-12T11:50:00Z,2013-09-12T17:55:03Z,,,,,,,,CALCULATED
2013-09-12T12:00:00Z,2013-09-12T18:05:03Z,,,,,,,,CALCULATED
2013-09-12T12:10:00Z,2013-09-12T18:15:03Z,,,,,,,,CALCULATED
2013-09-12T12:20:00Z,2013-09-12T18:25:03Z,,,,,,,,CALCULATED
2013-09-12T12:30:00Z,2013-09-12T18:35:03Z,,,,,,,,CALCULATED
2013-09-12T12:40:00Z,2013-09-12T18:45:03Z,,,,,,,,CALCULATED
2013-09-12T12:50:00Z,2013-09-12T18:55:03Z,,,,,,,,CALCULATED
2013-09-12T13:00:00Z,2013-09-12T19:05:03Z,,,,,,,,CALCULATED
2013-09-12T13:10:00Z,2013-09-12T19:15:03Z,,,,,,,,CALCULATED
2013-09-12T13:20:00Z,2013-09-12T19:25:03Z,,,,,,,,CALCULATED
2013-09-12T13:30:00Z,2013-09-12T19:35:03Z,,,,,,,,CALCULATED
2013-09-12T13:40:00Z,2013-09-12T19:45:03Z,,,,,,,,CALCULATED
2013-09-12T13:50:00Z,2013-09-12T19:55:03Z,,,,,,,,CALCULATED
2013-09-12T14:00:00Z,2013-09-12T20:05:03Z,,,,,,,,CALCULATED
2013-09-12T14:10:00Z,2013-09-12T20:15:03Z,,,,,,,,CALCULATED
2013-09-12T14:20:00Z,2013-09-12T20:25:03Z,,,,,,,,CALCULATED
2013-09-12T14:30:00Z,2013-09-12T20:35:03Z,,,,,,,,CALCULATED
2013-09-12T14:40:00Z,2013-09-12T20:45:03Z,,,,,,,,CALCULATED
2013-09-12T14:50:00Z,2013-09-12T20:55:03Z,,,,,,,,CALCULATED
2013-09-12T15:00:00Z,2013-09-12T21:05:03Z,,,,,,,,CALCULATED
2013-09-12T15:10:00Z,2013-09-12T21:15:03Z,,,,,,,,CALCULATED
2013-09-12T15:20:00Z,2013-09-12T21:25:03Z,,,,,,,,CALCULATED
2013-09-12T15:30:00Z,2013-09-12T21:35:03Z,,,,,,,,CALCULATED
2013-09-12T15:40:00Z,2013-09-12T21:45:03Z,,,,,,,,CALCULATED
2013-09-12T15:50:00Z,2013-09-12T21:55:03Z,,,,,,,,CALCULATED
2013-09-12T16:00:00Z,2013-09-12T22:05:03Z,,,,,,,,CALCULATED
2013-09-12T16:10:00Z,2013-09-12T22:15:03Z,,,,,,,,CALCULATED
2013-09-12T16:20:00Z,2013-09-12T22:25:03Z,,,,,,,,CALCULATED
2013-09-12T16:30:00Z,2013-09-12T22:35:03Z,,,,,,,,CALCULATED
2013-09-12T16:40:00Z,2013-09-12T22:45:03Z,,,,,,,,CALCULATED
2013-09-12T16:50:00Z,2013-09-12T22:55:03Z,,,,,,,,CALCULATED
2013-09-12T17:00:00Z,2013-09-12T23:05:03Z,,,,,,,,CALCULATED
2013-09-12T17:10:00Z,2013-09-12T23:15:03Z,,,,,,,,CALCULATED
2013-09-12T17:20:00Z,2013-09-12T23:25:03Z,,,,,,,,CALCULATED
2013-09-12T17:30:00Z,2013-09-12T23:35:03Z,,,,,,,,CALCULATED
2013-09-12T17:40:00Z,2013-09-12T23:45:03Z,,,,,,,,CALCULATED
2013-09-12T17:50:00Z,2013-09-12T23:55:03Z,,,,,,,,CALCULATED
2013-09-12T18:00:00Z,2013-09-13T00:05:03Z,,,,,,,,CALCULATED
2013-09-12T18:10:00Z,2013-09-13T00:15:25Z,,,,,,,,CALCULATED
2013-09-12T18:20:00Z,2013-09-13T00:25:25Z,,,,,,,,CALCULATED
2013-09-12T18:30:00Z,2013-09-13T00:35:25Z,,,,,,,,CALCULATED
2013-09-12T18:40:00Z,2013-09-13T00:45:25Z,,,,,,,,CALCULATED
2013-09-12T18:50:00Z,2013-09-13T00:55:25Z,,,,,,,,CALCULATED
2013-09-12T19:00:00Z,2013-09-13T01:05:25Z,,,,,,,,CALCULATED
2013-09-12T19:10:00Z,2013-09-13T01:15:25Z,,,,,,,,CALCULATED
2013-09-12T19:20:00Z,2013-09-13T01:25:25Z,,,,,,,,CALCULATED
2013-09-12T19:30:00Z,2013-09-13T01:35:25Z,,,,,,,,CALCULATED
2013-09-12T19:40:00Z,2013-09-13T01:45:25Z,,,,,,,,CALCULATED
2013-09-12T19:50:00Z,2013-09-13T01:55:25Z,,,,,,,,CALCULATED
2013-09-12T20:00:00Z,2013-09-13T02:05:25Z,,,,,,,,CALCULATED
2013-09-12T20:10:00Z,2013-09-13T02:15:25Z,,,,,,,,CALCULATED
2013-09-12T20:20:00Z,2013-09-13T02:25:25Z,,,,,,,,CALCULATED
2013-09-12T20:30:00Z,2013-09-13T02:35:25Z,,,,,,,,CALCULATED
2013-09-12T20:40:00Z,2013-09-13T02:45:25Z,,,,,,,,CALCULATED
2013-09-12T20:50:00Z,2013-09-13T02:55:25Z,,,,,,,,CALCULATED
2013-09-12T21:00:00Z,2013-09-13T03:05:25Z,,,,,,,,CALCULATED
2013-09-12T21:10:00Z,2013-09-13T03:15:25Z,,,,,,,,CALCULATED
2013-09-12T21:20:00Z,2013-09-13T03:25:25Z,,,,,,,,CALCULATED
2013-09-12T21:30:00Z,2013-09-13T03:35:25Z,,,,,,,,CALCULATED
2013-09-12T21:40:00Z,2013-09-13T03:45:25Z,,,,,,,,CALCULATED
2013-09-12T21:50:00Z,2013-09-13T03:55:25Z,,,,,,,,CALCULATED
2013-09-12T22:00:00Z,2013-09-13T04:05:25Z,,,,,,,,CALCULATED
2013-09-12T22:10:00Z,2013-09-13T04:15:25Z,,,,,,,,CALCULATED
2013-09-12T22:20:00Z,2013-09-13T04:25:25Z,,,,,,,,CALCULATED
2013-09-12T22:30:00Z,2013-09-13T04:35:25Z,,,,,,,,CALCULATED
2013-09-12T22:40:00Z,2013-09-13T04:45:25Z,,,,,,,,CALCULATED
2013-09-12T22:50:00Z,2013-09-13T04:55:25Z,,,,,,,,CALCULATED
2013-09-12T23:00:00Z,2013-09-13T05:05:25Z,,,,,,,,CALCULATED
2013-09-12T23:10:00Z,2013-09-13T05:15:25Z,,,,,,,,CALCULATED
2013-09-12T23:20:00Z,2013-09-13T05:25:25Z,,,,,,,,CALCULATED
2013-09-12T23:30:00Z,2013-09-13T05:35:25Z,,,,,,,,CALCULATED
2013-09-12T23:40:00Z,2013-09-13T05:45:25Z,,,,,,,,CALCULATED
2013-09-12T23:50:00Z,2013-09-13T05:55:25Z,,,,,,,,CALCULATED
2013-09-13T00:00:00Z,2013-09-13T06:05:25Z,,,,,,,,CALCULATED
2013-09-13T00:10:00Z,2013-09-13T06:15:25Z,,,,,,,,CALCULATED
2013-09-13T00:20:00Z,2013-09-13T06:25:25Z,,,,,,,,CALCULATED
2013-09-13T00:30:00Z,2013-09-13T06:35:25Z,,,,,,,,CALCULATED
2013-09-13T00:40:00Z,2013-09-13T06:45:25Z,,,,,,,,CALCULATED
2013-09-13T00:50:00Z,2013-09-13T06:55:25Z,,,,,,,,CALCULATED
2013-09-13T01:00:00Z,2013-09-13T07:05:25Z,,,,,,,,CALCULATED
2013-09-13T01:10:00Z,2013-09-13T07:15:25Z,,,,,,,,CALCULATED
2013-09-13T01:20:00Z,2013-09-13T07:25:25Z,,,,,,,,CALCULATED
2013-09-13T01:30:00Z,2013-09-13T07:35:25Z,,,,,,,,CALCULATED
2013-09-13T01:40:00Z,2013-09-13T07:45:25Z,,,,,,,,CALCULATED
2013-09-13T01:50:00Z,2013-09-13T07:55:25Z,,,,,,,,CALCULATED
2013-09-13T02:00:00Z,2013-09-13T08:05:25Z,,,,,,,,CALCULATED
2013-09-13T02:10:00Z,2013-09-13T08:15:25Z,,,,,,,,CALCULATED
2013-09-13T02:20:00Z,2013-09-13T08:25:25Z,,,,,,,,CALCULATED
2013-09-13T02:30:00Z,2013-09-13T08:35:25Z,,,,,,,,CALCULATED
2013-09-13T02:40:00Z,2013-09-13T08:45:25Z,,,,,,,,CALCULATED
2013-09-13T02:50:00Z,2013-09-13T08:55:25Z,,,,,,,,CALCULATED
2013-09-13T03:00:00Z,2013-09-13T09:05:25Z,,,,,,,,CALCULATED
2013-09-13T03:10:00Z,2013-09-13T09:15:25Z,,,,,,,,CALCULATED
2013-09-13T03:20:00Z,2013-09-13T09:25:25Z,,,,,,,,CALCULATED
2013-09-13T03:30:00Z,2013-09-13T09:35:25Z,,,,,,,,CALCULATED
2013-09-13T03:40:00Z,2013-09-13T09:45:25Z,,,,,,,,CALCULATED
2013-09-13T03:50:00Z,2013-09-13T09:55:25Z,,,,,,,,CALCULATED
2013-09-13T04:00:00Z,2013-09-13T10:05:25Z,,,,,,,,CALCULATED
2013-09-13T04:10:00Z,2013-09-13T10:15:25Z,,,,,,,,CALCULATED
2013-09-13T04:20:00Z,2013-09-13T10:25:25Z,,,,,,,,CALCULATED
2013-09-13T04:30:00Z,2013-09-13T10:35:25Z,,,,,,,,CALCULATED
2013-09-13T04:40:00Z,2013-09-13T10:45:25Z,,,,,,,,CALCULATED
2013-09-13T04:50:00Z,2013-09-13T10:55:25Z,,,,,,,,CALCULATED
2013-09-13T05:00:00Z,2013-09-13T11:05:25Z,,,,,,,,CALCULATED
2013-09-13T05:10:00Z,2013-09-13T11:15:25Z,,,,,,,,CALCULATED
2013-09-13T05:20:00Z,2013-09-13T11:25:25Z,,,,,,,,CALCULATED
2013-09-13T05:30:00Z,2013-09-13T11:35:25Z,,,,,,,,CALCULATED
2013-09-13T05:40:00Z,2013-09-13T11:45:25Z,,,,,,,,CALCULATED
2013-09-13T05:50:00Z,2013-09-13T11:55:25Z,,,,,,,,CALCULATED
2013-09-13T06:00:00Z,2013-09-13T12:05:25Z,,,,,,,,CALCULATED
2013-09-13T06:10:00Z,2013-09-13T12:15:25Z,,,,,,,,CALCULATED
2013-09-13T06:20:00Z,2013-09-13T12:25:25Z,,,,,,,,CALCULATED
2013-09-13T06:30:00Z,2013-09-13T12:35:25Z,,,,,,,,CALCULATED
2013-09-13T06:40:00Z,2013-09-13T12:45:25Z,,,,,,,,CALCULATED
2013-09-13T06:50:00Z,2013-09-13T12:55:25Z,,,,,,,,CALCULATED
2013-09-13T07:00:00Z,2013-09-13T13:05:25Z,,,,,,,,CALCULATED
2013-09-13T07:10:00Z,2013-09-13T13:15:25Z,,,,,,,,CALCULATED
2013-09-13T07:20:00Z,2013-09-13T13:25:25Z,,,,,,,,CALCULATED
2013-09-13T07:30:00Z,2013-09-13T13:35:25Z,,,,,,,,CALCULATED
2013-09-13T07:40:00Z,2013-09-13T13:45:25Z,,,,,,,,CALCULATED
2013-09-13T07:50:00Z,2013-09-13T13:55:25Z,,,,,,,,CALCULATED
2013-09-13T08:00:00Z,2013-09-13T14:05:25Z,,,,,,,,CALCULATED
2013-09-13T08:10:00Z,2013-09-13T14:15:25Z,,,,,,,,CALCULATED
2013-09-13T08:20:00Z,2013-09-13T14:25:25Z,,,,,,,,CALCULATED
2013-09-13T08:30:00Z,2013-09-13T14:35:25Z,,,,,,,,CALCULATED
2013-09-13T08:40:00Z,2013-09-13T14:45:25Z,,,,,,,,CALCULATED
2013-09-13T08:50:00Z,2013-09-13T14:55:25Z,,,,,,,,CALCULATED
2013-09-13T09:00:00Z,2013-09-13T15:05:25Z,,,,,,,,CALCULATED
2013-09-13T09:10:00Z,2013-09-13T15:15:25Z,,,,,,,,CALCULATED
2013-09-13T09:20:00Z,2013-09-13T15:25:25Z,,,,,,,,CALCULATED
2013-09-13T09:30:00Z,2013-09-13T15:35:25Z,,,,,,,,CALCULATED
2013-09-13T09:40:00Z,2013-09-13T15:45:25Z,,,,,,,,CALCULATED
2013-09-13T09:50:00Z,2013-09-13T15:55:25Z,,,,,,,,CALCULATED
2013-09-13T10:00:00Z,2013-09-13T16:05:25Z,,,,,,,,CALCULATED
2013-09-13T10:10:00Z,2013-09-13T16:15:25Z,,,,,,,,CALCULATED
2013-09-13T10:20:00Z,2013-09-13T16:25:25Z,,,,,,,,CALCULATED
2013-09-13T10:30:00Z,2013-09-13T16:35:25Z,,,,,,,,CALCULATED
2013-09-13T10:40:00Z,2013-09-13T16:45:25Z,,,,,,,,CALCULATED
2013-09-13T10:50:00Z,2013-09-13T16:55:25Z,,,,,,,,CALCULATED
2013-09-13T11:00:00Z,2013-09-13T17:05:25Z,,,,,,,,CALCULATED
2013-09-13T11:10:00Z,2013-09-13T17:15:25Z,,,,,,,,CALCULATED
2013-09-13T11:20:00Z,2013-09-13T17:25:25Z,,,,,,,,CALCULATED
2013-09-13T11:30:00Z,2013-09-13T17:35:25Z,,,,,,,,CALCULATED
2013-09-13T11:40:00Z,2013-09-13T17:45:25Z,,,,,,,,CALCULATED
2013-09-13T11:50:00Z,2013-09-13T17:55:25Z,,,,,,,,CALCULATED
2013-09-13T12:00:00Z,2013-09-13T18:05:25Z,,,,,,,,CALCULATED
2013-09-13T12:10:00Z,2013-09-13T18:15:25Z,,,,,,,,CALCULATED
2013-09-13T12:20:00Z,2013-09-13T18:25:25Z,,,,,,,,CALCULATED
2013-09-13T12:30:00Z,2013-09-13T18:35:25Z,,,,,,,,CALCULATED
2013-09-13T12:40:00Z,2013-09-13T18:45:25Z,,,,,,,,CALCULATED
2013-09-13T12:50:00Z,2013-09-13T18:55:25Z,,,,,,,,CALCULATED
2013-09-13T13:00:00Z,2013-09-13T19:05:25Z,,,,,,,,CALCULATED
2013-09-13T13:10:00Z,2013-09-13T19:15:25Z,,,,,,,,CALCULATED
2013-09-13T13:20:00Z,2013-09-13T19:25:25Z,,,,,,,,CALCULATED
2013-09-13T13:30:00Z,2013-09-13T19:35:25Z,,,,,,,,CALCULATED
2013-09-13T13:40:00Z,2013-09-13T19:45:25Z,,,,,,,,CALCULATED
2013-09-13T13:50:00Z,2013-09-13T19:55:25Z,,,,,,,,CALCULATED
2013-09-13T14:00:00Z,2013-09-13T20:05:25Z,,,,,,,,CALCULATED
2013-09-13T14:10:00Z,2013-09-13T20:15:25Z,,,,,,,,CALCULATED
2013-09-13T14:20:00Z,2013-09-13T20:25:25Z,,,,,,,,CALCULATED
2013-09-13T14:30:00Z,2013-09-13T20:35:25Z,,,,,,,,CALCULATED
2013-09-13T14:40:00Z,2013-09-13T20:45:25Z,,,,,,,,CALCULATED
2013-09-13T14:50:00Z,2013-09-13T20:55:25Z,,,,,,,,CALCULATED
2013-09-13T15:00:00Z,2013-09-13T21:05:25Z,,,,,,,,CALCULATED
2013-09-13T15:10:00Z,2013-09-13T21:15:25Z,,,,,,,,CALCULATED
2013-09-13T15:20:00Z,2013-09-13T21:25:25Z,,,,,,,,CALCULATED
2013-09-13T15:30:00Z,2013-09-13T21:35:25Z,,,,,,,,CALCULATED
2013-09-13T15:40:00Z,2013-09-13T21:45:25Z,,,,,,,,CALCULATED
2013-09-13T15:50:00Z,2013-09-13T21:55:25Z,,,,,,,,CALCULATED
2013-09-13T16:00:00Z,2013-09-13T22:05:25Z,,,,,,,,CALCULATED
2013-09-13T16:10:00Z,2013-09-13T22:15:25Z,,,,,,,,CALCULATED
2013-09-13T16:20:00Z,2013-09-13T22:25:25Z,,,,,,,,CALCULATED
2013-09-13T16:30:00Z,2013-09-13T22:35:25Z,,,,,,,,CALCULATED
2013-09-13T16:40:00Z,2013-09-13T22:45:25Z,,,,,,,,CALCULATED
2013-09-13T16:50:00Z,2013-09-13T22:55:25Z,,,,,,,,CALCULATED
2013-09-13T17:00:00Z,2013-09-13T23:05:25Z,,,,,,,,CALCULATED
2013-09-13T17:10:00Z,2013-09-13T23:15:25Z,,,,,,,,CALCULATED
2013-09-13T17:20:00Z,2013-09-13T23:25:25Z,,,,,,,,CALCULATED
2013-09-13T17:30:00Z,2013-09-13T23:35:25Z,,,,,,,,CALCULATED
2013-09-13T17:40:00Z,2013-09-13T23:45:25Z,,,,,,,,CALCULATED
2013-09-13T17:50:00Z,2013-09-13T23:55:25Z,,,,,,,,CALCULATED
2013-09-13T18:00:00Z,2013-09-14T00:05:25Z,,,,,,,,CALCULATED
2013-09-13T18:10:00Z,2013-09-14T00:15:47Z,,,,,,,,CALCULATED
2013-09-13T18:20:00Z,2013-09-14T00:25:47Z,,,,,,,,CALCULATED
2013-09-13T18:30:00Z,2013-09-14T00:35:47Z,,,,,,,,CALCULATED
2013-09-13T18:40:00Z,2013-09-14T00:45:47Z,,,,,,,,CALCULATED
2013-09-13T18:50:00Z,2013-09-14T00:55:47Z,,,,,,,,CALCULATED
2013-09-13T19:00:00Z,2013-09-14T01:05:47Z,,,,,,,,CALCULATED
2013-09-13T19:10:00Z,2013-09-14T01:15:47Z,,,,,,,,CALCULATED
2013-09-13T19:20:00Z,2013-09-14T01:25:47Z,,,,,,,,CALCULATED
2013-09-13T19:30:00Z,2013-09-14T01:35:47Z,,,,,,,,CALCULATED
2013-09-13T19:40:00Z,2013-09-14T01:45:47Z,,,,,,,,CALCULATED
2013-09-13T19:50:00Z,2013-09-14T01:55:47Z,,,,,,,,CALCULATED
2013-09-13T20:00:00Z,2013-09-14T02:05:47Z,,,,,,,,CALCULATED
2013-09-13T20:10:00Z,2013-09-14T02:15:47Z,,,,,,,,CALCULATED
2013-09-13T20:20:00Z,2013-09-14T02:25:47Z,,,,,,,,CALCULATED
2013-09-13T20:30:00Z,2013-09-14T02:35:47Z,,,,,,,,CALCULATED
2013-09-13T20:40:00Z,2013-09-14T02:45:47Z,,,,,,,,CALCULATED
2013-09-13T20:50:00Z,2013-09-14T02:55:47Z,,,,,,,,CALCULATED
2013-09-13T21:00:00Z,2013-09-14T03:05:47Z,,,,,,,,CALCULATED
2013-09-13T21:10:00Z,2013-09-14T03:15:47Z,,,,,,,,CALCULATED
2013-09-13T21:20:00Z,2013-09-14T03:25:47Z,,,,,,,,CALCULATED
2013-09-13T21:30:00Z,2013-09-14T03:35:47Z,,,,,,,,CALCULATED
2013-09-13T21:40:00Z,2013-09-14T03:45:47Z,,,,,,,,CALCULATED
2013-09-13T21:50:00Z,2013-09-14T03:55:47Z,,,,,,,,CALCULATED
2013-09-13T22:00:00Z,2013-09-14T04:05:47Z,,,,,,,,CALCULATED
2013-09-13T22:10:00Z,2013-09-14T04:15:47Z,,,,,,,,CALCULATED
2013-09-13T22:20:00Z,2013-09-14T04:25:47Z,,,,,,,,CALCULATED
2013-09-13T22:30:00Z,2013-09-14T04:35:47Z,,,,,,,,CALCULATED
2013-09-13T22:40:00Z,2013-09-14T04:45:47Z,,,,,,,,CALCULATED
2013-09-13T22:50:00Z,2013-09-14T04:55:47Z,,,,,,,,CALCULATED
2013-09-13T23:00:00Z,2013-09-14T05:05:47Z,,,,,,,,CALCULATED
2013-09-13T23:10:00Z,2013-09-14T05:15:47Z,,,,,,,,CALCULATED
2013-09-13T23:20:00Z,2013-09-14T05:25:47Z,,,,,,,,CALCULATED
2013-09-13T23:30:00Z,2013-09-14T05:35:47Z,,,,,,,,CALCULATED
2013-09-13T23:40:00Z,2013-09-14T05:45:47Z,,,,,,,,CALCULATED
2013-09-13T23:50:00Z,2013-09-14T05:55:47Z,,,,,,,,CALCULATED
2013-09-14T00:00:00Z,2013-09-14T06:05:47Z,,,,,,,,CALCULATED
2013-09-14T00:10:00Z,2013-09-14T06:15:47Z,,,,,,,,CALCULATED
2013-09-14T00:20:00Z,2013-09-14T06:25:47Z,,,,,,,,CALCULATED
2013-09-14T00:30:00Z,2013-09-14T06:35:47Z,,,,,,,,CALCULATED
2013-09-14T00:40:00Z,2013-09-14T06:45:47Z,,,,,,,,CALCULATED
2013-09-14T00:50:00Z,2013-09-14T06:55:47Z,,,,,,,,CALCULATED
2013-09-14T01:00:00Z,2013-09-14T07:05:47Z,,,,,,,,CALCULATED
2013-09-14T01:10:00Z,2013-09-14T07:15:47Z,,,,,,,,CALCULATED
2013-09-14T01:20:00Z,2013-09-14T07:25:47Z,,,,,,,,CALCULATED
2013-09-14T01:30:00Z,2013-09-14T07:35:47Z,,,,,,,,CALCULATED
2013-09-14T01:40:00Z,2013-09-14T07:45:47Z,,,,,,,,CALCULATED
2013-09-14T01:50:00Z,2013-09-14T07:55:47Z,,,,,,,,CALCULATED
2013-09-14T02:00:00Z,2013-09-14T08:05:47Z,,,,,,,,CALCULATED
2013-09-14T02:10:00Z,2013-09-14T08:15:47Z,,,,,,,,CALCULATED
2013-09-14T02:20:00Z,2013-09-14T08:25:47Z,,,,,,,,CALCULATED
2013-09-14T02:30:00Z,2013-09-14T08:35:47Z,,,,,,,,CALCULATED
2013-09-14T02:40:00Z,2013-09-14T08:45:47Z,,,,,,,,CALCULATED
2013-09-14T02:50:00Z,2013-09-14T08:55:47Z,,,,,,,,CALCULATED
2013-09-14T03:00:00Z,2013-09-14T09:05:47Z,,,,,,,,CALCULATED
2013-09-14T03:10:00Z,2013-09-14T09:15:47Z,,,,,,,,CALCULATED
2013-09-14T03:20:00Z,2013-09-14T09:25:47Z,,,,,,,,CALCULATED
2013-09-14T03:30:00Z,2013-09-14T09:35:47Z,,,,,,,,CALCULATED
2013-09-14T03:40:00Z,2013-09-14T09:45:47Z,,,,,,,,CALCULATED
2013-09-14T03:50:00Z,2013-09-14T09:55:47Z,,,,,,,,CALCULATED
2013-09-14T04:00:00Z,2013-09-14T10:05:47Z,,,,,,,,CALCULATED
2013-09-14T04:10:00Z,2013-09-14T10:15:47Z,,,,,,,,CALCULATED
2013-09-14T04:20:00Z,2013-09-14T10:25:47Z,,,,,,,,CALCULATED
2013-09-14T04:30:00Z,2013-09-14T10:35:47Z,,,,,,,,CALCULATED
2013-09-14T04:40:00Z,2013-09-14T10:45:47Z,,,,,,,,CALCULATED
2013-09-14T04:50:00Z,2013-09-14T10:55:47Z,,,,,,,,CALCULATED
2013-09-14T05:00:00Z,2013-09-14T11:05:47Z,,,,,,,,CALCULATED
2013-09-14T05:10:00Z,2013-09-14T11:15:47Z,,,,,,,,CALCULATED
2013-09-14T05:20:00Z,2013-09-14T11:25:47Z,,,,,,,,CALCULATED
2013-09-14T05:30:00Z,2013-09-14T11:35:47Z,,,,,,,,CALCULATED
2013-09-14T05:40:00Z,2013-09-14T11:45:47Z,,,,,,,,CALCULATED
2013-09-14T05:50:00Z,2013-09-14T11:55:47Z,,,,,,,,CALCULATED
2013-09-14T06:00:00Z,2013-09-14T12:05:47Z,,,,,,,,CALCULATED
2013-09-14T06:10:00Z,2013-09-14T12:15:47Z,,,,,,,,CALCULATED
2013-09-14T06:20:00Z,2013-09-14T12:25:47Z,,,,,,,,CALCULATED
2013-09-14T06:30:00Z,2013-09-14T12:35:47Z,,,,,,,,CALCULATED
2013-09-14T06:40:00Z,2013-09-14T12:45:47Z,,,,,,,,CALCULATED
2013-09-14T06:50:00Z,2013-09-14T12:55:47Z,,,,,,,,CALCULATED
2013-09-14T07:00:00Z,2013-09-14T13:05:47Z,,,,,,,,CALCULATED
2013-09-14T07:10:00Z,2013-09-14T13:15:47Z,,,,,,,,CALCULATED
2013-09-14T07:20:00Z,2013-09-14T13:25:47Z,,,,,,,,CALCULATED
2013-09-14T07:30:00Z,2013-09-14T13:35:47Z,,,,,,,,CALCULATED
2013-09-14T07:40:00Z,2013-09-14T13:45:47Z,,,,,,,,CALCULATED
2013-09-14T07:50:00Z,2013-09-14T13:55:47Z,,,,,,,,CALCULATED
2013-09-14T08:00:00Z,2013-09-14T14:05:47Z,,,,,,,,CALCULATED
2013-09-14T08:10:00Z,2013-09-14T14:15:47Z,,,,,,,,CALCULATED
2013-09-14T08:20:00Z,2013-09-14T14:25:47Z,,,,,,,,CALCULATED
2013-09-14T08:30:00Z,2013-09-14T14:35:47Z,,,,,,,,CALCULATED
2013-09-14T08:40:00Z,2013-09-14T14:45:47Z,,,,,,,,CALCULATED
2013-09-14T08:50:00Z,2013-09-14T14:55:47Z,,,,,,,,CALCULATED
2013-09-14T09:00:00Z,2013-09-14T15:05:47Z,,,,,,,,CALCULATED
2013-09-14T09:10:00Z,2013-09-14T15:15:47Z,,,,,,,,CALCULATED
2013-09-14T09:20:00Z,2013-09-14T15:25:47Z,,,,,,,,CALCULATED
2013-09-14T09:30:00Z,2013-09-14T15:35:47Z,,,,,,,,CALCULATED
2013-09-14T09:40:00Z,2013-09-14T15:45:47Z,,,,,,,,CALCULATED
2013-09-14T09:50:00Z,2013-09-14T15:55:47Z,,,,,,,,CALCULATED
2013-09-14T10:00:00Z,2013-09-14T16:05:47Z,,,,,,,,CALCULATED
2013-09-14T10:10:00Z,2013-09-14T16:15:47Z,,,,,,,,CALCULATED
2013-09-14T10:20:00Z,2013-09-14T16:25:47Z,,,,,,,,CALCULATED
2013-09-14T10:30:00Z,2013-09-14T16:35:47Z,,,,,,,,CALCULATED
2013-09-14T10:40:00Z,2013-09-14T16:45:47Z,,,,,,,,CALCULATED
2013-09-14T10:50:00Z,2013-09-14T16:55:47Z,,,,,,,,CALCULATED
2013-09-14T11:00:00Z,2013-09-14T17:05:47Z,,,,,,,,CALCULATED
2013-09-14T11:10:00Z,2013-09-14T17:15:47Z,,,,,,,,CALCULATED
2013-09-14T11:20:00Z,2013-09-14T17:25:47Z,,,,,,,,CALCULATED
2013-09-14T11:30:00Z,2013-09-14T17:35:47Z,,,,,,,,CALCULATED
2013-09-14T11:40:00Z,2013-09-14T17:45:47Z,,,,,,,,CALCULATED
2013-09-14T11:50:00Z,2013-09-14T17:55:47Z,,,,,,,,CALCULATED
2013-09-14T12:00:00Z,2013-09-14T18:05:47Z,,,,,,,,CALCULATED
2013-09-14T12:10:00Z,2013-09-14T18:15:47Z,,,,,,,,CALCULATED
2013-09-14T12:20:00Z,2013-09-14T18:25:47Z,,,,,,,,CALCULATED
2013-09-14T12:30:00Z,2013-09-14T18:35:47Z,,,,,,,,CALCULATED
2013-09-14T12:40:00Z,2013-09-14T18:45:47Z,,,,,,,,CALCULATED
2013-09-14T12:50:00Z,2013-09-14T18:55:47Z,,,,,,,,CALCULATED
2013-09-14T13:00:00Z,2013-09-14T19:05:47Z,,,,,,,,CALCULATED
2013-09-14T13:10:00Z,2013-09-14T19:15:47Z,,,,,,,,CALCULATED
2013-09-14T13:20:00Z,2013-09-14T19:25:47Z,,,,,,,,CALCULATED
2013-09-14T13:30:00Z,2013-09-14T19:35:47Z,,,,,,,,CALCULATED
2013-09-14T13:40:00Z,2013-09-14T19:45:47Z,,,,,,,,CALCULATED
2013-09-14T13:50:00Z,2013-09-14T19:55:47Z,,,,,,,,CALCULATED
2013-09-14T14:00:00Z,2013-09-14T20:05:47Z,,,,,,,,CALCULATED
2013-09-14T14:10:00Z,2013-09-14T20:15:47Z,,,,,,,,CALCULATED
2013-09-14T14:20:00Z,2013-09-14T20:25:47Z,,,,,,,,CALCULATED
2013-09-14T14:30:00Z,2013-09-14T20:35:47Z,,,,,,,,CALCULATED
2013-09-14T14:40:00Z,2013-09-14T20:45:47Z,,,,,,,,CALCULATED
2013-09-14T14:50:00Z,2013-09-14T20:55:47Z,,,,,,,,CALCULATED
2013-09-14T15:00:00Z,2013-09-14T21:05:47Z,,,,,,,,CALCULATED
2013-09-14T15:10:00Z,2013-09-14T21:15:47Z,,,,,,,,CALCULATED
2013-09-14T15:20:00Z,2013-09-14T21:25:47Z,,,,,,,,CALCULATED
2013-09-14T15:30:00Z,2013-09-14T21:35:47Z,,,,,,,,CALCULATED
2013-09-14T15:40:00Z,2013-09-14T21:45:47Z,,,,,,,,CALCULATED
2013-09-14T15:50:00Z,2013-09-14T21:55:47Z,,,,,,,,CALCULATED
2013-09-14T16:00:00Z,2013-09-14T22:05:47Z,,,,,,,,CALCULATED
2013-09-14T16:10:00Z,2013-09-14T22:15:47Z,,,,,,,,CALCULATED
2013-09-14T16:20:00Z,2013-09-14T22:25:47Z,,,,,,,,CALCULATED
2013-09-14T16:30:00Z,2013-09-14T22:35:47Z,,,,,,,,CALCULATED
2013-09-14T16:40:00Z,2013-09-14T22:45:47Z,,,,,,,,CALCULATED
2013-09-14T16:50:00Z,2013-09-14T22:55:47Z,,,,,,,,CALCULATED
2013-09-14T17:00:00Z,2013-09-14T23:05:47Z,,,,,,,,CALCULATED
2013-09-14T17:10:00Z,2013-09-14T23:15:47Z,,,,,,,,CALCULATED
2013-09-14T17:20:00Z,2013-09-14T23:25:47Z,,,,,,,,CALCULATED
2013-09-14T17:30:00Z,2013-09-14T23:35:47Z,,,,,,,,CALCULATED
2013-09-14T17:40:00Z,2013-09-14T23:45:47Z,,,,,,,,CALCULATED
2013-09-14T17:50:00Z,2013-09-14T23:55:47Z,,,,,,,,CALCULATED
2013-09-14T18:00:00Z,2013-09-15T00:05:47Z,,,,,,,,CALCULATED
2013-09-14T18:10:00Z,2013-09-15T00:16:09Z,,,,,,,,CALCULATED
2013-09-14T18:20:00Z,2013-09-15T00:26:09Z,,,,,,,,CALCULATED
2013-09-14T18:30:00Z,2013-09-15T00:36:09Z,,,,,,,,CALCULATED
2013-09-14T18:40:00Z,2013-09-15T00:46:09Z,,,,,,,,CALCULATED
2013-09-14T18:50:00Z,2013-09-15T00:56:09Z,,,,,,,,CALCULATED
2013-09-14T19:00:00Z,2013-09-15T01:06:09Z,,,,,,,,CALCULATED
2013-09-14T19:10:00Z,2013-09-15T01:16:09Z,,,,,,,,CALCULATED
2013-09-14T19:20:00Z,2013-09-15T01:26:09Z,,,,,,,,CALCULATED
2013-09-14T19:30:00Z,2013-09-15T01:36:09Z,,,,,,,,CALCULATED
2013-09-14T19:40:00Z,2013-09-15T01:46:09Z,,,,,,,,CALCULATED
2013-09-14T19:50:00Z,2013-09-15T01:56:09Z,,,,,,,,CALCULATED
2013-09-14T20:00:00Z,2013-09-15T02:06:09Z,,,,,,,,CALCULATED
2013-09-14T20:10:00Z,2013-09-15T02:16:09Z,,,,,,,,CALCULATED
2013-09-14T20:20:00Z,2013-09-15T02:26:09Z,,,,,,,,CALCULATED
2013-09-14T20:30:00Z,2013-09-15T02:36:09Z,,,,,,,,CALCULATED
2013-09-14T20:40:00Z,2013-09-15T02:46:09Z,,,,,,,,CALCULATED
2013-09-14T20:50:00Z,2013-09-15T02:56:09Z,,,,,,,,CALCULATED
2013-09-14T21:00:00Z,2013-09-15T03:06:09Z,,,,,,,,CALCULATED
2013-09-14T21:10:00Z,2013-09-15T03:16:09Z,,,,,,,,CALCULATED
2013-09-14T21:20:00Z,2013-09-15T03:26:09Z,,,,,,,,CALCULATED
2013-09-14T21:30:00Z,2013-09-15T03:36:09Z,,,,,,,,CALCULATED
2013-09-14T21:40:00Z,2013-09-15T03:46:09Z,,,,,,,,CALCULATED
2013-09-14T21:50:00Z,2013-09-15T03:56:09Z,,,,,,,,CALCULATED
2013-09-14T22:00:00Z,2013-09-15T04:06:09Z,,,,,,,,CALCULATED
2013-09-14T22:10:00Z,2013-09-15T04:16:09Z,,,,,,,,CALCULATED
2013-09-14T22:20:00Z,2013-09-15T04:26:09Z,,,,,,,,CALCULATED
2013-09-14T22:30:00Z,2013-09-15T04:36:09Z,,,,,,,,CALCULATED
2013-09-14T22:40:00Z,2013-09-15T04:46:09Z,,,,,,,,CALCULATED
2013-09-14T22:50:00Z,2013-09-15T04:56:09Z,,,,,,,,CALCULATED
2013-09-14T23:00:00Z,2013-09-15T05:06:09Z,,,,,,,,CALCULATED
2013-09-14T23:10:00Z,2013-09-15T05:16:09Z,,,,,,,,CALCULATED
2013-09-14T23:20:00Z,2013-09-15T05:26:09Z,,,,,,,,CALCULATED
2013-09-14T23:30:00Z,2013-09-15T05:36:09Z,,,,,,,,CALCULATED
2013-09-14T23:40:00Z,2013-09-15T05:46:09Z,,,,,,,,CALCULATED
2013-09-14T23:50:00Z,2013-09-15T05:56:09Z,,,,,,,,CALCULATED
2013-09-15T00:00:00Z,2013-09-15T06:06:09Z,,,,,,,,CALCULATED
2013-09-15T00:10:00Z,2013-09-15T06:16:09Z,,,,,,,,CALCULATED
2013-09-15T00:20:00Z,2013-09-15T06:26:09Z,,,,,,,,CALCULATED
2013-09-15T00:30:00Z,2013-09-15T06:36:09Z,,,,,,,,CALCULATED
2013-09-15T00:40:00Z,2013-09-15T06:46:09Z,,,,,,,,CALCULATED
2013-09-15T00:50:00Z,2013-09-15T06:56:09Z,,,,,,,,CALCULATED
2013-09-15T01:00:00Z,2013-09-15T07:06:09Z,,,,,,,,CALCULATED
2013-09-15T01:10:00Z,2013-09-15T07:16:09Z,,,,,,,,CALCULATED
2013-09-15T01:20:00Z,2013-09-15T07:26:09Z,,,,,,,,CALCULATED
2013-09-15T01:30:00Z,2013-09-15T07:36:09Z,,,,,,,,CALCULATED
2013-09-15T01:40:00Z,2013-09-15T07:46:09Z,,,,,,,,CALCULATED
2013-09-15T01:50:00Z,2013-09-15T07:56:09Z,,,,,,,,CALCULATED
2013-09-15T02:00:00Z,2013-09-15T08:06:09Z,,,,,,,,CALCULATED
2013-09-15T02:10:00Z,2013-09-15T08:16:09Z,,,,,,,,CALCULATED
2013-09-15T02:20:00Z,2013-09-15T08:26:09Z,,,,,,,,CALCULATED
2013-09-15T02:30:00Z,2013-09-15T08:36:09Z,,,,,,,,CALCULATED
2013-09-15T02:40:00Z,2013-09-15T08:46:09Z,,,,,,,,CALCULATED
2013-09-15T02:50:00Z,2013-09-15T08:56:09Z,,,,,,,,CALCULATED
2013-09-15T03:00:00Z,2013-09-15T09:06:09Z,,,,,,,,CALCULATED
2013-09-15T03:10:00Z,2013-09-15T09:16:09Z,,,,,,,,CALCULATED
2013-09-15T03:20:00Z,2013-09-15T09:26:09Z,,,,,,,,CALCULATED
2013-09-15T03:30:00Z,2013-09-15T09:36:09Z,,,,,,,,CALCULATED
2013-09-15T03:40:00Z,2013-09-15T09:46:09Z,,,,,,,,CALCULATED
2013-09-15T03:50:00Z,2013-09-15T09:56:09Z,,,,,,,,CALCULATED
2013-09-15T04:00:00Z,2013-09-15T10:06:09Z,,,,,,,,CALCULATED
2013-09-15T04:10:00Z,2013-09-15T10:16:09Z,,,,,,,,CALCULATED
2013-09-15T04:20:00Z,2013-09-15T10:26:09Z,,,,,,,,CALCULATED
2013-09-15T04:30:00Z,2013-09-15T10:36:09Z,,,,,,,,CALCULATED
2013-09-15T04:40:00Z,2013-09-15T10:46:09Z,,,,,,,,CALCULATED
2013-09-15T04:50:00Z,2013-09-15T10:56:09Z,,,,,,,,CALCULATED
2013-09-15T05:00:00Z,2013-09-15T11:06:09Z,,,,,,,,CALCULATED
2013-09-15T05:10:00Z,2013-09-15T11:16:09Z,,,,,,,,CALCULATED
2013-09-15T05:20:00Z,2013-09-15T11:26:09Z,,,,,,,,CALCULATED
2013-09-15T05:30:00Z,2013-09-15T11:36:09Z,,,,,,,,CALCULATED
2013-09-15T05:40:00Z,2013-09-15T11:46:09Z,,,,,,,,CALCULATED
2013-09-15T05:50:00Z,2013-09-15T11:56:09Z,,,,,,,,CALCULATED
2013-09-15T06:00:00Z,2013-09-15T12:06:09Z,,,,,,,,CALCULATED
2013-09-15T06:10:00Z,2013-09-15T12:16:09Z,,,,,,,,CALCULATED
2013-09-15T06:20:00Z,2013-09-15T12:26:09Z,,,,,,,,CALCULATED
2013-09-15T06:30:00Z,2013-09-15T12:36:09Z,,,,,,,,CALCULATED
2013-09-15T06:40:00Z,2013-09-15T12:46:09Z,,,,,,,,CALCULATED
2013-09-15T06:50:00Z,2013-09-15T12:56:09Z,,,,,,,,CALCULATED
2013-09-15T07:00:00Z,2013-09-15T13:06:09Z,,,,,,,,CALCULATED
2013-09-15T07:10:00Z,2013-09-15T13:16:09Z,,,,,,,,CALCULATED
2013-09-15T07:20:00Z,2013-09-15T13:26:09Z,,,,,,,,CALCULATED
2013-09-15T07:30:00Z,2013-09-15T13:36:09Z,,,,,,,,CALCULATED
2013-09-15T07:40:00Z,2013-09-15T13:46:09Z,,,,,,,,CALCULATED
2013-09-15T07:50:00Z,2013-09-15T13:56:09Z,,,,,,,,CALCULATED
2013-09-15T08:00:00Z,2013-09-15T14:06:09Z,,,,,,,,CALCULATED
2013-09-15T08:10:00Z,2013-09-15T14:16:09Z,,,,,,,,CALCULATED
2013-09-15T08:20:00Z,2013-09-15T14:26:09Z,,,,,,,,CALCULATED
2013-09-15T08:30:00Z,2013-09-15T14:36:09Z,,,,,,,,CALCULATED
2013-09-15T08:40:00Z,2013-09-15T14:46:09Z,,,,,,,,CALCULATED
2013-09-15T08:50:00Z,2013-09-15T14:56:09Z,,,,,,,,CALCULATED
2013-09-15T09:00:00Z,2013-09-15T15:06:09Z,,,,,,,,CALCULATED
2013-09-15T09:10:00Z,2013-09-15T15:16:09Z,,,,,,,,CALCULATED
2013-09-15T09:20:00Z,2013-09-15T15:26:09Z,,,,,,,,CALCULATED
2013-09-15T09:30:00Z,2013-09-15T15:36:09Z,,,,,,,,CALCULATED
2013-09-15T09:40:00Z,2013-09-15T15:46:09Z,,,,,,,,CALCULATED
2013-09-15T09:50:00Z,2013-09-15T15:56:09Z,,,,,,,,CALCULATED
2013-09-15T10:00:00Z,2013-09-15T16:06:09Z,,,,,,,,CALCULATED
2013-09-15T10:10:00Z,2013-09-15T16:16:09Z,,,,,,,,CALCULATED
2013-09-15T10:20:00Z,2013-09-15T16:26:09Z,,,,,,,,CALCULATED
2013-09-15T10:30:00Z,2013-09-15T16:36:09Z,,,,,,,,CALCULATED
2013-09-15T10:40:00Z,2013-09-15T16:46:09Z,,,,,,,,CALCULATED
2013-09-15T10:50:00Z,2013-09-15T16:56:09Z,,,,,,,,CALCULATED
2013-09-15T11:00:00Z,2013-09-15T17:06:09Z,,,,,,,,CALCULATED
2013-09-15T11:10:00Z,2013-09-15T17:16:09Z,,,,,,,,CALCULATED
2013-09-15T11:20:00Z,2013-09-15T17:26:09Z,,,,,,,,CALCULATED
2013-09-15T11:30:00Z,2013-09-15T17:36:09Z,,,,,,,,CALCULATED
2013-09-15T11:40:00Z,2013-09-15T17:46:09Z,,,,,,,,CALCULATED
2013-09-15T11:50:00Z,2013-09-15T17:56:09Z,,,,,,,,CALCULATED
2013-09-15T12:00:00Z,2013-09-15T18:06:09Z,,,,,,,,CALCULATED
2013-09-15T12:10:00Z,2013-09-15T18:16:09Z,,,,,,,,CALCULATED
2013-09-15T12:20:00Z,2013-09-15T18:26:09Z,,,,,,,,CALCULATED
2013-09-15T12:30:00Z,2013-09-15T18:36:09Z,,,,,,,,CALCULATED
2013-09-15T12:40:00Z,2013-09-15T18:46:09Z,,,,,,,,CALCULATED
2013-09-15T12:50:00Z,2013-09-15T18:56:09Z,,,,,,,,CALCULATED
2013-09-15T13:00:00Z,2013-09-15T19:06:09Z,,,,,,,,CALCULATED
2013-09-15T13:10:00Z,2013-09-15T19:16:09Z,,,,,,,,CALCULATED
2013-09-15T13:20:00Z,2013-09-15T19:26:09Z,,,,,,,,CALCULATED
2013-09-15T13:30:00Z,2013-09-15T19:36:09Z,,,,,,,,CALCULATED
2013-09-15T13:40:00Z,2013-09-15T19:46:09Z,,,,,,,,CALCULATED
2013-09-15T13:50:00Z,2013-09-15T19:56:09Z,,,,,,,,CALCULATED
2013-09-15T14:00:00Z,2013-09-15T20:06:09Z,,,,,,,,CALCULATED
2013-09-15T14:10:00Z,2013-09-15T20:16:09Z,,,,,,,,CALCULATED
2013-09-15T14:20:00Z,2013-09-15T20:26:09Z,,,,,,,,CALCULATED
2013-09-15T14:30:00Z,2013-09-15T20:36:09Z,,,,,,,,CALCULATED
2013-09-15T14:40:00Z,2013-09-15T20:46:09Z,,,,,,,,CALCULATED
2013-09-15T14:50:00Z,2013-09-15T20:56:09Z,,,,,,,,CALCULATED
2013-09-15T15:00:00Z,2013-09-15T21:06:09Z,,,,,,,,CALCULATED
2013-09-15T15:10:00Z,2013-09-15T21:16:09Z,,,,,,,,CALCULATED
2013-09-15T15:20:00Z,2013-09-15T21:26:09Z,,,,,,,,CALCULATED
2013-09-15T15:30:00Z,2013-09-15T21:36:09Z,,,,,,,,CALCULATED
2013-09-15T15:40:00Z,2013-09-15T21:46:09Z,,,,,,,,CALCULATED
2013-09-15T15:50:00Z,2013-09-15T21:56:09Z,,,,,,,,CALCULATED
2013-09-15T16:00:00Z,2013-09-15T22:06:09Z,,,,,,,,CALCULATED
2013-09-15T16:10:00Z,2013-09-15T22:16:09Z,,,,,,,,CALCULATED
2013-09-15T16:20:00Z,2013-09-15T22:26:09Z,,,,,,,,CALCULATED
2013-09-15T16:30:00Z,2013-09-15T22:36:09Z,,,,,,,,CALCULATED
2013-09-15T16:40:00Z,2013-09-15T22:46:09Z,,,,,,,,CALCULATED
2013-09-15T16:50:00Z,2013-09-15T22:56:09Z,,,,,,,,CALCULATED
2013-09-15T17:00:00Z,2013-09-15T23:06:09Z,,,,,,,,CALCULATED
2013-09-15T17:10:00Z,2013-09-15T23:16:09Z,,,,,,,,CALCULATED
2013-09-15T17:20:00Z,2013-09-15T23:26:09Z,,,,,,,,CALCULATED
2013-09-15T17:30:00Z,2013-09-15T23:36:09Z,,,,,,,,CALCULATED
2013-09-15T17:40:00Z,2013-09-15T23:46:09Z,,,,,,,,CALCULATED
2013-09-15T17:50:00Z,2013-09-15T23:56:09Z,,,,,,,,CALCULATED
2013-09-15T18:00:00Z,2013-09-16T00:06:09Z,,,,,,,,CALCULATED
2013-09-15T18:10:00Z,2013-09-16T00:16:30Z,,,,,,,,CALCULATED
2013-09-15T18:20:00Z,2013-09-16T00:26:30Z,,,,,,,,CALCULATED
2013-09-15T18:30:00Z,2013-09-16T00:36:30Z,,,,,,,,CALCULATED
2013-09-15T18:40:00Z,2013-09-16T00:46:30Z,,,,,,,,CALCULATED
2013-09-15T18:50:00Z,2013-09-16T00:56:30Z,,,,,,,,CALCULATED
2013-09-15T19:00:00Z,2013-09-16T01:06:30Z,,,,,,,,CALCULATED
2013-09-15T19:10:00Z,2013-09-16T01:16:30Z,,,,,,,,CALCULATED
2013-09-15T19:20:00Z,2013-09-16T01:26:30Z,,,,,,,,CALCULATED
2013-09-15T19:30:00Z,2013-09-16T01:36:30Z,,,,,,,,CALCULATED
2013-09-15T19:40:00Z,2013-09-16T01:46:30Z,,,,,,,,CALCULATED
2013-09-15T19:50:00Z,2013-09-16T01:56:30Z,,,,,,,,CALCULATED
2013-09-15T20:00:00Z,2013-09-16T02:06:30Z,,,,,,,,CALCULATED
2013-09-15T20:10:00Z,2013-09-16T02:16:30Z,,,,,,,,CALCULATED
2013-09-15T20:20:00Z,2013-09-16T02:26:30Z,,,,,,,,CALCULATED
2013-09-15T20:30:00Z,2013-09-16T02:36:30Z,,,,,,,,CALCULATED
2013-09-15T20:40:00Z,2013-09-16T02:46:30Z,,,,,,,,CALCULATED
2013-09-15T20:50:00Z,2013-09-16T02:56:30Z,,,,,,,,CALCULATED
2013-09-15T21:00:00Z,2013-09-16T03:06:30Z,,,,,,,,CALCULATED
2013-09-15T21:10:00Z,2013-09-16T03:16:30Z,,,,,,,,CALCULATED
2013-09-15T21:20:00Z,2013-09-16T03:26:30Z,,,,,,,,CALCULATED
2013-09-15T21:30:00Z,2013-09-16T03:36:30Z,,,,,,,,CALCULATED
2013-09-15T21:40:00Z,2013-09-16T03:46:30Z,,,,,,,,CALCULATED
2013-09-15T21:50:00Z,2013-09-16T03:56:30Z,,,,,,,,CALCULATED
2013-09-15T22:00:00Z,2013-09-16T04:06:30Z,,,,,,,,CALCULATED
2013-09-15T22:10:00Z,2013-09-16T04:16:30Z,,,,,,,,CALCULATED
2013-09-15T22:20:00Z,2013-09-16T04:26:30Z,,,,,,,,CALCULATED
2013-09-15T22:30:00Z,2013-09-16T04:36:30Z,,,,,,,,CALCULATED
2013-09-15T22:40:00Z,2013-09-16T04:46:30Z,,,,,,,,CALCULATED
2013-09-15T22:50:00Z,2013-09-16T04:56:30Z,,,,,,,,CALCULATED
2013-09-15T23:00:00Z,2013-09-16T05:06:30Z,,,,,,,,CALCULATED
2013-09-15T23:10:00Z,2013-09-16T05:16:30Z,,,,,,,,CALCULATED
2013-09-15T23:20:00Z,2013-09-16T05:26:30Z,,,,,,,,CALCULATED
2013-09-15T23:30:00Z,2013-09-16T05:36:30Z,,,,,,,,CALCULATED
2013-09-15T23:40:00Z,2013-09-16T05:46:30Z,,,,,,,,CALCULATED
2013-09-15T23:50:00Z,2013-09-16T05:56:30Z,,,,,,,,CALCULATED
2013-09-16T00:00:00Z,2013-09-16T06:06:30Z,,,,,,,,CALCULATED
2013-09-16T00:10:00Z,2013-09-16T06:16:30Z,,,,,,,,CALCULATED
2013-09-16T00:20:00Z,2013-09-16T06:26:30Z,,,,,,,,CALCULATED
2013-09-16T00:30:00Z,2013-09-16T06:36:30Z,,,,,,,,CALCULATED
2013-09-16T00:40:00Z,2013-09-16T06:46:30Z,,,,,,,,CALCULATED
2013-09-16T00:50:00Z,2013-09-16T06:56:30Z,,,,,,,,CALCULATED
2013-09-16T01:00:00Z,2013-09-16T07:06:30Z,,,,,,,,CALCULATED
2013-09-16T01:10:00Z,2013-09-16T07:16:30Z,,,,,,,,CALCULATED
2013-09-16T01:20:00Z,2013-09-16T07:26:30Z,,,,,,,,CALCULATED
2013-09-16T01:30:00Z,2013-09-16T07:36:30Z,,,,,,,,CALCULATED
2013-09-16T01:40:00Z,2013-09-16T07:46:30Z,,,,,,,,CALCULATED
2013-09-16T01:50:00Z,2013-09-16T07:56:30Z,,,,,,,,CALCULATED
2013-09-16T02:00:00Z,2013-09-16T08:06:30Z,,,,,,,,CALCULATED
2013-09-16T02:10:00Z,2013-09-16T08:16:30Z,,,,,,,,CALCULATED
2013-09-16T02:20:00Z,2013-09-16T08:26:30Z,,,,,,,,CALCULATED
2013-09-16T02:30:00Z,2013-09-16T08:36:30Z,,,,,,,,CALCULATED
2013-09-16T02:40:00Z,2013-09-16T08:46:30Z,,,,,,,,CALCULATED
2013-09-16T02:50:00Z,2013-09-16T08:56:30Z,,,,,,,,CALCULATED
2013-09-16T03:00:00Z,2013-09-16T09:06:30Z,,,,,,,,CALCULATED
2013-09-16T03:10:00Z,2013-09-16T09:16:30Z,,,,,,,,CALCULATED
2013-09-16T03:20:00Z,2013-09-16T09:26:30Z,,,,,,,,CALCULATED
2013-09-16T03:30:00Z,2013-09-16T09:36:30Z,,,,,,,,CALCULATED
2013-09-16T03:40:00Z,2013-09-16T09:46:30Z,,,,,,,,CALCULATED
2013-09-16T03:50:00Z,2013-09-16T09:56:30Z,,,,,,,,CALCULATED
2013-09-16T04:00:00Z,2013-09-16T10:06:30Z,,,,,,,,CALCULATED
2013-09-16T04:10:00Z,2013-09-16T10:16:30Z,,,,,,,,CALCULATED
2013-09-16T04:20:00Z,2013-09-16T10:26:30Z,,,,,,,,CALCULATED
2013-09-16T04:30:00Z,2013-09-16T10:36:30Z,,,,,,,,CALCULATED
2013-09-16T04:40:00Z,2013-09-16T10:46:30Z,,,,,,,,CALCULATED
2013-09-16T04:50:00Z,2013-09-16T10:56:30Z,,,,,,,,CALCULATED
2013-09-16T05:00:00Z,2013-09-16T11:06:30Z,,,,,,,,CALCULATED
2013-09-16T05:10:00Z,2013-09-16T11:16:30Z,,,,,,,,CALCULATED
2013-09-16T05:20:00Z,2013-09-16T11:26:30Z,,,,,,,,CALCULATED
2013-09-16T05:30:00Z,2013-09-16T11:36:30Z,,,,,,,,CALCULATED
2013-09-16T05:40:00Z,2013-09-16T11:46:30Z,,,,,,,,CALCULATED
2013-09-16T05:50:00Z,2013-09-16T11:56:30Z,,,,,,,,CALCULATED
2013-09-16T06:00:00Z,2013-09-16T12:06:30Z,,,,,,,,CALCULATED
2013-09-16T06:10:00Z,2013-09-16T12:16:30Z,,,,,,,,CALCULATED
2013-09-16T06:20:00Z,2013-09-16T12:26:30Z,,,,,,,,CALCULATED
2013-09-16T06:30:00Z,2013-09-16T12:36:30Z,,,,,,,,CALCULATED
2013-09-16T06:40:00Z,2013-09-16T12:46:30Z,,,,,,,,CALCULATED
2013-09-16T06:50:00Z,2013-09-16T12:56:30Z,,,,,,,,CALCULATED
2013-09-16T07:00:00Z,2013-09-16T13:06:30Z,,,,,,,,CALCULATED
2013-09-16T07:10:00Z,2013-09-16T13:16:30Z,,,,,,,,CALCULATED
2013-09-16T07:20:00Z,2013-09-16T13:26:30Z,,,,,,,,CALCULATED
2013-09-16T07:30:00Z,2013-09-16T13:36:30Z,,,,,,,,CALCULATED
2013-09-16T07:40:00Z,2013-09-16T13:46:30Z,,,,,,,,CALCULATED
2013-09-16T07:50:00Z,2013-09-16T13:56:30Z,,,,,,,,CALCULATED
2013-09-16T08:00:00Z,2013-09-16T14:06:30Z,,,,,,,,CALCULATED
2013-09-16T08:10:00Z,2013-09-16T14:16:30Z,,,,,,,,CALCULATED
2013-09-16T08:20:00Z,2013-09-16T14:26:30Z,,,,,,,,CALCULATED
2013-09-16T08:30:00Z,2013-09-16T14:36:30Z,,,,,,,,CALCULATED
2013-09-16T08:40:00Z,2013-09-16T14:46:30Z,,,,,,,,CALCULATED
2013-09-16T08:50:00Z,2013-09-16T14:56:30Z,,,,,,,,CALCULATED
2013-09-16T09:00:00Z,2013-09-16T15:06:30Z,,,,,,,,CALCULATED
2013-09-16T09:10:00Z,2013-09-16T15:16:30Z,,,,,,,,CALCULATED
2013-09-16T09:20:00Z,2013-09-16T15:26:30Z,,,,,,,,CALCULATED
2013-09-16T09:30:00Z,2013-09-16T15:36:30Z,,,,,,,,CALCULATED
2013-09-16T09:40:00Z,2013-09-16T15:46:30Z,,,,,,,,CALCULATED
2013-09-16T09:50:00Z,2013-09-16T15:56:30Z,,,,,,,,CALCULATED
2013-09-16T10:00:00Z,2013-09-16T16:06:30Z,,,,,,,,CALCULATED
2013-09-16T10:10:00Z,2013-09-16T16:16:30Z,,,,,,,,CALCULATED
2013-09-16T10:20:00Z,2013-09-16T16:26:30Z,,,,,,,,CALCULATED
2013-09-16T10:30:00Z,2013-09-16T16:36:30Z,,,,,,,,CALCULATED
2013-09-16T10:40:00Z,2013-09-16T16:46:30Z,,,,,,,,CALCULATED
2013-09-16T10:50:00Z,2013-09-16T16:56:30Z,,,,,,,,CALCULATED
2013-09-16T11:00:00Z,2013-09-16T17:06:30Z,,,,,,,,CALCULATED
2013-09-16T11:10:00Z,2013-09-16T17:16:30Z,,,,,,,,CALCULATED
2013-09-16T11:20:00Z,2013-09-16T17:26:30Z,,,,,,,,CALCULATED
2013-09-16T11:30:00Z,2013-09-16T17:36:30Z,,,,,,,,CALCULATED
2013-09-16T11:40:00Z,2013-09-16T17:46:30Z,,,,,,,,CALCULATED
2013-09-16T11:50:00Z,2013-09-16T17:56:30Z,,,,,,,,CALCULATED
2013-09-16T12:00:00Z,2013-09-16T18:06:30Z,,,,,,,,CALCULATED
2013-09-16T12:10:00Z,2013-09-16T18:16:30Z,,,,,,,,CALCULATED
2013-09-16T12:20:00Z,2013-09-16T18:26:30Z,,,,,,,,CALCULATED
2013-09-16T12:30:00Z,2013-09-16T18:36:30Z,,,,,,,,CALCULATED
2013-09-16T12:40:00Z,2013-09-16T18:46:30Z,,,,,,,,CALCULATED
2013-09-16T12:50:00Z,2013-09-16T18:56:30Z,,,,,,,,CALCULATED
2013-09-16T13:00:00Z,2013-09-16T19:06:30Z,,,,,,,,CALCULATED
2013-09-16T13:10:00Z,2013-09-16T19:16:30Z,,,,,,,,CALCULATED
2013-09-16T13:20:00Z,2013-09-16T19:26:30Z,,,,,,,,CALCULATED
2013-09-16T13:30:00Z,2013-09-16T19:36:30Z,,,,,,,,CALCULATED
2013-09-16T13:40:00Z,2013-09-16T19:46:30Z,,,,,,,,CALCULATED
2013-09-16T13:50:00Z,2013-09-16T19:56:30Z,,,,,,,,CALCULATED
2013-09-16T14:00:00Z,2013-09-16T20:06:30Z,,,,,,,,CALCULATED
2013-09-16T14:10:00Z,2013-09-16T20:16:30Z,,,,,,,,CALCULATED
2013-09-16T14:20:00Z,2013-09-16T20:26:30Z,,,,,,,,CALCULATED
2013-09-16T14:30:00Z,2013-09-16T20:36:30Z,,,,,,,,CALCULATED
2013-09-16T14:40:00Z,2013-09-16T20:46:30Z,,,,,,,,CALCULATED
2013-09-16T14:50:00Z,2013-09-16T20:56:30Z,,,,,,,,CALCULATED
2013-09-16T15:00:00Z,2013-09-16T21:06:30Z,,,,,,OUT_WARN,,CALCULATED
2013-09-16T15:10:00Z,2013-09-16T21:16:30Z,,,,,,,,CALCULATED
2013-09-16T15:20:00Z,2013-09-16T21:26:30Z,,,,,,,,CALCULATED
2013-09-16T15:30:00Z,2013-09-16T21:36:30Z,,,,,,,,CALCULATED
2013-09-16T15:40:00Z,2013-09-16T21:46:30Z,,,,,,,,CALCULATED
2013-09-16T15:50:00Z,2013-09-16T21:56:30Z,,,,,,,,CALCULATED
2013-09-16T16:00:00Z,2013-09-16T22:06:30Z,,,,,,,,CALCULATED
2013-09-16T16:10:00Z,2013-09-16T22:16:30Z,,,,,,,,CALCULATED
2013-09-16T16:20:00Z,2013-09-16T22:26:30Z,,,,,,,,CALCULATED
2013-09-16T16:30:00Z,2013-09-16T22:36:30Z,,,,,,,,CALCULATED
2013-09-16T16:40:00Z,2013-09-16T22:46:30Z,,,,,,,,CALCULATED
2013-09-16T16:50:00Z,2013-09-16T22:56:30Z,,,,,,,,CALCULATED
2013-09-16T17:00:00Z,2013-09-16T23:06:30Z,,,,,,,,CALCULATED
2013-09-16T17:10:00Z,2013-09-16T23:16:30Z,,,,,,,,CALCULATED
2013-09-16T17:20:00Z,2013-09-16T23:26:30Z,,,,,,,,CALCULATED
2013-09-16T17:30:00Z,2013-09-16T23:36:30Z,,,,,,,,CALCULATED
2013-09-16T17:40:00Z,2013-09-16T23:46:30Z,,,,,,,,CALCULATED
2013-09-16T17:50:00Z,2013-09-16T23:56:30Z,,,,,,,,CALCULATED
2013-09-16T18:00:00Z,2013-09-17T00:06:30Z,,,,,,,,CALCULATED
2013-09-16T18:10:00Z,2013-09-17T00:16:52Z,,,,,,,,CALCULATED
2013-09-16T18:20:00Z,2013-09-17T00:26:52Z,,,,,,,,CALCULATED
2013-09-16T18:30:00Z,2013-09-17T00:36:52Z,,,,,,,,CALCULATED
2013-09-16T18:40:00Z,2013-09-17T00:46:52Z,,,,,,,,CALCULATED
2013-09-16T18:50:00Z,2013-09-17T00:56:52Z,,,,,,,,CALCULATED
2013-09-16T19:00:00Z,2013-09-17T01:06:52Z,,,,,,,,CALCULATED
2013-09-16T19:10:00Z,2013-09-17T01:16:52Z,,,,,,,,CALCULATED
2013-09-16T19:20:00Z,2013-09-17T01:26:52Z,,,,,,,,CALCULATED
2013-09-16T19:30:00Z,2013-09-17T01:36:52Z,,,,,,,,CALCULATED
2013-09-16T19:40:00Z,2013-09-17T01:46:52Z,,,,,,,,CALCULATED
2013-09-16T19:50:00Z,2013-09-17T01:56:52Z,,,,,,,,CALCULATED
2013-09-16T20:00:00Z,2013-09-17T02:06:52Z,,,,,,,,CALCULATED
2013-09-16T20:10:00Z,2013-09-17T02:16:52Z,,,,,,,,CALCULATED
2013-09-16T20:20:00Z,2013-09-17T02:26:52Z,,,,,,,,CALCULATED
2013-09-16T20:30:00Z,2013-09-17T02:36:52Z,,,,,,,,CALCULATED
2013-09-16T20:40:00Z,2013-09-17T02:46:52Z,,,,,,,,CALCULATED
2013-09-16T20:50:00Z,2013-09-17T02:56:52Z,,,,,,,,CALCULATED
2013-09-16T21:00:00Z,2013-09-17T03:06:52Z,,,,,,,,CALCULATED
2013-09-16T21:10:00Z,2013-09-17T03:16:52Z,,,,,,,,CALCULATED
2013-09-16T21:20:00Z,2013-09-17T03:26:52Z,,,,,,,,CALCULATED
2013-09-16T21:30:00Z,2013-09-17T03:36:52Z,,,,,,,,CALCULATED
2013-09-16T21:40:00Z,2013-09-17T03:46:52Z,,,,,,,,CALCULATED
2013-09-16T21:50:00Z,2013-09-17T03:56:52Z,,,,,,,,CALCULATED
2013-09-16T22:00:00Z,2013-09-17T04:06:52Z,,,,,,,,CALCULATED
2013-09-16T22:10:00Z,2013-09-17T04:16:52Z,,,,,,,,CALCULATED
2013-09-16T22:20:00Z,2013-09-17T04:26:52Z,,,,,,,,CALCULATED
2013-09-16T22:30:00Z,2013-09-17T04:36:52Z,,,,,,,,CALCULATED
2013-09-16T22:40:00Z,2013-09-17T04:46:52Z,,,,,,,,CALCULATED
2013-09-16T22:50:00Z,2013-09-17T04:56:52Z,,,,,,,,CALCULATED
2013-09-16T23:00:00Z,2013-09-17T05:06:52Z,,,,,,OUT_WARN,,CALCULATED
2013-09-16T23:10:00Z,2013-09-17T05:16:52Z,,,,,,,,CALCULATED
2013-09-16T23:20:00Z,2013-09-17T05:26:52Z,,,,,,,,CALCULATED
2013-09-16T23:30:00Z,2013-09-17T05:36:52Z,,,,,,,,CALCULATED
2013-09-16T23:40:00Z,2013-09-17T05:46:52Z,,,,,,,,CALCULATED
2013-09-16T23:50:00Z,2013-09-17T05:56:52Z,,,,,,,,CALCULATED
2013-09-17T00:00:00Z,2013-09-17T06:06:52Z,,,,,,,,CALCULATED
2013-09-17T00:10:00Z,2013-09-17T06:16:52Z,,,,,,OUT_WARN,,CALCULATED
2013-09-17T00:20:00Z,2013-09-17T06:26:52Z,,,,,,,,CALCULATED
2013-09-17T00:30:00Z,2013-09-17T06:36:52Z,,,,,,,,CALCULATED
2013-09-17T00:40:00Z,2013-09-17T06:46:52Z,,,,,,,,CALCULATED
2013-09-17T00:50:00Z,2013-09-17T06:56:52Z,,,,,,,,CALCULATED
2013-09-17T01:00:00Z,2013-09-17T07:06:52Z,,,,,,,,CALCULATED
2013-09-17T01:10:00Z,2013-09-17T07:16:52Z,,,,,,,,CALCULATED
2013-09-17T01:20:00Z,2013-09-17T07:26:52Z,,,,,,,,CALCULATED
2013-09-17T01:30:00Z,2013-09-17T07:36:52Z,,,,,,,,CALCULATED
2013-09-17T01:40:00Z,2013-09-17T07:46:52Z,,,,,,,,CALCULATED
2013-09-17T01:50:00Z,2013-09-17T07:56:52Z,,,,,,,,CALCULATED
2013-09-17T02:00:00Z,2013-09-17T08:06:52Z,,,,,,,,CALCULATED
2013-09-17T02:10:00Z,2013-09-17T08:16:52Z,,,,,,,,CALCULATED
2013-09-17T02:20:00Z,2013-09-17T08:26:52Z,,,,,,,,CALCULATED
2013-09-17T02:30:00Z,2013-09-17T08:36:52Z,,,,,,,,CALCULATED
2013-09-17T02:40:00Z,2013-09-17T08:46:52Z,,,,,,,,CALCULATED
2013-09-17T02:50:00Z,2013-09-17T08:56:52Z,,,,,,,,CALCULATED
2013-09-17T03:00:00Z,2013-09-17T09:06:52Z,,,,,,,,CALCULATED
2013-09-17T03:10:00Z,2013-09-17T09:16:52Z,,,,,,,,CALCULATED
2013-09-17T03:20:00Z,2013-09-17T09:26:52Z,,,,,,,,CALCULATED
2013-09-17T03:30:00Z,2013-09-17T09:36:52Z,,,,,,,,CALCULATED
2013-09-17T03:40:00Z,2013-09-17T09:46:52Z,,,,,,,,CALCULATED
2013-09-17T03:50:00Z,2013-09-17T09:56:52Z,,,,,,,,CALCULATED
2013-09-17T04:00:00Z,2013-09-17T10:06:52Z,,,,,,,,CALCULATED
2013-09-17T04:10:00Z,2013-09-17T10:16:52Z,,,,,,,,CALCULATED
2013-09-17T04:20:00Z,2013-09-17T10:26:52Z,,,,,,,,CALCULATED
2013-09-17T04:30:00Z,2013-09-17T10:36:52Z,,,,,,,,CALCULATED
2013-09-17T04:40:00Z,2013-09-17T10:46:52Z,,,,,,,,CALCULATED
2013-09-17T04:50:00Z,2013-09-17T10:56:52Z,,,,,,,,CALCULATED
2013-09-17T05:00:00Z,2013-09-17T11:06:52Z,,,,,,,,CALCULATED
2013-09-17T05:10:00Z,2013-09-17T11:16:52Z,,,,,,,,CALCULATED
2013-09-17T05:20:00Z,2013-09-17T11:26:52Z,,,,,,,,CALCULATED
2013-09-17T05:30:00Z,2013-09-17T11:36:52Z,,,,,,,,CALCULATED
2013-09-17T05:40:00Z,2013-09-17T11:46:52Z,,,,,,,,CALCULATED
2013-09-17T05:50:00Z,2013-09-17T11:56:52Z,,,,,,,,CALCULATED
2013-09-17T06:00:00Z,2013-09-17T12:06:52Z,,,,,,,,CALCULATED
2013-09-17T06:10:00Z,2013-09-17T12:16:52Z,,,,,,,,CALCULATED
2013-09-17T06:20:00Z,2013-09-17T12:26:52Z,,,,,,,,CALCULATED
2013-09-17T06:30:00Z,2013-09-17T12:36:52Z,,,,,,,,CALCULATED
2013-09-17T06:40:00Z,2013-09-17T12:46:52Z,,,,,,,,CALCULATED
2013-09-17T06:50:00Z,2013-09-17T12:56:52Z,,,,,,,,CALCULATED
2013-09-17T07:00:00Z,2013-09-17T13:06:52Z,,,,,,,,CALCULATED
2013-09-17T07:10:00Z,2013-09-17T13:16:52Z,,,,,,,,CALCULATED
2013-09-17T07:20:00Z,2013-09-17T13:26:52Z,,,,,,,,CALCULATED
2013-09-17T07:30:00Z,2013-09-17T13:36:52Z,,,,,,,,CALCULATED
2013-09-17T07:40:00Z,2013-09-17T13:46:52Z,,,,,,,OUT_WARN,CALCULATED
2013-09-17T07:50:00Z,2013-09-17T13:56:52Z,,,,,,,,CALCULATED
2013-09-17T08:00:00Z,2013-09-17T14:06:52Z,,,,,,,,CALCULATED
2013-09-17T08:10:00Z,2013-09-17T14:16:52Z,,,,,,,,CALCULATED
2013-09-17T08:20:00Z,2013-09-17T14:26:52Z,,,,,,,,CALCULATED
2013-09-17T08:30:00Z,2013-09-17T14:36:52Z,,,,,,,,CALCULATED
2013-09-17T08:40:00Z,2013-09-17T14:46:52Z,,,,,,,,CALCULATED
2013-09-17T08:50:00Z,2013-09-17T14:56:52Z,,,,,,,,CALCULATED
2013-09-17T09:00:00Z,2013-09-17T15:06:52Z,,,,,,,,CALCULATED
2013-09-17T09:10:00Z,2013-09-17T15:16:52Z,,,,,,,,CALCULATED
2013-09-17T09:20:00Z,2013-09-17T15:26:52Z,,,,,,,,CALCULATED
2013-09-17T09:30:00Z,2013-09-17T15:36:52Z,,,,,,,,CALCULATED
2013-09-17T09:40:00Z,2013-09-17T15:46:52Z,,,,,,,,CALCULATED
2013-09-17T09:50:00Z,2013-09-17T15:56:52Z,,,,,,,,CALCULATED
2013-09-17T10:00:00Z,2013-09-17T16:06:52Z,,,,,,,,CALCULATED
2013-09-17T10:10:00Z,2013-09-17T16:16:52Z,,,,,,,,CALCULATED
2013-09-17T10:20:00Z,2013-09-17T16:26:52Z,,,,,,,,CALCULATED
2013-09-17T10:30:00Z,2013-09-17T16:36:52Z,,,,,,,,CALCULATED
2013-09-17T10:40:00Z,2013-09-17T16:46:52Z,,,,,,,,CALCULATED
2013-09-17T10:50:00Z,2013-09-17T16:56:52Z,,,,,,,,CALCULATED
2013-09-17T11:00:00Z,2013-09-17T17:06:52Z,,,,,,,,CALCULATED
2013-09-17T11:10:00Z,2013-09-17T17:16:52Z,,,,,,,,CALCULATED
2013-09-17T11:20:00Z,2013-09-17T17:26:52Z,,,,,,,,CALCULATED
2013-09-17T11:30:00Z,2013-09-17T17:36:52Z,,,,,,OUT_WARN,,CALCULATED
2013-09-17T11:40:00Z,2013-09-17T17:46:52Z,,,,,,OUT_WARN,,CALCULATED
2013-09-17T11:50:00Z,2013-09-17T17:56:52Z,,,,,,OUT_WARN,,CALCULATED
2013-09-17T12:00:00Z,2013-09-17T18:06:52Z,,,,,,OUT_WARN,,CALCULATED
2013-09-17T12:10:00Z,2013-09-17T18:16:52Z,,,,,,,,CALCULATED
2013-09-17T12:20:00Z,2013-09-17T18:26:52Z,,,,,,,,CALCULATED
2013-09-17T12:30:00Z,2013-09-17T18:36:52Z,,,,,,,,CALCULATED
2013-09-17T12:40:00Z,2013-09-17T18:46:52Z,,,,,,,,CALCULATED
2013-09-17T12:50:00Z,2013-09-17T18:56:52Z,,,,,,,,CALCULATED
2013-09-17T13:00:00Z,2013-09-17T19:06:52Z,,,,,,,,CALCULATED
2013-09-17T13:10:00Z,2013-09-17T19:16:52Z,,,,,,,,CALCULATED
2013-09-17T13:20:00Z,2013-09-17T19:26:52Z,,,,,,,,CALCULATED
2013-09-17T13:30:00Z,2013-09-17T19:36:52Z,,,,,,,,CALCULATED
2013-09-17T13:40:00Z,2013-09-17T19:46:52Z,,,,,,,,CALCULATED
2013-09-17T13:50:00Z,2013-09-17T19:56:52Z,,,,,,,,CALCULATED
2013-09-17T14:00:00Z,2013-09-17T20:06:52Z,,,,,,,,CALCULATED
2013-09-17T14:10:00Z,2013-09-17T20:16:52Z,,,,,,,,CALCULATED
2013-09-17T14:20:00Z,2013-09-17T20:26:52Z,,,,,,,,CALCULATED
2013-09-17T14:30:00Z,2013-09-17T20:36:52Z,,,,,,,,CALCULATED
2013-09-17T14:40:00Z,2013-09-17T20:46:52Z,,,,,,,,CALCULATED
2013-09-17T14:50:00Z,2013-09-17T20:56:52Z,,,,,,,,CALCULATED
2013-09-17T15:00:00Z,2013-09-17T21:06:52Z,,,,,,,,CALCULATED
2013-09-17T15:10:00Z,2013-09-17T21:16:52Z,,,,,,,,CALCULATED
2013-09-17T15:20:00Z,2013-09-17T21:26:52Z,,,,,,,,CALCULATED
2013-09-17T15:30:00Z,2013-09-17T21:36:52Z,,,,,,,,CALCULATED
2013-09-17T15:40:00Z,2013-09-17T21:46:52Z,,,,,,,,CALCULATED
2013-09-17T15:50:00Z,2013-09-17T21:56:52Z,,,,,,,,CALCULATED
2013-09-17T16:00:00Z,2013-09-17T22:06:52Z,,,,,,,,CALCULATED
2013-09-17T16:10:00Z,2013-09-17T22:16:52Z,,,,,,,,CALCULATED
2013-09-17T16:20:00Z,2013-09-17T22:26:52Z,,,,,,,,CALCULATED
2013-09-17T16:30:00Z,2013-09-17T22:36:52Z,,,,,,,,CALCULATED
2013-09-17T16:40:00Z,2013-09-17T22:46:52Z,,,,,,,,CALCULATED
2013-09-17T16:50:00Z,2013-09-17T22:56:52Z,,,,,,,,CALCULATED
2013-09-17T17:00:00Z,2013-09-17T23:06:52Z,,,,,,,,CALCULATED
2013-09-17T17:10:00Z,2013-09-17T23:16:52Z,,,,,,,,CALCULATED
2013-09-17T17:20:00Z,2013-09-17T23:26:52Z,,,,,,,,CALCULATED
2013-09-17T17:30:00Z,2013-09-17T23:36:52Z,,,,,,,,CALCULATED
2013-09-17T17:40:00Z,2013-09-17T23:46:52Z,,,,,,,,CALCULATED
2013-09-17T17:50:00Z,2013-09-17T23:56:52Z,,,,,,,,CALCULATED
2013-09-17T18:00:00Z,2013-09-18T00:06:52Z,,,,,,,,CALCULATED
2013-09-17T18:10:00Z,2013-09-18T00:17:14Z,,,,,,,,CALCULATED
2013-09-17T18:20:00Z,2013-09-18T00:27:14Z,,,,,,,,CALCULATED
2013-09-17T18:30:00Z,2013-09-18T00:37:14Z,,,,,,,,CALCULATED
2013-09-17T18:40:00Z,2013-09-18T00:47:14Z,,,,,,,,CALCULATED
2013-09-17T18:50:00Z,2013-09-18T00:57:14Z,,,,,,,,CALCULATED
2013-09-17T19:00:00Z,2013-09-18T01:07:14Z,,,,,,,,CALCULATED
2013-09-17T19:10:00Z,2013-09-18T01:17:14Z,,,,,,,,CALCULATED
2013-09-17T19:20:00Z,2013-09-18T01:27:14Z,,,,,,,,CALCULATED
2013-09-17T19:30:00Z,2013-09-18T01:37:14Z,,,,,,,,CALCULATED
2013-09-17T19:40:00Z,2013-09-18T01:47:14Z,,,,,,,,CALCULATED
2013-09-17T19:50:00Z,2013-09-18T01:57:14Z,,,,,,,,CALCULATED
2013-09-17T20:00:00Z,2013-09-18T02:07:14Z,,,,,,,,CALCULATED
2013-09-17T20:10:00Z,2013-09-18T02:17:14Z,,,,,,OUT_WARN,,CALCULATED
2013-09-17T20:20:00Z,2013-09-18T02:27:14Z,,,,,,OUT_WARN,,CALCULATED
2013-09-17T20:30:00Z,2013-09-18T02:37:14Z,,,,,,OUT_WARN,,CALCULATED
2013-09-17T20:40:00Z,2013-09-18T02:47:14Z,,,,,,OUT_WARN,,CALCULATED
2013-09-17T20:50:00Z,2013-09-18T02:57:14Z,,,,,,,,CALCULATED
2013-09-17T21:00:00Z,2013-09-18T03:07:14Z,,,,,,,,CALCULATED
2013-09-17T21:10:00Z,2013-09-18T03:17:14Z,,,,,,,,CALCULATED
2013-09-17T21:20:00Z,2013-09-18T03:27:14Z,,,,,,,,CALCULATED
2013-09-17T21:30:00Z,2013-09-18T03:37:14Z,,,,,,,,CALCULATED
2013-09-17T21:40:00Z,2013-09-18T03:47:14Z,,,,,,,,CALCULATED
2013-09-17T21:50:00Z,2013-09-18T03:57:14Z,,,,,,,,CALCULATED
2013-09-17T22:00:00Z,2013-09-18T04:07:14Z,,,,,,,,CALCULATED
2013-09-17T22:10:00Z,2013-09-18T04:17:14Z,,,,,,,,CALCULATED
2013-09-17T22:20:00Z,2013-09-18T04:27:14Z,,,,,,,,CALCULATED
2013-09-17T22:30:00Z,2013-09-18T04:37:14Z,,,,,,,,CALCULATED
2013-09-17T22:40:00Z,2013-09-18T04:47:14Z,,,,,,,,CALCULATED
2013-09-17T22:50:00Z,2013-09-18T04:57:14Z,,,,,,,,CALCULATED
2013-09-17T23:00:00Z,2013-09-18T05:07:14Z,,,,,,,,CALCULATED
2013-09-17T23:10:00Z,2013-09-18T05:17:14Z,,,,,,,,CALCULATED
2013-09-17T23:20:00Z,2013-09-18T05:27:14Z,,,,,,,,CALCULATED
2013-09-17T23:30:00Z,2013-09-18T05:37:14Z,,,,,,,,CALCULATED
2013-09-17T23:40:00Z,2013-09-18T05:47:14Z,,,,,,,,CALCULATED
2013-09-17T23:50:00Z,2013-09-18T05:57:14Z,,,,,,,,CALCULATED
2013-09-18T00:00:00Z,2013-09-18T06:07:14Z,,,,,,,,CALCULATED
2013-09-18T00:10:00Z,2013-09-18T06:17:14Z,,,,,,,,CALCULATED
2013-09-18T00:20:00Z,2013-09-18T06:27:14Z,,,,,,,,CALCULATED
2013-09-18T00:30:00Z,2013-09-18T06:37:14Z,,,,,,,,CALCULATED
2013-09-18T00:40:00Z,2013-09-18T06:47:14Z,,,,,,,,CALCULATED
2013-09-18T00:50:00Z,2013-09-18T06:57:14Z,,,,,,,,CALCULATED
2013-09-18T01:00:00Z,2013-09-18T07:07:14Z,,,,,,,,CALCULATED
2013-09-18T01:10:00Z,2013-09-18T07:17:14Z,,,,,,,,CALCULATED
2013-09-18T01:20:00Z,2013-09-18T07:27:14Z,,,,,,,,CALCULATED
2013-09-18T01:30:00Z,2013-09-18T07:37:14Z,,,,,,,,CALCULATED
2013-09-18T01:40:00Z,2013-09-18T07:47:14Z,,,,,,,,CALCULATED
2013-09-18T01:50:00Z,2013-09-18T07:57:14Z,,,,,,,,CALCULATED
2013-09-18T02:00:00Z,2013-09-18T08:07:14Z,,,,,,,,CALCULATED
2013-09-18T02:10:00Z,2013-09-18T08:17:14Z,,,,,,,,CALCULATED
2013-09-18T02:20:00Z,2013-09-18T08:27:14Z,,,,,,,,CALCULATED
2013-09-18T02:30:00Z,2013-09-18T08:37:14Z,,,,,,,,CALCULATED
2013-09-18T02:40:00Z,2013-09-18T08:47:14Z,,,,,,,,CALCULATED
2013-09-18T02:50:00Z,2013-09-18T08:57:14Z,,,,,,,,CALCULATED
2013-09-18T03:00:00Z,2013-09-18T09:07:14Z,,,,,,,,CALCULATED
2013-09-18T03:10:00Z,2013-09-18T09:17:14Z,,,,,,,,CALCULATED
2013-09-18T03:20:00Z,2013-09-18T09:27:14Z,,,,,,,,CALCULATED
2013-09-18T03:30:00Z,2013-09-18T09:37:14Z,,,,,,,,CALCULATED
2013-09-18T03:40:00Z,2013-09-18T09:47:14Z,,,,,,,,CALCULATED
2013-09-18T03:50:00Z,2013-09-18T09:57:14Z,,,,,,,,CALCULATED
2013-09-18T04:00:00Z,2013-09-18T10:07:14Z,,,,,,,,CALCULATED
2013-09-18T04:10:00Z,2013-09-18T10:17:14Z,,,,,,,,CALCULATED
2013-09-18T04:20:00Z,2013-09-18T10:27:14Z,,,,,,,,CALCULATED
2013-09-18T04:30:00Z,2013-09-18T10:37:14Z,,,,,,,,CALCULATED
2013-09-18T04:40:00Z,2013-09-18T10:47:14Z,,,,,,,,CALCULATED
2013-09-18T04:50:00Z,2013-09-18T10:57:14Z,,,,,,,,CALCULATED
2013-09-18T05:00:00Z,2013-09-18T11:07:14Z,,,,,,,,CALCULATED
2013-09-18T05:10:00Z,2013-09-18T11:17:14Z,,,,,,,,CALCULATED
2013-09-18T05:20:00Z,2013-09-18T11:27:14Z,,,,,,,,CALCULATED
2013-09-18T05:30:00Z,2013-09-18T11:37:14Z,,,,,,,,CALCULATED
2013-09-18T05:40:00Z,2013-09-18T11:47:14Z,,,,,,,,CALCULATED
2013-09-18T05:50:00Z,2013-09-18T11:57:14Z,,,,,,,,CALCULATED
2013-09-18T06:00:00Z,2013-09-18T12:07:14Z,,,,,,,,CALCULATED
2013-09-18T06:10:00Z,2013-09-18T12:17:14Z,,,,,,,,CALCULATED
2013-09-18T06:20:00Z,2013-09-18T12:27:14Z,,,,,,,,CALCULATED
2013-09-18T06:30:00Z,2013-09-18T12:37:14Z,,,,,,,,CALCULATED
2013-09-18T06:40:00Z,2013-09-18T12:47:14Z,,,,,,,,CALCULATED
2013-09-18T06:50:00Z,2013-09-18T12:57:14Z,,,,,,,,CALCULATED
2013-09-18T07:00:00Z,2013-09-18T13:07:14Z,,,,,,,,CALCULATED
2013-09-18T07:10:00Z,2013-09-18T13:17:14Z,,,,,,,,CALCULATED
2013-09-18T07:20:00Z,2013-09-18T13:27:14Z,,,,,,,,CALCULATED
2013-09-18T07:30:00Z,2013-09-18T13:37:14Z,,,,,,,,CALCULATED
2013-09-18T07:40:00Z,2013-09-18T13:47:14Z,,,,,,,,CALCULATED
2013-09-18T07:50:00Z,2013-09-18T13:57:14Z,,,,,,,,CALCULATED
2013-09-18T08:00:00Z,2013-09-18T14:07:14Z,,,,,,,,CALCULATED
2013-09-18T08:10:00Z,2013-09-18T14:17:14Z,,,,,,,,CALCULATED
2013-09-18T08:20:00Z,2013-09-18T14:27:14Z,,,,,,,,CALCULATED
2013-09-18T08:30:00Z,2013-09-18T14:37:14Z,,,,,,,,CALCULATED
2013-09-18T08:40:00Z,2013-09-18T14:47:14Z,,,,,,,,CALCULATED
2013-09-18T08:50:00Z,2013-09-18T14:57:14Z,,,,,,,,CALCULATED
2013-09-18T09:00:00Z,2013-09-18T15:07:14Z,,,,,,,,CALCULATED
2013-09-18T09:10:00Z,2013-09-18T15:17:14Z,,,,,,,,CALCULATED
2013-09-18T09:20:00Z,2013-09-18T15:27:14Z,,,,,,,,CALCULATED
2013-09-18T09:30:00Z,2013-09-18T15:37:14Z,,,,,,,,CALCULATED
2013-09-18T09:40:00Z,2013-09-18T15:47:14Z,,,,,,,,CALCULATED
2013-09-18T09:50:00Z,2013-09-18T15:57:14Z,,,,,,,,CALCULATED
2013-09-18T10:00:00Z,2013-09-18T16:07:14Z,,,,,,,,CALCULATED
2013-09-18T10:10:00Z,2013-09-18T16:17:14Z,,,,,,,,CALCULATED
2013-09-18T10:20:00Z,2013-09-18T16:27:14Z,,,,,,,,CALCULATED
2013-09-18T10:30:00Z,2013-09-18T16:37:14Z,,,,,,,,CALCULATED
2013-09-18T10:40:00Z,2013-09-18T16:47:14Z,,,,,,OUT_WARN,,CALCULATED
2013-09-18T10:50:00Z,2013-09-18T16:57:14Z,,,,,,,,CALCULATED
2013-09-18T11:00:00Z,2013-09-18T17:07:14Z,,,,,,,,CALCULATED
2013-09-18T11:10:00Z,2013-09-18T17:17:14Z,,,,,,,,CALCULATED
2013-09-18T11:20:00Z,2013-09-18T17:27:14Z,,,,,,,,CALCULATED
2013-09-18T11:30:00Z,2013-09-18T17:37:14Z,,,,,,,,CALCULATED
2013-09-18T11:40:00Z,2013-09-18T17:47:14Z,,,,,,,,CALCULATED
2013-09-18T11:50:00Z,2013-09-18T17:57:14Z,,,,,,,,CALCULATED
2013-09-18T12:00:00Z,2013-09-18T18:07:14Z,,,,,,,,CALCULATED
2013-09-18T12:10:00Z,2013-09-18T18:17:14Z,,,,,,,,CALCULATED
2013-09-18T12:20:00Z,2013-09-18T18:27:14Z,,,,,,,,CALCULATED
2013-09-18T12:30:00Z,2013-09-18T18:37:14Z,,,,,,,,CALCULATED
2013-09-18T12:40:00Z,2013-09-18T18:47:14Z,,,,,,,,CALCULATED
2013-09-18T12:50:00Z,2013-09-18T18:57:14Z,,,,,,,,CALCULATED
2013-09-18T13:00:00Z,2013-09-18T19:07:14Z,,,,,,,,CALCULATED
2013-09-18T13:10:00Z,2013-09-18T19:17:14Z,,,,,,,,CALCULATED
2013-09-18T13:20:00Z,2013-09-18T19:27:14Z,,,,,,,,CALCULATED
2013-09-18T13:30:00Z,2013-09-18T19:37:14Z,,,,,,,,CALCULATED
2013-09-18T13:40:00Z,2013-09-18T19:47:14Z,,,,,,,,CALCULATED
2013-09-18T13:50:00Z,2013-09-18T19:57:14Z,,,,,,,,CALCULATED
2013-09-18T14:00:00Z,2013-09-18T20:07:14Z,,,,,,,,CALCULATED
2013-09-18T14:10:00Z,2013-09-18T20:17:14Z,,,,,,,,CALCULATED
2013-09-18T14:20:00Z,2013-09-18T20:27:14Z,,,,,,,,CALCULATED
2013-09-18T14:30:00Z,2013-09-18T20:37:14Z,,,,,,,,CALCULATED
2013-09-18T14:40:00Z,2013-09-18T20:47:14Z,,,,,,,,CALCULATED
2013-09-18T14:50:00Z,2013-09-18T20:57:14Z,,,,,,,,CALCULATED
2013-09-18T15:00:00Z,2013-09-18T21:07:14Z,,,,,,,,CALCULATED
2013-09-18T15:10:00Z,2013-09-18T21:17:14Z,,,,,,,,CALCULATED
2013-09-18T15:20:00Z,2013-09-18T21:27:14Z,,,,,,,,CALCULATED
2013-09-18T15:30:00Z,2013-09-18T21:37:14Z,,,,,,,,CALCULATED
2013-09-18T15:40:00Z,2013-09-18T21:47:14Z,,,,,,,,CALCULATED
2013-09-18T15:50:00Z,2013-09-18T21:57:14Z,,,,,,,,CALCULATED
2013-09-18T16:00:00Z,2013-09-18T22:07:14Z,,,,,,,,CALCULATED
2013-09-18T16:10:00Z,2013-09-18T22:17:14Z,,,,,,,,CALCULATED
2013-09-18T16:20:00Z,2013-09-18T22:27:14Z,,,,,,,,CALCULATED
2013-09-18T16:30:00Z,2013-09-18T22:37:14Z,,,,,,,,CALCULATED
2013-09-18T16:40:00Z,2013-09-18T22:47:14Z,,,,,,,,CALCULATED
2013-09-18T16:50:00Z,2013-09-18T22:57:14Z,,,,,,,,CALCULATED
2013-09-18T17:00:00Z,2013-09-18T23:07:14Z,,,,,,,,CALCULATED
2013-09-18T17:10:00Z,2013-09-18T23:17:14Z,,,,,,,,CALCULATED
2013-09-18T17:20:00Z,2013-09-18T23:27:14Z,,,,,,,,CALCULATED
2013-09-18T17:30:00Z,2013-09-18T23:37:14Z,,,,,,,,CALCULATED
2013-09-18T17:40:00Z,2013-09-18T23:47:14Z,,,,,,,,CALCULATED
2013-09-18T17:50:00Z,2013-09-18T23:57:14Z,,,,,,,,CALCULATED
2013-09-18T18:00:00Z,2013-09-19T00:07:14Z,,,,,,,,CALCULATED
2013-09-18T18:10:00Z,2013-09-19T00:17:35Z,,,,,,,,CALCULATED
2013-09-18T18:20:00Z,2013-09-19T00:27:35Z,,,,,,,,CALCULATED
2013-09-18T18:30:00Z,2013-09-19T00:37:35Z,,,,,,,,CALCULATED
2013-09-18T18:40:00Z,2013-09-19T00:47:35Z,,,,,,,,CALCULATED
2013-09-18T18:50:00Z,2013-09-19T00:57:35Z,,,,,,,,CALCULATED
2013-09-18T19:00:00Z,2013-09-19T01:07:35Z,,,,,,,,CALCULATED
2013-09-18T19:10:00Z,2013-09-19T01:17:35Z,,,,,,,,CALCULATED
2013-09-18T19:20:00Z,2013-09-19T01:27:35Z,,,,,,,,CALCULATED
2013-09-18T19:30:00Z,2013-09-19T01:37:35Z,,,,,,,,CALCULATED
2013-09-18T19:40:00Z,2013-09-19T01:47:35Z,,,,,,,,CALCULATED
2013-09-18T19:50:00Z,2013-09-19T01:57:35Z,,,,,,,,CALCULATED
2013-09-18T20:00:00Z,2013-09-19T02:07:35Z,,,,,,,,CALCULATED
2013-09-18T20:10:00Z,2013-09-19T02:17:35Z,,,,,,,,CALCULATED
2013-09-18T20:20:00Z,2013-09-19T02:27:35Z,,,,,,,,CALCULATED
2013-09-18T20:30:00Z,2013-09-19T02:37:35Z,,,,,,,,CALCULATED
2013-09-18T20:40:00Z,2013-09-19T02:47:35Z,,,,,,,,CALCULATED
2013-09-18T20:50:00Z,2013-09-19T02:57:35Z,,,,,,,,CALCULATED
2013-09-18T21:00:00Z,2013-09-19T03:07:35Z,,,,,,,,CALCULATED
2013-09-18T21:10:00Z,2013-09-19T03:17:35Z,,,,,,,,CALCULATED
2013-09-18T21:20:00Z,2013-09-19T03:27:35Z,,,,,,,,CALCULATED
2013-09-18T21:30:00Z,2013-09-19T03:37:35Z,,,,,,,,CALCULATED
2013-09-18T21:40:00Z,2013-09-19T03:47:35Z,,,,,,,,CALCULATED
2013-09-18T21:50:00Z,2013-09-19T03:57:35Z,,,,,,,,CALCULATED
2013-09-18T22:00:00Z,2013-09-19T04:07:35Z,,,,,,,,CALCULATED
2013-09-18T22:10:00Z,2013-09-19T04:17:35Z,,,,,,,,CALCULATED
2013-09-18T22:20:00Z,2013-09-19T04:27:35Z,,,,,,,,CALCULATED
2013-09-18T22:30:00Z,2013-09-19T04:37:35Z,,,,,,,,CALCULATED
2013-09-18T22:40:00Z,2013-09-19T04:47:35Z,,,,,,,,CALCULATED
2013-09-18T22:50:00Z,2013-09-19T04:57:35Z,,,,,,,,CALCULATED
2013-09-18T23:00:00Z,2013-09-19T05:07:35Z,,,,,,,,CALCULATED
2013-09-18T23:10:00Z,2013-09-19T05:17:35Z,,,,,,,,CALCULATED
2013-09-18T23:20:00Z,2013-09-19T05:27:35Z,,,,,,,,CALCULATED
2013-09-18T23:30:00Z,2013-09-19T05:37:35Z,,,,,,,,CALCULATED
2013-09-18T23:40:00Z,2013-09-19T05:47:35Z,,,,,,,,CALCULATED
2013-09-18T23:50:00Z,2013-09-19T05:57:35Z,,,,,,,,CALCULATED
2013-09-19T00:00:00Z,2013-09-19T06:07:35Z,,,,,,,,CALCULATED
2013-09-19T00:10:00Z,2013-09-19T06:17:35Z,,,,,,,,CALCULATED
2013-09-19T00:20:00Z,2013-09-19T06:27:35Z,,,,,,,,CALCULATED
2013-09-19T00:30:00Z,2013-09-19T06:37:35Z,,,,,,,,CALCULATED
2013-09-19T00:40:00Z,2013-09-19T06:47:35Z,,,,,,,,CALCULATED
2013-09-19T00:50:00Z,2013-09-19T06:57:35Z,,,,,,,,CALCULATED
2013-09-19T01:00:00Z,2013-09-19T07:07:35Z,,,,,,,,CALCULATED
2013-09-19T01:10:00Z,2013-09-19T07:17:35Z,,,,,,,,CALCULATED
2013-09-19T01:20:00Z,2013-09-19T07:27:35Z,,,,,,,,CALCULATED
2013-09-19T01:30:00Z,2013-09-19T07:37:35Z,,,,,,,,CALCULATED
2013-09-19T01:40:00Z,2013-09-19T07:47:35Z,,,,,,,,CALCULATED
2013-09-19T01:50:00Z,2013-09-19T07:57:35Z,,,,,,,,CALCULATED
2013-09-19T02:00:00Z,2013-09-19T08:07:35Z,,,,,,,,CALCULATED
2013-09-19T02:10:00Z,2013-09-19T08:17:35Z,,,,,,OUT_WARN,,CALCULATED
2013-09-19T02:20:00Z,2013-09-19T08:27:35Z,,,,,,,,CALCULATED
2013-09-19T02:30:00Z,2013-09-19T08:37:35Z,,,,,,,,CALCULATED
2013-09-19T02:40:00Z,2013-09-19T08:47:35Z,,,,,,,,CALCULATED
2013-09-19T02:50:00Z,2013-09-19T08:57:35Z,,,,,,,,CALCULATED
2013-09-19T03:00:00Z,2013-09-19T09:07:35Z,,,,,,,,CALCULATED
2013-09-19T03:10:00Z,2013-09-19T09:17:35Z,,,,,,,,CALCULATED
2013-09-19T03:20:00Z,2013-09-19T09:27:35Z,,,,,,,,CALCULATED
2013-09-19T03:30:00Z,2013-09-19T09:37:35Z,,,,,,,,CALCULATED
2013-09-19T03:40:00Z,2013-09-19T09:47:35Z,,,,,,,,CALCULATED
2013-09-19T03:50:00Z,2013-09-19T09:57:35Z,,,,,,,,CALCULATED
2013-09-19T04:00:00Z,2013-09-19T10:07:35Z,,,,,,,,CALCULATED
2013-09-19T04:10:00Z,2013-09-19T10:17:35Z,,,,,,,,CALCULATED
2013-09-19T04:20:00Z,2013-09-19T10:27:35Z,,,,,,,,CALCULATED
2013-09-19T04:30:00Z,2013-09-19T10:37:35Z,,,,,,,,CALCULATED
2013-09-19T04:40:00Z,2013-09-19T10:47:35Z,,,,,,,,CALCULATED
2013-09-19T04:50:00Z,2013-09-19T10:57:35Z,,,,,,,,CALCULATED
2013-09-19T05:00:00Z,2013-09-19T11:07:35Z,,,,,,,,CALCULATED
2013-09-19T05:10:00Z,2013-09-19T11:17:35Z,,,,,,,,CALCULATED
2013-09-19T05:20:00Z,2013-09-19T11:27:35Z,,,,,,,,CALCULATED
2013-09-19T05:30:00Z,2013-09-19T11:37:35Z,,,,,,,,CALCULATED
2013-09-19T05:40:00Z,2013-09-19T11:47:35Z,,,,,,,,CALCULATED
2013-09-19T05:50:00Z,2013-09-19T11:57:35Z,,,,,,,,CALCULATED
2013-09-19T06:00:00Z,2013-09-19T12:07:35Z,,,,,,,,CALCULATED
2013-09-19T06:10:00Z,2013-09-19T12:17:35Z,,,,,,,,CALCULATED
2013-09-19T06:20:00Z,2013-09-19T12:27:35Z,,,,,,,,CALCULATED
2013-09-19T06:30:00Z,2013-09-19T12:37:35Z,,,,,,,,CALCULATED
2013-09-19T06:40:00Z,2013-09-19T12:47:35Z,,,,,,,,CALCULATED
2013-09-19T06:50:00Z,2013-09-19T12:57:35Z,,,,,,,,CALCULATED
2013-09-19T07:00:00Z,2013-09-19T13:07:35Z,,,,,,,,CALCULATED
2013-09-19T07:10:00Z,2013-09-19T13:17:35Z,,,,,,,,CALCULATED
2013-09-19T07:20:00Z,2013-09-19T13:27:35Z,,,,,,,,CALCULATED
2013-09-19T07:30:00Z,2013-09-19T13:37:35Z,,,,,,,,CALCULATED
2013-09-19T07:40:00Z,2013-09-19T13:47:35Z,,,,,,,,CALCULATED
2013-09-19T07:50:00Z,2013-09-19T13:57:35Z,,,,,,,,CALCULATED
2013-09-19T08:00:00Z,2013-09-19T14:07:35Z,,,,,,,,CALCULATED
2013-09-19T08:10:00Z,2013-09-19T14:17:35Z,,,,,,,,CALCULATED
2013-09-19T08:20:00Z,2013-09-19T14:27:35Z,,,,,,,,CALCULATED
2013-09-19T08:30:00Z,2013-09-19T14:37:35Z,,,,,,,,CALCULATED
2013-09-19T08:40:00Z,2013-09-19T14:47:35Z,,,,,,,,CALCULATED
2013-09-19T08:50:00Z,2013-09-19T14:57:35Z,,,,,,,,CALCULATED
2013-09-19T09:00:00Z,2013-09-19T15:07:35Z,,,,,,,,CALCULATED
2013-09-19T09:10:00Z,2013-09-19T15:17:35Z,,,,,,,,CALCULATED
2013-09-19T09:20:00Z,2013-09-19T15:27:35Z,,,,,,,,CALCULATED
2013-09-19T09:30:00Z,2013-09-19T15:37:35Z,,,,,,,,CALCULATED
2013-09-19T09:40:00Z,2013-09-19T15:47:35Z,,,,,,,,CALCULATED
2013-09-19T09:50:00Z,2013-09-19T15:57:35Z,,,,,,,,CALCULATED
2013-09-19T10:00:00Z,2013-09-19T16:07:35Z,,,,,,,,CALCULATED
2013-09-19T10:10:00Z,2013-09-19T16:17:35Z,,,,,,,,CALCULATED
2013-09-19T10:20:00Z,2013-09-19T16:27:35Z,,,,,,,,CALCULATED
2013-09-19T10:30:00Z,2013-09-19T16:37:35Z,,,,,,,,CALCULATED
2013-09-19T10:40:00Z,2013-09-19T16:47:35Z,,,,,,,,CALCULATED
2013-09-19T10:50:00Z,2013-09-19T16:57:35Z,,,,,,,,CALCULATED
2013-09-19T11:00:00Z,2013-09-19T17:07:35Z,,,,,,OUT_WARN,,CALCULATED
2013-09-19T11:10:00Z,2013-09-19T17:17:35Z,,,,,,OUT_WARN,,CALCULATED
2013-09-19T11:20:00Z,2013-09-19T17:27:35Z,,,,,,,,CALCULATED
2013-09-19T11:30:00Z,2013-09-19T17:37:35Z,,,,,,,,CALCULATED
2013-09-19T11:40:00Z,2013-09-19T17:47:35Z,,,,,,,,CALCULATED
2013-09-19T11:50:00Z,2013-09-19T17:57:35Z,,,,,,,,CALCULATED
2013-09-19T12:00:00Z,2013-09-19T18:07:35Z,,,,,,,,CALCULATED
2013-09-19T12:10:00Z,2013-09-19T18:17:35Z,,,,,,,,CALCULATED
2013-09-19T12:20:00Z,2013-09-19T18:27:35Z,,,,,,,,CALCULATED
2013-09-19T12:30:00Z,2013-09-19T18:37:35Z,,,,,,,,CALCULATED
2013-09-19T12:40:00Z,2013-09-19T18:47:35Z,,,,,,,,CALCULATED
2013-09-19T12:50:00Z,2013-09-19T18:57:35Z,,,,,,,,CALCULATED
2013-09-19T13:00:00Z,2013-09-19T19:07:35Z,,,,,,,,CALCULATED
2013-09-19T13:10:00Z,2013-09-19T19:17:35Z,,,,,,,,CALCULATED
2013-09-19T13:20:00Z,2013-09-19T19:27:35Z,,,,,,,,CALCULATED
2013-09-19T13:30:00Z,2013-09-19T19:37:35Z,,,,,,,,CALCULATED
2013-09-19T13:40:00Z,2013-09-19T19:47:35Z,,,,,,,,CALCULATED
2013-09-19T13:50:00Z,2013-09-19T19:57:35Z,,,,,,,,CALCULATED
2013-09-19T14:00:00Z,2013-09-19T20:07:35Z,,,,,,,,CALCULATED
2013-09-19T14:10:00Z,2013-09-19T20:17:35Z,,,,,,,,CALCULATED
2013-09-19T14:20:00Z,2013-09-19T20:27:35Z,,,,,,,,CALCULATED
2013-09-19T14:30:00Z,2013-09-19T20:37:35Z,,,,,,,,CALCULATED
2013-09-19T14:40:00Z,2013-09-19T20:47:35Z,,,,,,,,CALCULATED
2013-09-19T14:50:00Z,2013-09-19T20:57:35Z,,,,,,,,CALCULATED
2013-09-19T15:00:00Z,2013-09-19T21:07:35Z,,,,,,,,CALCULATED
2013-09-19T15:10:00Z,2013-09-19T21:17:35Z,,,,,,,,CALCULATED
2013-09-19T15:20:00Z,2013-09-19T21:27:35Z,,,,,,,,CALCULATED
2013-09-19T15:30:00Z,2013-09-19T21:37:35Z,,,,,,,,CALCULATED
2013-09-19T15:40:00Z,2013-09-19T21:47:35Z,,,,,,,,CALCULATED
2013-09-19T15:50:00Z,2013-09-19T21:57:35Z,,,,,,,,CALCULATED
2013-09-19T16:00:00Z,2013-09-19T22:07:35Z,,,,,,,,CALCULATED
2013-09-19T16:10:00Z,2013-09-19T22:17:35Z,,,,,,,,CALCULATED
2013-09-19T16:20:00Z,2013-09-19T22:27:35Z,,,,,,,,CALCULATED
2013-09-19T16:30:00Z,2013-09-19T22:37:35Z,,,,,,,,CALCULATED
2013-09-19T16:40:00Z,2013-09-19T22:47:35Z,,,,,,,,CALCULATED
2013-09-19T16:50:00Z,2013-09-19T22:57:35Z,,,,,,,,CALCULATED
2013-09-19T17:00:00Z,2013-09-19T23:07:35Z,,,,,,,,CALCULATED
2013-09-19T17:10:00Z,2013-09-19T23:17:35Z,,,,,,,,CALCULATED
2013-09-19T17:20:00Z,2013-09-19T23:27:35Z,,,,,,,,CALCULATED
2013-09-19T17:30:00Z,2013-09-19T23:37:35Z,,,,,,,,CALCULATED
2013-09-19T17:40:00Z,2013-09-19T23:47:35Z,,,,,,,,CALCULATED
2013-09-19T17:50:00Z,2013-09-19T23:57:35Z,,,,,,,,CALCULATED
2013-09-19T18:00:00Z,2013-09-20T00:07:35Z,,,,,,,,CALCULATED
2013-09-19T18:10:00Z,2013-09-20T00:17:57Z,,,,,,,,CALCULATED
2013-09-19T18:20:00Z,2013-09-20T00:27:57Z,,,,,,,,CALCULATED
2013-09-19T18:30:00Z,2013-09-20T00:37:57Z,,,,,,,,CALCULATED
2013-09-19T18:40:00Z,2013-09-20T00:47:57Z,,,,,,,,CALCULATED
2013-09-19T18:50:00Z,2013-09-20T00:57:57Z,,,,,,,,CALCULATED
2013-09-19T19:00:00Z,2013-09-20T01:07:57Z,,,,,,,,CALCULATED
2013-09-19T19:10:00Z,2013-09-20T01:17:57Z,,,,,,,,CALCULATED
2013-09-19T19:20:00Z,2013-09-20T01:27:57Z,,,,,,,,CALCULATED
2013-09-19T19:30:00Z,2013-09-20T01:37:57Z,,,,,,,,CALCULATED
2013-09-19T19:40:00Z,2013-09-20T01:47:57Z,,,,,,,,CALCULATED
2013-09-19T19:50:00Z,2013-09-20T01:57:57Z,,,,,,,,CALCULATED
2013-09-19T20:00:00Z,2013-09-20T02:07:57Z,,,,,,,,CALCULATED
2013-09-19T20:10:00Z,2013-09-20T02:17:57Z,,,,,,,,CALCULATED
2013-09-19T20:20:00Z,2013-09-20T02:27:57Z,,,,,,,,CALCULATED
2013-09-19T20:30:00Z,2013-09-20T02:37:57Z,,,,,,,,CALCULATED
2013-09-19T20:40:00Z,2013-09-20T02:47:57Z,,,,,,,,CALCULATED
2013-09-19T20:50:00Z,2013-09-20T02:57:57Z,,,,,,,,CALCULATED
2013-09-19T21:00:00Z,2013-09-20T03:07:57Z,,,,,,,,CALCULATED
2013-09-19T21:10:00Z,2013-09-20T03:17:57Z,,,,,,,,CALCULATED
2013-09-19T21:20:00Z,2013-09-20T03:27:57Z,,,,,,,,CALCULATED
2013-09-19T21:30:00Z,2013-09-20T03:37:57Z,,,,,,,,CALCULATED
2013-09-19T21:40:00Z,2013-09-20T03:47:57Z,,,,,,,,CALCULATED
2013-09-19T21:50:00Z,2013-09-20T03:57:57Z,,,,,,,,CALCULATED
2013-09-19T22:00:00Z,2013-09-20T04:07:57Z,,,,,,,,CALCULATED
2013-09-19T22:10:00Z,2013-09-20T04:17:57Z,,,,,,,,CALCULATED
2013-09-19T22:20:00Z,2013-09-20T04:27:57Z,,,,,,,,CALCULATED
2013-09-19T22:30:00Z,2013-09-20T04:37:57Z,,,,,,,,CALCULATED
2013-09-19T22:40:00Z,2013-09-20T04:47:57Z,,,,,,,,CALCULATED
2013-09-19T22:50:00Z,2013-09-20T04:57:57Z,,,,,,,,CALCULATED
2013-09-19T23:00:00Z,2013-09-20T05:07:57Z,,,,,,,,CALCULATED
2013-09-19T23:10:00Z,2013-09-20T05:17:57Z,,,,,,,,CALCULATED
2013-09-19T23:20:00Z,2013-09-20T05:27:57Z,,,,,,,,CALCULATED
2013-09-19T23:30:00Z,2013-09-20T05:37:57Z,,,,,,,,CALCULATED
2013-09-19T23:40:00Z,2013-09-20T05:47:57Z,,,,,,,,CALCULATED
2013-09-19T23:50:00Z,2013-09-20T05:57:57Z,,,,,,,,CALCULATED
2013-09-20T00:00:00Z,2013-09-20T06:07:57Z,,,,,,,,CALCULATED
2013-09-20T00:10:00Z,2013-09-20T06:17:57Z,,,,,,,,CALCULATED
2013-09-20T00:20:00Z,2013-09-20T06:27:57Z,,,,,,,,CALCULATED
2013-09-20T00:30:00Z,2013-09-20T06:37:57Z,,,,,,,,CALCULATED
2013-09-20T00:40:00Z,2013-09-20T06:47:57Z,,,,,,,,CALCULATED
2013-09-20T00:50:00Z,2013-09-20T06:57:57Z,,,,,,,,CALCULATED
2013-09-20T01:00:00Z,2013-09-20T07:07:57Z,,,,,,,,CALCULATED
2013-09-20T01:10:00Z,2013-09-20T07:17:57Z,,,,,,,,CALCULATED
2013-09-20T01:20:00Z,2013-09-20T07:27:57Z,,,,,,,,CALCULATED
2013-09-20T01:30:00Z,2013-09-20T07:37:57Z,,,,,,,,CALCULATED
2013-09-20T01:40:00Z,2013-09-20T07:47:57Z,,,,,,,,CALCULATED
2013-09-20T01:50:00Z,2013-09-20T07:57:57Z,,,,,,,,CALCULATED
2013-09-20T02:00:00Z,2013-09-20T08:07:57Z,,,,,,,,CALCULATED
2013-09-20T02:10:00Z,2013-09-20T08:17:57Z,,,,,,,,CALCULATED
2013-09-20T02:20:00Z,2013-09-20T08:27:57Z,,,,,,,,CALCULATED
2013-09-20T02:30:00Z,2013-09-20T08:37:57Z,,,,,,,,CALCULATED
2013-09-20T02:40:00Z,2013-09-20T08:47:57Z,,,,,,OUT_WARN,,CALCULATED
2013-09-20T02:50:00Z,2013-09-20T08:57:57Z,,,,,,OUT_WARN,,CALCULATED
2013-09-20T03:00:00Z,2013-09-20T09:07:57Z,,,,,,OUT_WARN,,CALCULATED
2013-09-20T03:10:00Z,2013-09-20T09:17:57Z,,,,,,OUT_WARN,,CALCULATED
2013-09-20T03:20:00Z,2013-09-20T09:27:57Z,,,,,,OUT_WARN,,CALCULATED
2013-09-20T03:30:00Z,2013-09-20T09:37:57Z,,,,,,OUT_WARN,,CALCULATED
2013-09-20T03:40:00Z,2013-09-20T09:47:57Z,,,,,,,,CALCULATED
2013-09-20T03:50:00Z,2013-09-20T09:57:57Z,,,,,,OUT_WARN,,CALCULATED
2013-09-20T04:00:00Z,2013-09-20T10:07:57Z,,,,,,,,CALCULATED
2013-09-20T04:10:00Z,2013-09-20T10:17:57Z,,,,,,,,CALCULATED
2013-09-20T04:20:00Z,2013-09-20T10:27:57Z,,,,,,,,CALCULATED
2013-09-20T04:30:00Z,2013-09-20T10:37:57Z,,,,,,,,CALCULATED
2013-09-20T04:40:00Z,2013-09-20T10:47:57Z,,,,,,,,CALCULATED
2013-09-20T04:50:00Z,2013-09-20T10:57:57Z,,,,,,,,CALCULATED
2013-09-20T05:00:00Z,2013-09-20T11:07:57Z,,,,,,,,CALCULATED
2013-09-20T05:10:00Z,2013-09-20T11:17:57Z,,,,,,,,CALCULATED
2013-09-20T05:20:00Z,2013-09-20T11:27:57Z,,,,,,,,CALCULATED
2013-09-20T05:30:00Z,2013-09-20T11:37:57Z,,,,,,,,CALCULATED
2013-09-20T05:40:00Z,2013-09-20T11:47:57Z,,,,,,,,CALCULATED
2013-09-20T05:50:00Z,2013-09-20T11:57:57Z,,,,,,,,CALCULATED
2013-09-20T06:00:00Z,2013-09-20T12:07:57Z,,,,,,,,CALCULATED
2013-09-20T06:10:00Z,2013-09-20T12:17:57Z,,,,,,,,CALCULATED
2013-09-20T06:20:00Z,2013-09-20T12:27:57Z,,,,,,,,CALCULATED
2013-09-20T06:30:00Z,2013-09-20T12:37:57Z,,,,,,,,CALCULATED
2013-09-20T06:40:00Z,2013-09-20T12:47:57Z,,,,,,,,CALCULATED
2013-09-20T06:50:00Z,2013-09-20T12:57:57Z,,,,,,,,CALCULATED
2013-09-20T07:00:00Z,2013-09-20T13:07:57Z,,,,,,,,CALCULATED
2013-09-20T07:10:00Z,2013-09-20T13:17:57Z,,,,,,,,CALCULATED
2013-09-20T07:20:00Z,2013-09-20T13:27:57Z,,,,,,,,CALCULATED
2013-09-20T07:30:00Z,2013-09-20T13:37:57Z,,,,,,,,CALCULATED
2013-09-20T07:40:00Z,2013-09-20T13:47:57Z,,,,,,,,CALCULATED
2013-09-20T07:50:00Z,2013-09-20T13:57:57Z,,,,,,,,CALCULATED
2013-09-20T08:00:00Z,2013-09-20T14:07:57Z,,,,,,,,CALCULATED
2013-09-20T08:10:00Z,2013-09-20T14:17:57Z,,,,,,,,CALCULATED
2013-09-20T08:20:00Z,2013-09-20T14:27:57Z,,,,,,,,CALCULATED
2013-09-20T08:30:00Z,2013-09-20T14:37:57Z,,,,,,,,CALCULATED
2013-09-20T08:40:00Z,2013-09-20T14:47:57Z,,,,,,,,CALCULATED
2013-09-20T08:50:00Z,2013-09-20T14:57:57Z,,,,,,,,CALCULATED
2013-09-20T09:00:00Z,2013-09-20T15:07:57Z,,,,,,,,CALCULATED
2013-09-20T09:10:00Z,2013-09-20T15:17:57Z,,,,,,,,CALCULATED
2013-09-20T09:20:00Z,2013-09-20T15:27:57Z,,,,,,,,CALCULATED
2013-09-20T09:30:00Z,2013-09-20T15:37:57Z,,,,,,,,CALCULATED
2013-09-20T09:40:00Z,2013-09-20T15:47:57Z,,,,,,,,CALCULATED
2013-09-20T09:50:00Z,2013-09-20T15:57:57Z,,,,,,,,CALCULATED
2013-09-20T10:00:00Z,2013-09-20T16:07:57Z,,,,,,,,CALCULATED
2013-09-20T10:10:00Z,2013-09-20T16:17:57Z,,,,,,,,CALCULATED
2013-09-20T10:20:00Z,2013-09-20T16:27:57Z,,,,,,,,CALCULATED
2013-09-20T10:30:00Z,2013-09-20T16:37:57Z,,,,,,,,CALCULATED
2013-09-20T10:40:00Z,2013-09-20T16:47:57Z,,,,,,,,CALCULATED
2013-09-20T10:50:00Z,2013-09-20T16:57:57Z,,,,,,,,CALCULATED
2013-09-20T11:00:00Z,2013-09-20T17:07:57Z,,,,,,,,CALCULATED
2013-09-20T11:10:00Z,2013-09-20T17:17:57Z,,,,,,OUT_WARN,,CALCULATED
2013-09-20T11:20:00Z,2013-09-20T17:27:57Z,,,,,,,,CALCULATED
2013-09-20T11:30:00Z,2013-09-20T17:37:57Z,,,,,,,,CALCULATED
2013-09-20T11:40:00Z,2013-09-20T17:47:57Z,,,,,,,,CALCULATED
2013-09-20T11:50:00Z,2013-09-20T17:57:57Z,,,,,,,,CALCULATED
2013-09-20T12:00:00Z,2013-09-20T18:07:57Z,,,,,,,,CALCULATED
2013-09-20T12:10:00Z,2013-09-20T18:17:57Z,,,,,,,,CALCULATED
2013-09-20T12:20:00Z,2013-09-20T18:27:57Z,,,,,,,,CALCULATED
2013-09-20T12:30:00Z,2013-09-20T18:37:57Z,,,,,,,,CALCULATED
2013-09-20T12:40:00Z,2013-09-20T18:47:57Z,,,,,,,,CALCULATED
2013-09-20T12:50:00Z,2013-09-20T18:57:57Z,,,,,,,,CALCULATED
2013-09-20T13:00:00Z,2013-09-20T19:07:57Z,,,,,,,,CALCULATED
2013-09-20T13:10:00Z,2013-09-20T19:17:57Z,,,,,,,,CALCULATED
2013-09-20T13:20:00Z,2013-09-20T19:27:57Z,,,,,,,,CALCULATED
2013-09-20T13:30:00Z,2013-09-20T19:37:57Z,,,,,,,,CALCULATED
2013-09-20T13:40:00Z,2013-09-20T19:47:57Z,,,,,,,,CALCULATED
2013-09-20T13:50:00Z,2013-09-20T19:57:57Z,,,,,,,,CALCULATED
2013-09-20T14:00:00Z,2013-09-20T20:07:57Z,,,,,,,,CALCULATED
2013-09-20T14:10:00Z,2013-09-20T20:17:57Z,,,,,,,,CALCULATED
2013-09-20T14:20:00Z,2013-09-20T20:27:57Z,,,,,,,,CALCULATED
2013-09-20T14:30:00Z,2013-09-20T20:37:57Z,,,,,,,,CALCULATED
2013-09-20T14:40:00Z,2013-09-20T20:47:57Z,,,,,,,,CALCULATED
2013-09-20T14:50:00Z,2013-09-20T20:57:57Z,,,,,,,,CALCULATED
2013-09-20T15:00:00Z,2013-09-20T21:07:57Z,,,,,,,,CALCULATED
2013-09-20T15:10:00Z,2013-09-20T21:17:57Z,,,,,,,,CALCULATED
2013-09-20T15:20:00Z,2013-09-20T21:27:57Z,,,,,,,,CALCULATED
2013-09-20T15:30:00Z,2013-09-20T21:37:57Z,,,,,,,,CALCULATED
2013-09-20T15:40:00Z,2013-09-20T21:47:57Z,,,,,,,,CALCULATED
2013-09-20T15:50:00Z,2013-09-20T21:57:57Z,,,,,,,,CALCULATED
2013-09-20T16:00:00Z,2013-09-20T22:07:57Z,,,,,,,,CALCULATED
2013-09-20T16:10:00Z,2013-09-20T22:17:57Z,,,,,,,,CALCULATED
2013-09-20T16:20:00Z,2013-09-20T22:27:57Z,,,,,,,,CALCULATED
2013-09-20T16:30:00Z,2013-09-20T22:37:57Z,,,,,,,,CALCULATED
2013-09-20T16:40:00Z,2013-09-20T22:47:57Z,,,,,,,,CALCULATED
2013-09-20T16:50:00Z,2013-09-20T22:57:57Z,,,,,,,,CALCULATED
2013-09-20T17:00:00Z,2013-09-20T23:07:57Z,,,,,,,,CALCULATED
2013-09-20T17:10:00Z,2013-09-20T23:17:57Z,,,,,,,,CALCULATED
2013-09-20T17:20:00Z,2013-09-20T23:27:57Z,,,,,,,,CALCULATED
2013-09-20T17:30:00Z,2013-09-20T23:37:57Z,,,,,,,,CALCULATED
2013-09-20T17:40:00Z,2013-09-20T23:47:57Z,,,,,,,,CALCULATED
2013-09-20T17:50:00Z,2013-09-20T23:57:57Z,,,,,,,,CALCULATED
2013-09-20T18:00:00Z,2013-09-21T00:07:57Z,,,,,,,,CALCULATED
2013-09-20T18:10:00Z,2013-09-21T00:18:18Z,,,,,,,,CALCULATED
2013-09-20T18:20:00Z,2013-09-21T00:28:18Z,,,,,,,,CALCULATED
2013-09-20T18:30:00Z,2013-09-21T00:38:18Z,,,,,,,,CALCULATED
2013-09-20T18:40:00Z,2013-09-21T00:48:18Z,,,,,,,,CALCULATED
2013-09-20T18:50:00Z,2013-09-21T00:58:18Z,,,,,,,,CALCULATED
2013-09-20T19:00:00Z,2013-09-21T01:08:18Z,,,,,,,,CALCULATED
2013-09-20T19:10:00Z,2013-09-21T01:18:18Z,,,,,,,,CALCULATED
2013-09-20T19:20:00Z,2013-09-21T01:28:18Z,,,,,,,,CALCULATED
2013-09-20T19:30:00Z,2013-09-21T01:38:18Z,,,,,,,,CALCULATED
2013-09-20T19:40:00Z,2013-09-21T01:48:18Z,,,,,,,,CALCULATED
2013-09-20T19:50:00Z,2013-09-21T01:58:18Z,,,,,,,,CALCULATED
2013-09-20T20:00:00Z,2013-09-21T02:08:18Z,,,,,,,,CALCULATED
2013-09-20T20:10:00Z,2013-09-21T02:18:18Z,,,,,,,,CALCULATED
2013-09-20T20:20:00Z,2013-09-21T02:28:18Z,,,,,,,,CALCULATED
2013-09-20T20:30:00Z,2013-09-21T02:38:18Z,,,,,,,,CALCULATED
2013-09-20T20:40:00Z,2013-09-21T02:48:18Z,,,,,,,,CALCULATED
2013-09-20T20:50:00Z,2013-09-21T02:58:18Z,,,,,,,,CALCULATED
2013-09-20T21:00:00Z,2013-09-21T03:08:18Z,,,,,,,,CALCULATED
2013-09-20T21:10:00Z,2013-09-21T03:18:18Z,,,,,,,,CALCULATED
2013-09-20T21:20:00Z,2013-09-21T03:28:18Z,,,,,,,,CALCULATED
2013-09-20T21:30:00Z,2013-09-21T03:38:18Z,,,,,,,,CALCULATED
2013-09-20T21:40:00Z,2013-09-21T03:48:18Z,,,,,,,,CALCULATED
2013-09-20T21:50:00Z,2013-09-21T03:58:18Z,,,,,,,,CALCULATED
2013-09-20T22:00:00Z,2013-09-21T04:08:18Z,,,,,,,,CALCULATED
2013-09-20T22:10:00Z,2013-09-21T04:18:18Z,,,,,,,,CALCULATED
2013-09-20T22:20:00Z,2013-09-21T04:28:18Z,,,,,,,,CALCULATED
2013-09-20T22:30:00Z,2013-09-21T04:38:18Z,,,,,,,,CALCULATED
2013-09-20T22:40:00Z,2013-09-21T04:48:18Z,,,,,,,,CALCULATED
2013-09-20T22:50:00Z,2013-09-21T04:58:18Z,,,,,,,,CALCULATED
2013-09-20T23:00:00Z,2013-09-21T05:08:18Z,,,,,,,,CALCULATED
2013-09-20T23:10:00Z,2013-09-21T05:18:18Z,,,,,,,,CALCULATED
2013-09-20T23:20:00Z,2013-09-21T05:28:18Z,,,,,,,,CALCULATED
2013-09-20T23:30:00Z,2013-09-21T05:38:18Z,,,,,,,,CALCULATED
2013-09-20T23:40:00Z,2013-09-21T05:48:18Z,,,,,,,,CALCULATED
2013-09-20T23:50:00Z,2013-09-21T05:58:18Z,,,,,,,,CALCULATED
2013-09-21T00:00:00Z,2013-09-21T06:08:18Z,,,,,,,,CALCULATED
2013-09-21T00:10:00Z,2013-09-21T06:18:18Z,,,,,,,,CALCULATED
2013-09-21T00:20:00Z,2013-09-21T06:28:18Z,,,,,,,,CALCULATED
2013-09-21T00:30:00Z,2013-09-21T06:38:18Z,,,,,,,,CALCULATED
2013-09-21T00:40:00Z,2013-09-21T06:48:18Z,,,,,,,,CALCULATED
2013-09-21T00:50:00Z,2013-09-21T06:58:18Z,,,,,,,,CALCULATED
2013-09-21T01:00:00Z,2013-09-21T07:08:18Z,,,,,,,,CALCULATED
2013-09-21T01:10:00Z,2013-09-21T07:18:18Z,,,,,,,,CALCULATED
2013-09-21T01:20:00Z,2013-09-21T07:28:18Z,,,,,,,,CALCULATED
2013-09-21T01:30:00Z,2013-09-21T07:38:18Z,,,,,,,,CALCULATED
2013-09-21T01:40:00Z,2013-09-21T07:48:18Z,,,,,,OUT_WARN,,CALCULATED
2013-09-21T01:50:00Z,2013-09-21T07:58:18Z,,,,,,,,CALCULATED
2013-09-21T02:00:00Z,2013-09-21T08:08:18Z,,,,,,,,CALCULATED
2013-09-21T02:10:00Z,2013-09-21T08:18:18Z,,,,,,,,CALCULATED
2013-09-21T02:20:00Z,2013-09-21T08:28:18Z,,,,,,,,CALCULATED
2013-09-21T02:30:00Z,2013-09-21T08:38:18Z,,,,,,,,CALCULATED
2013-09-21T02:40:00Z,2013-09-21T08:48:18Z,,,,,,,,CALCULATED
2013-09-21T02:50:00Z,2013-09-21T08:58:18Z,,,,,,,,CALCULATED
2013-09-21T03:00:00Z,2013-09-21T09:08:18Z,,,,,,,,CALCULATED
2013-09-21T03:10:00Z,2013-09-21T09:18:18Z,,,,,,,,CALCULATED
2013-09-21T03:20:00Z,2013-09-21T09:28:18Z,,,,,,,,CALCULATED
2013-09-21T03:30:00Z,2013-09-21T09:38:18Z,,,,,,,,CALCULATED
2013-09-21T03:40:00Z,2013-09-21T09:48:18Z,,,,,,,,CALCULATED
2013-09-21T03:50:00Z,2013-09-21T09:58:18Z,,,,,,,,CALCULATED
2013-09-21T04:00:00Z,2013-09-21T10:08:18Z,,,,,,,,CALCULATED
2013-09-21T04:10:00Z,2013-09-21T10:18:18Z,,,,,,,,CALCULATED
2013-09-21T04:20:00Z,2013-09-21T10:28:18Z,,,,,,,,CALCULATED
2013-09-21T04:30:00Z,2013-09-21T10:38:18Z,,,,,,,,CALCULATED
2013-09-21T04:40:00Z,2013-09-21T10:48:18Z,,,,,,,,CALCULATED
2013-09-21T04:50:00Z,2013-09-21T10:58:18Z,,,,,,,,CALCULATED
2013-09-21T05:00:00Z,2013-09-21T11:08:18Z,,,,,,,,CALCULATED
2013-09-21T05:10:00Z,2013-09-21T11:18:18Z,,,,,,,,CALCULATED
2013-09-21T05:20:00Z,2013-09-21T11:28:18Z,,,,,,,,CALCULATED
2013-09-21T05:30:00Z,2013-09-21T11:38:18Z,,,,,,,,CALCULATED
2013-09-21T05:40:00Z,2013-09-21T11:48:18Z,,,,,,,,CALCULATED
2013-09-21T05:50:00Z,2013-09-21T11:58:18Z,,,,,,,,CALCULATED
2013-09-21T06:00:00Z,2013-09-21T12:08:18Z,,,,,,,,CALCULATED
2013-09-21T06:10:00Z,2013-09-21T12:18:18Z,,,,,,,,CALCULATED
2013-09-21T06:20:00Z,2013-09-21T12:28:18Z,,,,,,,,CALCULATED
2013-09-21T06:30:00Z,2013-09-21T12:38:18Z,,,,,,,,CALCULATED
2013-09-21T06:40:00Z,2013-09-21T12:48:18Z,,,,,,,,CALCULATED
2013-09-21T06:50:00Z,2013-09-21T12:58:18Z,,,,,,,,CALCULATED
2013-09-21T07:00:00Z,2013-09-21T13:08:18Z,,,,,,,,CALCULATED
2013-09-21T07:10:00Z,2013-09-21T13:18:18Z,,,,,,,,CALCULATED
2013-09-21T07:20:00Z,2013-09-21T13:28:18Z,,,,,,,,CALCULATED
2013-09-21T07:30:00Z,2013-09-21T13:38:18Z,,,,,,,,CALCULATED
2013-09-21T07:40:00Z,2013-09-21T13:48:18Z,,,,,,,,CALCULATED
2013-09-21T07:50:00Z,2013-09-21T13:58:18Z,,,,,,,,CALCULATED
2013-09-21T08:00:00Z,2013-09-21T14:08:18Z,,,,,,,,CALCULATED
2013-09-21T08:10:00Z,2013-09-21T14:18:18Z,,,,,,,,CALCULATED
2013-09-21T08:20:00Z,2013-09-21T14:28:18Z,,,,,,,,CALCULATED
2013-09-21T08:30:00Z,2013-09-21T14:38:18Z,,,,,,,,CALCULATED
2013-09-21T08:40:00Z,2013-09-21T14:48:18Z,,,,,,,,CALCULATED
2013-09-21T08:50:00Z,2013-09-21T14:58:18Z,,,,,,,,CALCULATED
2013-09-21T09:00:00Z,2013-09-21T15:08:18Z,,,,,,,,CALCULATED
2013-09-21T09:10:00Z,2013-09-21T15:18:18Z,,,,,,,,CALCULATED
2013-09-21T09:20:00Z,2013-09-21T15:28:18Z,,,,,,,,CALCULATED
2013-09-21T09:30:00Z,2013-09-21T15:38:18Z,,,,,,,,CALCULATED
2013-09-21T09:40:00Z,2013-09-21T15:48:18Z,,,,,,,,CALCULATED
2013-09-21T09:50:00Z,2013-09-21T15:58:18Z,,,,,,,,CALCULATED
2013-09-21T10:00:00Z,2013-09-21T16:08:18Z,,,,,,,,CALCULATED
2013-09-21T10:10:00Z,2013-09-21T16:18:18Z,,,,,,,,CALCULATED
2013-09-21T10:20:00Z,2013-09-21T16:28:18Z,,,,,,,,CALCULATED
2013-09-21T10:30:00Z,2013-09-21T16:38:18Z,,,,,,,,CALCULATED
2013-09-21T10:40:00Z,2013-09-21T16:48:18Z,,,,,,,,CALCULATED
2013-09-21T10:50:00Z,2013-09-21T16:58:18Z,,,,,,,,CALCULATED
2013-09-21T11:00:00Z,2013-09-21T17:08:18Z,,,,,,,,CALCULATED
2013-09-21T11:10:00Z,2013-09-21T17:18:18Z,,,,,,,,CALCULATED
2013-09-21T11:20:00Z,2013-09-21T17:28:18Z,,,,,,,,CALCULATED
2013-09-21T11:30:00Z,2013-09-21T17:38:18Z,,,,,,,,CALCULATED
2013-09-21T11:40:00Z,2013-09-21T17:48:18Z,,,,,,,,CALCULATED
2013-09-21T11:50:00Z,2013-09-21T17:58:18Z,,,,,,,,CALCULATED
2013-09-21T12:00:00Z,2013-09-21T18:08:18Z,,,,,,,,CALCULATED
2013-09-21T12:10:00Z,2013-09-21T18:18:18Z,,,,,,,,CALCULATED
2013-09-21T12:20:00Z,2013-09-21T18:28:18Z,,,,,,,,CALCULATED
2013-09-21T12:30:00Z,2013-09-21T18:38:18Z,,,,,,,,CALCULATED
2013-09-21T12:40:00Z,2013-09-21T18:48:18Z,,,,,,,,CALCULATED
2013-09-21T12:50:00Z,2013-09-21T18:58:18Z,,,,,,,,CALCULATED
2013-09-21T13:00:00Z,2013-09-21T19:08:18Z,,,,,,,,CALCULATED
2013-09-21T13:10:00Z,2013-09-21T19:18:18Z,,,,,,,,CALCULATED
2013-09-21T13:20:00Z,2013-09-21T19:28:18Z,,,,,,,,CALCULATED
2013-09-21T13:30:00Z,2013-09-21T19:38:18Z,,,,,,,,CALCULATED
2013-09-21T13:40:00Z,2013-09-21T19:48:18Z,,,,,,,,CALCULATED
2013-09-21T13:50:00Z,2013-09-21T19:58:18Z,,,,,,,,CALCULATED
2013-09-21T14:00:00Z,2013-09-21T20:08:18Z,,,,,,,,CALCULATED
2013-09-21T14:10:00Z,2013-09-21T20:18:18Z,,,,,,,,CALCULATED
2013-09-21T14:20:00Z,2013-09-21T20:28:18Z,,,,,,,,CALCULATED
2013-09-21T14:30:00Z,2013-09-21T20:38:18Z,,,,,,,,CALCULATED
2013-09-21T14:40:00Z,2013-09-21T20:48:18Z,,,,,,,,CALCULATED
2013-09-21T14:50:00Z,2013-09-21T20:58:18Z,,,,,,,,CALCULATED
2013-09-21T15:00:00Z,2013-09-21T21:08:18Z,,,,,,,,CALCULATED
2013-09-21T15:10:00Z,2013-09-21T21:18:18Z,,,,,,,,CALCULATED
2013-09-21T15:20:00Z,2013-09-21T21:28:18Z,,,,,,,,CALCULATED
2013-09-21T15:30:00Z,2013-09-21T21:38:18Z,,,,,,,,CALCULATED
2013-09-21T15:40:00Z,2013-09-21T21:48:18Z,,,,,,,,CALCULATED
2013-09-21T15:50:00Z,2013-09-21T21:58:18Z,,,,,,,,CALCULATED
2013-09-21T16:00:00Z,2013-09-21T22:08:18Z,,,,,,,,CALCULATED
2013-09-21T16:10:00Z,2013-09-21T22:18:18Z,,,,,,,,CALCULATED
2013-09-21T16:20:00Z,2013-09-21T22:28:18Z,,,,,,,,CALCULATED
2013-09-21T16:30:00Z,2013-09-21T22:38:18Z,,,,,,,,CALCULATED
2013-09-21T16:40:00Z,2013-09-21T22:48:18Z,,,,,,,,CALCULATED
2013-09-21T16:50:00Z,2013-09-21T22:58:18Z,,,,,,,,CALCULATED
2013-09-21T17:00:00Z,2013-09-21T23:08:18Z,,,,,,,,CALCULATED
2013-09-21T17:10:00Z,2013-09-21T23:18:18Z,,,,,,,,CALCULATED
2013-09-21T17:20:00Z,2013-09-21T23:28:18Z,,,,,,,,CALCULATED
2013-09-21T17:30:00Z,2013-09-21T23:38:18Z,,,,,,,,CALCULATED
2013-09-21T17:40:00Z,2013-09-21T23:48:18Z,,,,,,,,CALCULATED
2013-09-21T17:50:00Z,2013-09-21T23:58:18Z,,,,,,,,CALCULATED
2013-09-21T18:00:00Z,2013-09-22T00:08:18Z,,,,,,,,CALCULATED
2013-09-21T18:10:00Z,2013-09-22T00:18:39Z,,,,,,,,CALCULATED
2013-09-21T18:20:00Z,2013-09-22T00:28:39Z,,,,,,,,CALCULATED
2013-09-21T18:30:00Z,2013-09-22T00:38:39Z,,,,,,,,CALCULATED
2013-09-21T18:40:00Z,2013-09-22T00:48:39Z,,,,,,,,CALCULATED
2013-09-21T18:50:00Z,2013-09-22T00:58:39Z,,,,,,,,CALCULATED
2013-09-21T19:00:00Z,2013-09-22T01:08:39Z,,,,,,,,CALCULATED
2013-09-21T19:10:00Z,2013-09-22T01:18:39Z,,,,,,,,CALCULATED
2013-09-21T19:20:00Z,2013-09-22T01:28:39Z,,,,,,,,CALCULATED
2013-09-21T19:30:00Z,2013-09-22T01:38:39Z,,,,,,,,CALCULATED
2013-09-21T19:40:00Z,2013-09-22T01:48:39Z,,,,,,,,CALCULATED
2013-09-21T19:50:00Z,2013-09-22T01:58:39Z,,,,,,,,CALCULATED
2013-09-21T20:00:00Z,2013-09-22T02:08:39Z,,,,,,,,CALCULATED
2013-09-21T20:10:00Z,2013-09-22T02:18:39Z,,,,,,,,CALCULATED
2013-09-21T20:20:00Z,2013-09-22T02:28:39Z,,,,,,,,CALCULATED
2013-09-21T20:30:00Z,2013-09-22T02:38:39Z,,,,,,,,CALCULATED
2013-09-21T20:40:00Z,2013-09-22T02:48:39Z,,,,,,,,CALCULATED
2013-09-21T20:50:00Z,2013-09-22T02:58:39Z,,,,,,,,CALCULATED
2013-09-21T21:00:00Z,2013-09-22T03:08:39Z,,,,,,,,CALCULATED
2013-09-21T21:10:00Z,2013-09-22T03:18:39Z,,,,,,,,CALCULATED
2013-09-21T21:20:00Z,2013-09-22T03:28:39Z,,,,,,,,CALCULATED
2013-09-21T21:30:00Z,2013-09-22T03:38:39Z,,,,,,,,CALCULATED
2013-09-21T21:40:00Z,2013-09-22T03:48:39Z,,,,,,,,CALCULATED
2013-09-21T21:50:00Z,2013-09-22T03:58:39Z,,,,,,,,CALCULATED
2013-09-21T22:00:00Z,2013-09-22T04:08:39Z,,,,,,,,CALCULATED
2013-09-21T22:10:00Z,2013-09-22T04:18:39Z,,,,,,,,CALCULATED
2013-09-21T22:20:00Z,2013-09-22T04:28:39Z,,,,,,,,CALCULATED
2013-09-21T22:30:00Z,2013-09-22T04:38:39Z,,,,,,,,CALCULATED
2013-09-21T22:40:00Z,2013-09-22T04:48:39Z,,,,,,,,CALCULATED
2013-09-21T22:50:00Z,2013-09-22T04:58:39Z,,,,,,,,CALCULATED
2013-09-21T23:00:00Z,2013-09-22T05:08:39Z,,,,,,,,CALCULATED
2013-09-21T23:10:00Z,2013-09-22T05:18:39Z,,,,,,,,CALCULATED
2013-09-21T23:20:00Z,2013-09-22T05:28:39Z,,,,,,,,CALCULATED
2013-09-21T23:30:00Z,2013-09-22T05:38:39Z,,,,,,,,CALCULATED
2013-09-21T23:40:00Z,2013-09-22T05:48:39Z,,,,,,,,CALCULATED
2013-09-21T23:50:00Z,2013-09-22T05:58:39Z,,,,,,,,CALCULATED
2013-09-22T00:00:00Z,2013-09-22T06:08:39Z,,,,,,,,CALCULATED
2013-09-22T00:10:00Z,2013-09-22T06:18:39Z,,,,,,,,CALCULATED
2013-09-22T00:20:00Z,2013-09-22T06:28:39Z,,,,,,,,CALCULATED
2013-09-22T00:30:00Z,2013-09-22T06:38:39Z,,,,,,,,CALCULATED
2013-09-22T00:40:00Z,2013-09-22T06:48:39Z,,,,,,,,CALCULATED
2013-09-22T00:50:00Z,2013-09-22T06:58:39Z,,,,,,,,CALCULATED
2013-09-22T01:00:00Z,2013-09-22T07:08:39Z,,,,,,,,CALCULATED
2013-09-22T01:10:00Z,2013-09-22T07:18:39Z,,,,,,,,CALCULATED
2013-09-22T01:20:00Z,2013-09-22T07:28:39Z,,,,,,,,CALCULATED
2013-09-22T01:30:00Z,2013-09-22T07:38:39Z,,,,,,,,CALCULATED
2013-09-22T01:40:00Z,2013-09-22T07:48:39Z,,,,,,,,CALCULATED
2013-09-22T01:50:00Z,2013-09-22T07:58:39Z,,,,,,,,CALCULATED
2013-09-22T02:00:00Z,2013-09-22T08:08:39Z,,,,,,,,CALCULATED
2013-09-22T02:10:00Z,2013-09-22T08:18:39Z,,,,,,,,CALCULATED
2013-09-22T02:20:00Z,2013-09-22T08:28:39Z,,,,,,,,CALCULATED
2013-09-22T02:30:00Z,2013-09-22T08:38:39Z,,,,,,,,CALCULATED
2013-09-22T02:40:00Z,2013-09-22T08:48:39Z,,,,,,,,CALCULATED
2013-09-22T02:50:00Z,2013-09-22T08:58:39Z,,,,,,,,CALCULATED
2013-09-22T03:00:00Z,2013-09-22T09:08:39Z,,,,,,,,CALCULATED
2013-09-22T03:10:00Z,2013-09-22T09:18:39Z,,,,,,,,CALCULATED
2013-09-22T03:20:00Z,2013-09-22T09:28:39Z,,,,,,,,CALCULATED
2013-09-22T03:30:00Z,2013-09-22T09:38:39Z,,,,,,,,CALCULATED
2013-09-22T03:40:00Z,2013-09-22T09:48:39Z,,,,,,,,CALCULATED
2013-09-22T03:50:00Z,2013-09-22T09:58:39Z,,,,,,,,CALCULATED
2013-09-22T04:00:00Z,2013-09-22T10:08:39Z,,,,,,,,CALCULATED
2013-09-22T04:10:00Z,2013-09-22T10:18:39Z,,,,,,,,CALCULATED
2013-09-22T04:20:00Z,2013-09-22T10:28:39Z,,,,,,,,CALCULATED
2013-09-22T04:30:00Z,2013-09-22T10:38:39Z,,,,,,,,CALCULATED
2013-09-22T04:40:00Z,2013-09-22T10:48:39Z,,,,,,,,CALCULATED
2013-09-22T04:50:00Z,2013-09-22T10:58:39Z,,,,,,,,CALCULATED
2013-09-22T05:00:00Z,2013-09-22T11:08:39Z,,,,,,,,CALCULATED
2013-09-22T05:10:00Z,2013-09-22T11:18:39Z,,,,,,,,CALCULATED
2013-09-22T05:20:00Z,2013-09-22T11:28:39Z,,,,,,,,CALCULATED
2013-09-22T05:30:00Z,2013-09-22T11:38:39Z,,,,,,,,CALCULATED
2013-09-22T05:40:00Z,2013-09-22T11:48:39Z,,,,,,,,CALCULATED
2013-09-22T05:50:00Z,2013-09-22T11:58:39Z,,,,,,,,CALCULATED
2013-09-22T06:00:00Z,2013-09-22T12:08:39Z,,,,,,,,CALCULATED
2013-09-22T06:10:00Z,2013-09-22T12:18:39Z,,,,,,,,CALCULATED
2013-09-22T06:20:00Z,2013-09-22T12:28:39Z,,,,,,,,CALCULATED
2013-09-22T06:30:00Z,2013-09-22T12:38:39Z,,,,,,,,CALCULATED
2013-09-22T06:40:00Z,2013-09-22T12:48:39Z,,,,,,,,CALCULATED
2013-09-22T06:50:00Z,2013-09-22T12:58:39Z,,,,,,,,CALCULATED
2013-09-22T07:00:00Z,2013-09-22T13:08:39Z,,,,,,,,CALCULATED
2013-09-22T07:10:00Z,2013-09-22T13:18:39Z,,,,,,,,CALCULATED
2013-09-22T07:20:00Z,2013-09-22T13:28:39Z,,,,,,,,CALCULATED
2013-09-22T07:30:00Z,2013-09-22T13:38:39Z,,,,,,,,CALCULATED
2013-09-22T07:40:00Z,2013-09-22T13:48:39Z,,,,,,,,CALCULATED
2013-09-22T07:50:00Z,2013-09-22T13:58:39Z,,,,,,,,CALCULATED
2013-09-22T08:00:00Z,2013-09-22T14:08:39Z,,,,,,,,CALCULATED
2013-09-22T08:10:00Z,2013-09-22T14:18:39Z,,,,,,,,CALCULATED
2013-09-22T08:20:00Z,2013-09-22T14:28:39Z,,,,,,,,CALCULATED
2013-09-22T08:30:00Z,2013-09-22T14:38:39Z,,,,,,,,CALCULATED
2013-09-22T08:40:00Z,2013-09-22T14:48:39Z,,,,,,,,CALCULATED
2013-09-22T08:50:00Z,2013-09-22T14:58:39Z,,,,,,,,CALCULATED
2013-09-22T09:00:00Z,2013-09-22T15:08:39Z,,,,,,,,CALCULATED
2013-09-22T09:10:00Z,2013-09-22T15:18:39Z,,,,,,,,CALCULATED
2013-09-22T09:20:00Z,2013-09-22T15:28:39Z,,,,,,,,CALCULATED
2013-09-22T09:30:00Z,2013-09-22T15:38:39Z,,,,,,,,CALCULATED
2013-09-22T09:40:00Z,2013-09-22T15:48:39Z,,,,,,,,CALCULATED
2013-09-22T09:50:00Z,2013-09-22T15:58:39Z,,,,,,,,CALCULATED
2013-09-22T10:00:00Z,2013-09-22T16:08:39Z,,,,,,,,CALCULATED
2013-09-22T10:10:00Z,2013-09-22T16:18:39Z,,,,,,,,CALCULATED
2013-09-22T10:20:00Z,2013-09-22T16:28:39Z,,,,,,,,CALCULATED
2013-09-22T10:30:00Z,2013-09-22T16:38:39Z,,,,,,,,CALCULATED
2013-09-22T10:40:00Z,2013-09-22T16:48:39Z,,,,,,,,CALCULATED
2013-09-22T10:50:00Z,2013-09-22T16:58:39Z,,,,,,,,CALCULATED
2013-09-22T11:00:00Z,2013-09-22T17:08:39Z,,,,,,,,CALCULATED
2013-09-22T11:10:00Z,2013-09-22T17:18:39Z,,,,,,,,CALCULATED
2013-09-22T11:20:00Z,2013-09-22T17:28:39Z,,,,,,,,CALCULATED
2013-09-22T11:30:00Z,2013-09-22T17:38:39Z,,,,,,,,CALCULATED
2013-09-22T11:40:00Z,2013-09-22T17:48:39Z,,,,,,,,CALCULATED
2013-09-22T11:50:00Z,2013-09-22T17:58:39Z,,,,,,,,CALCULATED
2013-09-22T12:00:00Z,2013-09-22T18:08:39Z,,,,,,,,CALCULATED
2013-09-22T12:10:00Z,2013-09-22T18:18:39Z,,,,,,,,CALCULATED
2013-09-22T12:20:00Z,2013-09-22T18:28:39Z,,,,,,,,CALCULATED
2013-09-22T12:30:00Z,2013-09-22T18:38:39Z,,,,,,,,CALCULATED
2013-09-22T12:40:00Z,2013-09-22T18:48:39Z,,,,,,,,CALCULATED
2013-09-22T12:50:00Z,2013-09-22T18:58:39Z,,,,,,,,CALCULATED
2013-09-22T13:00:00Z,2013-09-22T19:08:39Z,,,,,,,,CALCULATED
2013-09-22T13:10:00Z,2013-09-22T19:18:39Z,,,,,,,,CALCULATED
2013-09-22T13:20:00Z,2013-09-22T19:28:39Z,,,,,,,,CALCULATED
2013-09-22T13:30:00Z,2013-09-22T19:38:39Z,,,,,,,,CALCULATED
2013-09-22T13:40:00Z,2013-09-22T19:48:39Z,,,,,,,,CALCULATED
2013-09-22T13:50:00Z,2013-09-22T19:58:39Z,,,,,,,,CALCULATED
2013-09-22T14:00:00Z,2013-09-22T20:08:39Z,,,,,,,,CALCULATED
2013-09-22T14:10:00Z,2013-09-22T20:18:39Z,,,,,,,,CALCULATED
2013-09-22T14:20:00Z,2013-09-22T20:28:39Z,,,,,,,,CALCULATED
2013-09-22T14:30:00Z,2013-09-22T20:38:39Z,,,,,,,,CALCULATED
2013-09-22T14:40:00Z,2013-09-22T20:48:39Z,,,,,,,,CALCULATED
2013-09-22T14:50:00Z,2013-09-22T20:58:39Z,,,,,,,,CALCULATED
2013-09-22T15:00:00Z,2013-09-22T21:08:39Z,,,,,,,,CALCULATED
2013-09-22T15:10:00Z,2013-09-22T21:18:39Z,,,,,,,,CALCULATED
2013-09-22T15:20:00Z,2013-09-22T21:28:39Z,,,,,,,,CALCULATED
2013-09-22T15:30:00Z,2013-09-22T21:38:39Z,,,,,,,,CALCULATED
2013-09-22T15:40:00Z,2013-09-22T21:48:39Z,,,,,,,,CALCULATED
2013-09-22T15:50:00Z,2013-09-22T21:58:39Z,,,,,,,,CALCULATED
2013-09-22T16:00:00Z,2013-09-22T22:08:39Z,,,,,,,,CALCULATED
2013-09-22T16:10:00Z,2013-09-22T22:18:39Z,,,,,,,,CALCULATED
2013-09-22T16:20:00Z,2013-09-22T22:28:39Z,,,,,,,,CALCULATED
2013-09-22T16:30:00Z,2013-09-22T22:38:39Z,,,,,,,,CALCULATED
2013-09-22T16:40:00Z,2013-09-22T22:48:39Z,,,,,,,,CALCULATED
2013-09-22T16:50:00Z,2013-09-22T22:58:39Z,,,,,,,,CALCULATED
2013-09-22T17:00:00Z,2013-09-22T23:08:39Z,,,,,,,,CALCULATED
2013-09-22T17:10:00Z,2013-09-22T23:18:39Z,,,,,,,,CALCULATED
2013-09-22T17:20:00Z,2013-09-22T23:28:39Z,,,,,,,,CALCULATED
2013-09-22T17:30:00Z,2013-09-22T23:38:39Z,,,,,,,,CALCULATED
2013-09-22T17:40:00Z,2013-09-22T23:48:39Z,,,,,,,,CALCULATED
2013-09-22T17:50:00Z,2013-09-22T23:58:39Z,,,,,,,,CALCULATED
2013-09-22T18:00:00Z,2013-09-23T00:08:39Z,,,,,,,,CALCULATED
2013-09-22T18:10:00Z,2013-09-23T00:18:59Z,,,,,,,,CALCULATED
2013-09-22T18:20:00Z,2013-09-23T00:28:59Z,,,,,,,,CALCULATED
2013-09-22T18:30:00Z,2013-09-23T00:38:59Z,,,,,,,,CALCULATED
2013-09-22T18:40:00Z,2013-09-23T00:48:59Z,,,,,,,,CALCULATED
2013-09-22T18:50:00Z,2013-09-23T00:58:59Z,,,,,,,,CALCULATED
2013-09-22T19:00:00Z,2013-09-23T01:08:59Z,,,,,,,,CALCULATED
2013-09-22T19:10:00Z,2013-09-23T01:18:59Z,,,,,,,,CALCULATED
2013-09-22T19:20:00Z,2013-09-23T01:28:59Z,,,,,,,,CALCULATED
2013-09-22T19:30:00Z,2013-09-23T01:38:59Z,,,,,,,,CALCULATED
2013-09-22T19:40:00Z,2013-09-23T01:48:59Z,,,,,,,,CALCULATED
2013-09-22T19:50:00Z,2013-09-23T01:58:59Z,,,,,,,,CALCULATED
2013-09-22T20:00:00Z,2013-09-23T02:08:59Z,,,,,,,,CALCULATED
2013-09-22T20:10:00Z,2013-09-23T02:18:59Z,,,,,,,,CALCULATED
2013-09-22T20:20:00Z,2013-09-23T02:28:59Z,,,,,,,,CALCULATED
2013-09-22T20:30:00Z,2013-09-23T02:38:59Z,,,,,,,,CALCULATED
2013-09-22T20:40:00Z,2013-09-23T02:48:59Z,,,,,,,,CALCULATED
2013-09-22T20:50:00Z,2013-09-23T02:58:59Z,,,,,,,,CALCULATED
2013-09-22T21:00:00Z,2013-09-23T03:08:59Z,,,,,,,,CALCULATED
2013-09-22T21:10:00Z,2013-09-23T03:18:59Z,,,,,,,,CALCULATED
2013-09-22T21:20:00Z,2013-09-23T03:28:59Z,,,,,,,,CALCULATED
2013-09-22T21:30:00Z,2013-09-23T03:38:59Z,,,,,,,,CALCULATED
2013-09-22T21:40:00Z,2013-09-23T03:48:59Z,,,,,,,,CALCULATED
2013-09-22T21:50:00Z,2013-09-23T03:58:59Z,,,,,,,,CALCULATED
2013-09-22T22:00:00Z,2013-09-23T04:08:59Z,,,,,,,,CALCULATED
2013-09-22T22:10:00Z,2013-09-23T04:18:59Z,,,,,,,,CALCULATED
2013-09-22T22:20:00Z,2013-09-23T04:28:59Z,,,,,,,,CALCULATED
2013-09-22T22:30:00Z,2013-09-23T04:38:59Z,,,,,,,,CALCULATED
2013-09-22T22:40:00Z,2013-09-23T04:48:59Z,,,,,,,,CALCULATED
2013-09-22T22:50:00Z,2013-09-23T04:58:59Z,,,,,,,,CALCULATED
2013-09-22T23:00:00Z,2013-09-23T05:08:59Z,,,,,,,,CALCULATED
2013-09-22T23:10:00Z,2013-09-23T05:18:59Z,,,,,,,,CALCULATED
2013-09-22T23:20:00Z,2013-09-23T05:28:59Z,,,,,,,,CALCULATED
2013-09-22T23:30:00Z,2013-09-23T05:38:59Z,,,,,,,,CALCULATED
2013-09-22T23:40:00Z,2013-09-23T05:48:59Z,,,,,,,,CALCULATED
2013-09-22T23:50:00Z,2013-09-23T05:58:59Z,,,,,,,,CALCULATED
2013-09-23T00:00:00Z,2013-09-23T06:08:59Z,,,,,,,,CALCULATED
2013-09-23T00:10:00Z,2013-09-23T06:18:59Z,,,,,,,,CALCULATED
2013-09-23T00:20:00Z,2013-09-23T06:28:59Z,,,,,,,,CALCULATED
2013-09-23T00:30:00Z,2013-09-23T06:38:59Z,,,,,,,,CALCULATED
2013-09-23T00:40:00Z,2013-09-23T06:48:59Z,,,,,,,,CALCULATED
2013-09-23T00:50:00Z,2013-09-23T06:58:59Z,,,,,,,,CALCULATED
2013-09-23T01:00:00Z,2013-09-23T07:08:59Z,,,,,,,,CALCULATED
2013-09-23T01:10:00Z,2013-09-23T07:18:59Z,,,,,,,,CALCULATED
2013-09-23T01:20:00Z,2013-09-23T07:28:59Z,,,,,,,,CALCULATED
2013-09-23T01:30:00Z,2013-09-23T07:38:59Z,,,,,,,,CALCULATED
2013-09-23T01:40:00Z,2013-09-23T07:48:59Z,,,,,,,,CALCULATED
2013-09-23T01:50:00Z,2013-09-23T07:58:59Z,,,,,,,,CALCULATED
2013-09-23T02:00:00Z,2013-09-23T08:08:59Z,,,,,,,,CALCULATED
2013-09-23T02:10:00Z,2013-09-23T08:18:59Z,,,,,,,,CALCULATED
2013-09-23T02:20:00Z,2013-09-23T08:28:59Z,,,,,,,,CALCULATED
2013-09-23T02:30:00Z,2013-09-23T08:38:59Z,,,,,,,,CALCULATED
2013-09-23T02:40:00Z,2013-09-23T08:48:59Z,,,,,,,,CALCULATED
2013-09-23T02:50:00Z,2013-09-23T08:58:59Z,,,,,,,,CALCULATED
2013-09-23T03:00:00Z,2013-09-23T09:08:59Z,,,,,,,,CALCULATED
2013-09-23T03:10:00Z,2013-09-23T09:18:59Z,,,,,,,,CALCULATED
2013-09-23T03:20:00Z,2013-09-23T09:28:59Z,,,,,,,,CALCULATED
2013-09-23T03:30:00Z,2013-09-23T09:38:59Z,,,,,,,,CALCULATED
2013-09-23T03:40:00Z,2013-09-23T09:48:59Z,,,,,,,,CALCULATED
2013-09-23T03:50:00Z,2013-09-23T09:58:59Z,,,,,,,,CALCULATED
2013-09-23T04:00:00Z,2013-09-23T10:08:59Z,,,,,,,,CALCULATED
2013-09-23T04:10:00Z,2013-09-23T10:18:59Z,,,,,,,,CALCULATED
2013-09-23T04:20:00Z,2013-09-23T10:28:59Z,,,,,,,,CALCULATED
2013-09-23T04:30:00Z,2013-09-23T10:38:59Z,,,,,,,,CALCULATED
2013-09-23T04:40:00Z,2013-09-23T10:48:59Z,,,,,,,,CALCULATED
2013-09-23T04:50:00Z,2013-09-23T10:58:59Z,,,,,,,,CALCULATED
2013-09-23T05:00:00Z,2013-09-23T11:08:59Z,,,,,,,,CALCULATED
2013-09-23T05:10:00Z,2013-09-23T11:18:59Z,,,,,,,,CALCULATED
2013-09-23T05:20:00Z,2013-09-23T11:28:59Z,,,,,,,,CALCULATED
2013-09-23T05:30:00Z,2013-09-23T11:38:59Z,,,,,,,,CALCULATED
2013-09-23T05:40:00Z,2013-09-23T11:48:59Z,,,,,,,,CALCULATED
2013-09-23T05:50:00Z,2013-09-23T11:58:59Z,,,,,,,,CALCULATED
2013-09-23T06:00:00Z,2013-09-23T12:08:59Z,,,,,,,,CALCULATED
2013-09-23T06:10:00Z,2013-09-23T12:18:59Z,,,,,,,,CALCULATED
2013-09-23T06:20:00Z,2013-09-23T12:28:59Z,,,,,,,,CALCULATED
2013-09-23T06:30:00Z,2013-09-23T12:38:59Z,,,,,,,,CALCULATED
2013-09-23T06:40:00Z,2013-09-23T12:48:59Z,,,,,,,,CALCULATED
2013-09-23T06:50:00Z,2013-09-23T12:58:59Z,,,,,,,,CALCULATED
2013-09-23T07:00:00Z,2013-09-23T13:08:59Z,,,,,,,,CALCULATED
2013-09-23T07:10:00Z,2013-09-23T13:18:59Z,,,,,,,,CALCULATED
2013-09-23T07:20:00Z,2013-09-23T13:28:59Z,,,,,,,,CALCULATED
2013-09-23T07:30:00Z,2013-09-23T13:38:59Z,,,,,,,,CALCULATED
2013-09-23T07:40:00Z,2013-09-23T13:48:59Z,,,,,,,,CALCULATED
2013-09-23T07:50:00Z,2013-09-23T13:58:59Z,,,,,,,,CALCULATED
2013-09-23T08:00:00Z,2013-09-23T14:08:59Z,,,,,,,,CALCULATED
2013-09-23T08:10:00Z,2013-09-23T14:18:59Z,,,,,,,,CALCULATED
2013-09-23T08:20:00Z,2013-09-23T14:28:59Z,,,,,,,,CALCULATED
2013-09-23T08:30:00Z,2013-09-23T14:38:59Z,,,,,,,,CALCULATED
2013-09-23T08:40:00Z,2013-09-23T14:48:59Z,,,,,,,,CALCULATED
2013-09-23T08:50:00Z,2013-09-23T14:58:59Z,,,,,,,,CALCULATED
2013-09-23T09:00:00Z,2013-09-23T15:08:59Z,,,,,,,,CALCULATED
2013-09-23T09:10:00Z,2013-09-23T15:18:59Z,,,,,,,,CALCULATED
2013-09-23T09:20:00Z,2013-09-23T15:28:59Z,,,,,,,,CALCULATED
2013-09-23T09:30:00Z,2013-09-23T15:38:59Z,,,,,,,,CALCULATED
2013-09-23T09:40:00Z,2013-09-23T15:48:59Z,,,,,,,,CALCULATED
2013-09-23T09:50:00Z,2013-09-23T15:58:59Z,,,,,,,,CALCULATED
2013-09-23T10:00:00Z,2013-09-23T16:08:59Z,,,,,,,,CALCULATED
2013-09-23T10:10:00Z,2013-09-23T16:18:59Z,,,,,,,,CALCULATED
2013-09-23T10:20:00Z,2013-09-23T16:28:59Z,,,,,,,,CALCULATED
2013-09-23T10:30:00Z,2013-09-23T16:38:59Z,,,,,,,,CALCULATED
2013-09-23T10:40:00Z,2013-09-23T16:48:59Z,,,,,,,,CALCULATED
2013-09-23T10:50:00Z,2013-09-23T16:58:59Z,,,,,,,,CALCULATED
2013-09-23T11:00:00Z,2013-09-23T17:08:59Z,,,,,,,,CALCULATED
2013-09-23T11:10:00Z,2013-09-23T17:18:59Z,,,,,,,,CALCULATED
2013-09-23T11:20:00Z,2013-09-23T17:28:59Z,,,,,,,,CALCULATED
2013-09-23T11:30:00Z,2013-09-23T17:38:59Z,,,,,,,,CALCULATED
2013-09-23T11:40:00Z,2013-09-23T17:48:59Z,,,,,,,,CALCULATED
2013-09-23T11:50:00Z,2013-09-23T17:58:59Z,,,,,,,,CALCULATED
2013-09-23T12:00:00Z,2013-09-23T18:08:59Z,,,,,,,,CALCULATED
2013-09-23T12:10:00Z,2013-09-23T18:18:59Z,,,,,,,,CALCULATED
2013-09-23T12:20:00Z,2013-09-23T18:28:59Z,,,,,,,,CALCULATED
2013-09-23T12:30:00Z,2013-09-23T18:38:59Z,,,,,,,,CALCULATED
2013-09-23T12:40:00Z,2013-09-23T18:48:59Z,,,,,,,,CALCULATED
2013-09-23T12:50:00Z,2013-09-23T18:58:59Z,,,,,,,,CALCULATED
2013-09-23T13:00:00Z,2013-09-23T19:08:59Z,,,,,,,,CALCULATED
2013-09-23T13:10:00Z,2013-09-23T19:18:59Z,,,,,,,,CALCULATED
2013-09-23T13:20:00Z,2013-09-23T19:28:59Z,,,,,,,,CALCULATED
2013-09-23T13:30:00Z,2013-09-23T19:38:59Z,,,,,,,,CALCULATED
2013-09-23T13:40:00Z,2013-09-23T19:48:59Z,,,,,,,,CALCULATED
2013-09-23T13:50:00Z,2013-09-23T19:58:59Z,,,,,,,,CALCULATED
2013-09-23T14:00:00Z,2013-09-23T20:08:59Z,,,,,,,,CALCULATED
2013-09-23T14:10:00Z,2013-09-23T20:18:59Z,,,,,,,,CALCULATED
2013-09-23T14:20:00Z,2013-09-23T20:28:59Z,,,,,,,,CALCULATED
2013-09-23T14:30:00Z,2013-09-23T20:38:59Z,,,,,,,,CALCULATED
2013-09-23T14:40:00Z,2013-09-23T20:48:59Z,,,,,,,,CALCULATED
2013-09-23T14:50:00Z,2013-09-23T20:58:59Z,,,,,,,,CALCULATED
2013-09-23T15:00:00Z,2013-09-23T21:08:59Z,,,,,,,,CALCULATED
2013-09-23T15:10:00Z,2013-09-23T21:18:59Z,,,,,,,,CALCULATED
2013-09-23T15:20:00Z,2013-09-23T21:28:59Z,,,,,,,,CALCULATED
2013-09-23T15:30:00Z,2013-09-23T21:38:59Z,,,,,,,,CALCULATED
2013-09-23T15:40:00Z,2013-09-23T21:48:59Z,,,,,,OUT_WARN,,CALCULATED
2013-09-23T15:50:00Z,2013-09-23T21:58:59Z,,,,,,OUT_WARN,,CALCULATED
2013-09-23T16:00:00Z,2013-09-23T22:08:59Z,,,,,,,,CALCULATED
2013-09-23T16:10:00Z,2013-09-23T22:18:59Z,,,,,,,,CALCULATED
2013-09-23T16:20:00Z,2013-09-23T22:28:59Z,,,,,,,,CALCULATED
2013-09-23T16:30:00Z,2013-09-23T22:38:59Z,,,,,,,,CALCULATED
2013-09-23T16:40:00Z,2013-09-23T22:48:59Z,,,,,,,,CALCULATED
2013-09-23T16:50:00Z,2013-09-23T22:58:59Z,,,,,,,,CALCULATED
2013-09-23T17:00:00Z,2013-09-23T23:08:59Z,,,,,,,,CALCULATED
2013-09-23T17:10:00Z,2013-09-23T23:18:59Z,,,,,,,,CALCULATED
2013-09-23T17:20:00Z,2013-09-23T23:28:59Z,,,,,,,,CALCULATED
2013-09-23T17:30:00Z,2013-09-23T23:38:59Z,,,,,,,,CALCULATED
2013-09-23T17:40:00Z,2013-09-23T23:48:59Z,,,,,,,,CALCULATED
2013-09-23T17:50:00Z,2013-09-23T23:58:59Z,,,,,,,,CALCULATED
2013-09-23T18:00:00Z,2013-09-24T00:08:59Z,,,,,,,,CALCULATED
2013-09-23T18:10:00Z,2013-09-24T00:19:20Z,,,,,,,,CALCULATED
2013-09-23T18:20:00Z,2013-09-24T00:29:20Z,,,,,,,,CALCULATED
2013-09-23T18:30:00Z,2013-09-24T00:39:20Z,,,,,,,,CALCULATED
2013-09-23T18:40:00Z,2013-09-24T00:49:20Z,,,,,,,,CALCULATED
2013-09-23T18:50:00Z,2013-09-24T00:59:20Z,,,,,,,,CALCULATED
2013-09-23T19:00:00Z,2013-09-24T01:09:20Z,,,,,,,,CALCULATED
2013-09-23T19:10:00Z,2013-09-24T01:19:20Z,,,,,,OUT_WARN,,CALCULATED
2013-09-23T19:20:00Z,2013-09-24T01:29:20Z,,,,,,,,CALCULATED
2013-09-23T19:30:00Z,2013-09-24T01:39:20Z,,,,,,,,CALCULATED
2013-09-23T19:40:00Z,2013-09-24T01:49:20Z,,,,,,,,CALCULATED
2013-09-23T19:50:00Z,2013-09-24T01:59:20Z,,,,,,,,CALCULATED
2013-09-23T20:00:00Z,2013-09-24T02:09:20Z,,,,,,,,CALCULATED
2013-09-23T20:10:00Z,2013-09-24T02:19:20Z,,,,,,,,CALCULATED
2013-09-23T20:20:00Z,2013-09-24T02:29:20Z,,,,,,,,CALCULATED
2013-09-23T20:30:00Z,2013-09-24T02:39:20Z,,,,,,,,CALCULATED
2013-09-23T20:40:00Z,2013-09-24T02:49:20Z,,,,,,,,CALCULATED
2013-09-23T20:50:00Z,2013-09-24T02:59:20Z,,,,,,,,CALCULATED
2013-09-23T21:00:00Z,2013-09-24T03:09:20Z,,,,,,OUT_WARN,,CALCULATED
2013-09-23T21:10:00Z,2013-09-24T03:19:20Z,,,,,,,,CALCULATED
2013-09-23T21:20:00Z,2013-09-24T03:29:20Z,,,,,,,,CALCULATED
2013-09-23T21:30:00Z,2013-09-24T03:39:20Z,,,,,,,,CALCULATED
2013-09-23T21:40:00Z,2013-09-24T03:49:20Z,,,,,,,,CALCULATED
2013-09-23T21:50:00Z,2013-09-24T03:59:20Z,,,,,,,,CALCULATED
2013-09-23T22:00:00Z,2013-09-24T04:09:20Z,,,,,,,,CALCULATED
2013-09-23T22:10:00Z,2013-09-24T04:19:20Z,,,,,,,,CALCULATED
2013-09-23T22:20:00Z,2013-09-24T04:29:20Z,,,,,,,,CALCULATED
2013-09-23T22:30:00Z,2013-09-24T04:39:20Z,,,,,,,,CALCULATED
2013-09-23T22:40:00Z,2013-09-24T04:49:20Z,,,,,,,,CALCULATED
2013-09-23T22:50:00Z,2013-09-24T04:59:20Z,,,,,,,,CALCULATED
2013-09-23T23:00:00Z,2013-09-24T05:09:20Z,,,,,,,,CALCULATED
2013-09-23T23:10:00Z,2013-09-24T05:19:20Z,,,,,,,,CALCULATED
2013-09-23T23:20:00Z,2013-09-24T05:29:20Z,,,,,,,,CALCULATED
2013-09-23T23:30:00Z,2013-09-24T05:39:20Z,,,,,,,,CALCULATED
2013-09-23T23:40:00Z,2013-09-24T05:49:20Z,,,,,,,,CALCULATED
2013-09-23T23:50:00Z,2013-09-24T05:59:20Z,,,,,,,,CALCULATED
2013-09-24T00:00:00Z,2013-09-24T06:09:20Z,,,,,,,,CALCULATED
2013-09-24T00:10:00Z,2013-09-24T06:19:20Z,,,,,,,,CALCULATED
2013-09-24T00:20:00Z,2013-09-24T06:29:20Z,,,,,,,,CALCULATED
2013-09-24T00:30:00Z,2013-09-24T06:39:20Z,,,,,,,,CALCULATED
2013-09-24T00:40:00Z,2013-09-24T06:49:20Z,,,,,,,,CALCULATED
2013-09-24T00:50:00Z,2013-09-24T06:59:20Z,,,,,,,,CALCULATED
2013-09-24T01:00:00Z,2013-09-24T07:09:20Z,,,,,,,,CALCULATED
2013-09-24T01:10:00Z,2013-09-24T07:19:20Z,,,,,,,,CALCULATED
2013-09-24T01:20:00Z,2013-09-24T07:29:20Z,,,,,,,,CALCULATED
2013-09-24T01:30:00Z,2013-09-24T07:39:20Z,,,,,,,,CALCULATED
2013-09-24T01:40:00Z,2013-09-24T07:49:20Z,,,,,,,,CALCULATED
2013-09-24T01:50:00Z,2013-09-24T07:59:20Z,,,,,,,,CALCULATED
2013-09-24T02:00:00Z,2013-09-24T08:09:20Z,,,,,,,,CALCULATED
2013-09-24T02:10:00Z,2013-09-24T08:19:20Z,,,,,,,,CALCULATED
2013-09-24T02:20:00Z,2013-09-24T08:29:20Z,,,,,,,,CALCULATED
2013-09-24T02:30:00Z,2013-09-24T08:39:20Z,,,,,,,,CALCULATED
2013-09-24T02:40:00Z,2013-09-24T08:49:20Z,,,,,,,,CALCULATED
2013-09-24T02:50:00Z,2013-09-24T08:59:20Z,,,,,,,,CALCULATED
2013-09-24T03:00:00Z,2013-09-24T09:09:20Z,,,,,,,,CALCULATED
2013-09-24T03:10:00Z,2013-09-24T09:19:20Z,,,,,,,,CALCULATED
2013-09-24T03:20:00Z,2013-09-24T09:29:20Z,,,,,,,,CALCULATED
2013-09-24T03:30:00Z,2013-09-24T09:39:20Z,,,,,,,,CALCULATED
2013-09-24T03:40:00Z,2013-09-24T09:49:20Z,,,,,,,,CALCULATED
2013-09-24T03:50:00Z,2013-09-24T09:59:20Z,,,,,,,,CALCULATED
2013-09-24T04:00:00Z,2013-09-24T10:09:20Z,,,,,,,,CALCULATED
2013-09-24T04:10:00Z,2013-09-24T10:19:20Z,,,,,,,,CALCULATED
2013-09-24T04:20:00Z,2013-09-24T10:29:20Z,,,,,,,,CALCULATED
2013-09-24T04:30:00Z,2013-09-24T10:39:20Z,,,,,,,,CALCULATED
2013-09-24T04:40:00Z,2013-09-24T10:49:20Z,,,,,,,,CALCULATED
2013-09-24T04:50:00Z,2013-09-24T10:59:20Z,,,,,,,,CALCULATED
2013-09-24T05:00:00Z,2013-09-24T11:09:20Z,,,,,,,,CALCULATED
2013-09-24T05:10:00Z,2013-09-24T11:19:20Z,,,,,,,,CALCULATED
2013-09-24T05:20:00Z,2013-09-24T11:29:20Z,,,,,,,,CALCULATED
2013-09-24T05:30:00Z,2013-09-24T11:39:20Z,,,,,,,,CALCULATED
2013-09-24T05:40:00Z,2013-09-24T11:49:20Z,,,,,,,,CALCULATED
2013-09-24T05:50:00Z,2013-09-24T11:59:20Z,,,,,,,,CALCULATED
2013-09-24T06:00:00Z,2013-09-24T12:09:20Z,,,,,,,,CALCULATED
2013-09-24T06:10:00Z,2013-09-24T12:19:20Z,,RANGE_WARN,,,,,,CALCULATED
2013-09-24T06:20:00Z,2013-09-24T12:29:20Z,,RANGE_WARN,,,,,,CALCULATED
2013-09-24T06:30:00Z,2013-09-24T12:39:20Z,,RANGE_WARN,,,,,,CALCULATED
2013-09-24T06:40:00Z,2013-09-24T12:49:20Z,,RANGE_WARN,,,,,,CALCULATED
2013-09-24T06:50:00Z,2013-09-24T12:59:20Z,,RANGE_WARN,,,,,,CALCULATED
2013-09-24T07:00:00Z,2013-09-24T13:09:20Z,,RANGE_WARN,,,,,,CALCULATED
2013-09-24T07:10:00Z,2013-09-24T13:19:20Z,,RANGE_WARN,,,,,,CALCULATED
2013-09-24T07:20:00Z,2013-09-24T13:29:20Z,,,,,,,,CALCULATED
2013-09-24T07:30:00Z,2013-09-24T13:39:20Z,,RANGE_WARN,,,,,,CALCULATED
2013-09-24T07:40:00Z,2013-09-24T13:49:20Z,,,,,,,,CALCULATED
2013-09-24T07:50:00Z,2013-09-24T13:59:20Z,,RANGE_WARN,,,,,,CALCULATED
2013-09-24T08:00:00Z,2013-09-24T14:09:20Z,,,,,,,,CALCULATED
2013-09-24T08:10:00Z,2013-09-24T14:19:20Z,,,,,,,,CALCULATED
2013-09-24T08:20:00Z,2013-09-24T14:29:20Z,,RANGE_WARN,,,,,,CALCULATED
2013-09-24T08:30:00Z,2013-09-24T14:39:20Z,,,,,,,,CALCULATED
2013-09-24T08:40:00Z,2013-09-24T14:49:20Z,,RANGE_WARN,,,,,,CALCULATED
2013-09-24T08:50:00Z,2013-09-24T14:59:20Z,,RANGE_WARN,,,,,,CALCULATED
2013-09-24T09:00:00Z,2013-09-24T15:09:20Z,,,,,,,,CALCULATED
2013-09-24T09:10:00Z,2013-09-24T15:19:20Z,,,,,,,,CALCULATED
2013-09-24T09:20:00Z,2013-09-24T15:29:20Z,,,,,,,,CALCULATED
2013-09-24T09:30:00Z,2013-09-24T15:39:20Z,,,,,,,,CALCULATED
2013-09-24T09:40:00Z,2013-09-24T15:49:20Z,,,,,,,,CALCULATED
2013-09-24T09:50:00Z,2013-09-24T15:59:20Z,,,,,,,,CALCULATED
2013-09-24T10:00:00Z,2013-09-24T16:09:20Z,,,,,,,,CALCULATED
2013-09-24T10:10:00Z,2013-09-24T16:19:20Z,,,,,,,,CALCULATED
2013-09-24T10:20:00Z,2013-09-24T16:29:20Z,,,,,,,,CALCULATED
2013-09-24T10:30:00Z,2013-09-24T16:39:20Z,,,,,,,,CALCULATED
2013-09-24T10:40:00Z,2013-09-24T16:49:20Z,,,,,,,,CALCULATED
2013-09-24T10:50:00Z,2013-09-24T16:59:20Z,,,,,,,,CALCULATED
2013-09-24T11:00:00Z,2013-09-24T17:09:20Z,,,,,,OUT_WARN,,CALCULATED
2013-09-24T11:10:00Z,2013-09-24T17:19:20Z,,,,,,,,CALCULATED
2013-09-24T11:20:00Z,2013-09-24T17:29:20Z,,,,,,,,CALCULATED
2013-09-24T11:30:00Z,2013-09-24T17:39:20Z,,,,,,,,CALCULATED
2013-09-24T11:40:00Z,2013-09-24T17:49:20Z,,,,,,,,CALCULATED
2013-09-24T11:50:00Z,2013-09-24T17:59:20Z,,,,,,,,CALCULATED
2013-09-24T12:00:00Z,2013-09-24T18:09:20Z,,,,,,,,CALCULATED
2013-09-24T12:10:00Z,2013-09-24T18:19:20Z,,,,,,,,CALCULATED
2013-09-24T12:20:00Z,2013-09-24T18:29:20Z,,,,,,,,CALCULATED
2013-09-24T12:30:00Z,2013-09-24T18:39:20Z,,,,,,,,CALCULATED
2013-09-24T12:40:00Z,2013-09-24T18:49:20Z,,,,,,,,CALCULATED
2013-09-24T12:50:00Z,2013-09-24T18:59:20Z,,,,,,,,CALCULATED
2013-09-24T13:00:00Z,2013-09-24T19:09:20Z,,,,,,,,CALCULATED
2013-09-24T13:10:00Z,2013-09-24T19:19:20Z,,,,,,,,CALCULATED
2013-09-24T13:20:00Z,2013-09-24T19:29:20Z,,,,,,,,CALCULATED
2013-09-24T13:30:00Z,2013-09-24T19:39:20Z,,,,,,,,CALCULATED
2013-09-24T13:40:00Z,2013-09-24T19:49:20Z,,,,,,,,CALCULATED
2013-09-24T13:50:00Z,2013-09-24T19:59:20Z,,,,,,,,CALCULATED
2013-09-24T14:00:00Z,2013-09-24T20:09:20Z,,,,,,,,CALCULATED
2013-09-24T14:10:00Z,2013-09-24T20:19:20Z,,,,,,,,CALCULATED
2013-09-24T14:20:00Z,2013-09-24T20:29:20Z,,,,,,,,CALCULATED
2013-09-24T14:30:00Z,2013-09-24T20:39:20Z,,,,,,,,CALCULATED
2013-09-24T14:40:00Z,2013-09-24T20:49:20Z,,,,,,,,CALCULATED
2013-09-24T14:50:00Z,2013-09-24T20:59:20Z,,,,,,,,CALCULATED
2013-09-24T15:00:00Z,2013-09-24T21:09:20Z,,,,,,,,CALCULATED
2013-09-24T15:10:00Z,2013-09-24T21:19:20Z,,,,,,,,CALCULATED
2013-09-24T15:20:00Z,2013-09-24T21:29:20Z,,,,,,,,CALCULATED
2013-09-24T15:30:00Z,2013-09-24T21:39:20Z,,,,,,,,CALCULATED
2013-09-24T15:40:00Z,2013-09-24T21:49:20Z,,,,,,,,CALCULATED
2013-09-24T15:50:00Z,2013-09-24T21:59:20Z,,,,,,,,CALCULATED
2013-09-24T16:00:00Z,2013-09-24T22:09:20Z,,,,,,,,CALCULATED
2013-09-24T16:10:00Z,2013-09-24T22:19:20Z,,,,,,,,CALCULATED
2013-09-24T16:20:00Z,2013-09-24T22:29:20Z,,,,,,,,CALCULATED
2013-09-24T16:30:00Z,2013-09-24T22:39:20Z,,,,,,,,CALCULATED
2013-09-24T16:40:00Z,2013-09-24T22:49:20Z,,,,,,,,CALCULATED
2013-09-24T16:50:00Z,2013-09-24T22:59:20Z,,,,,,,,CALCULATED
2013-09-24T17:00:00Z,2013-09-24T23:09:20Z,,,,,,,,CALCULATED
2013-09-24T17:10:00Z,2013-09-24T23:19:20Z,,,,,,,,CALCULATED
2013-09-24T17:20:00Z,2013-09-24T23:29:20Z,,,,,,,,CALCULATED
2013-09-24T17:30:00Z,2013-09-24T23:39:20Z,,,,,,,,CALCULATED
2013-09-24T17:40:00Z,2013-09-24T23:49:20Z,,,,,,,,CALCULATED
2013-09-24T17:50:00Z,2013-09-24T23:59:20Z,,,,,,,,CALCULATED
2013-09-24T18:00:00Z,2013-09-25T00:09:20Z,,,,,,,,CALCULATED
2013-09-24T18:10:00Z,2013-09-25T00:19:40Z,,,,,,,,CALCULATED
2013-09-24T18:20:00Z,2013-09-25T00:29:40Z,,,,,,,,CALCULATED
2013-09-24T18:30:00Z,2013-09-25T00:39:40Z,,,,,,,,CALCULATED
2013-09-24T18:40:00Z,2013-09-25T00:49:40Z,,,,,,,,CALCULATED
2013-09-24T18:50:00Z,2013-09-25T00:59:40Z,,,,,,,,CALCULATED
2013-09-24T19:00:00Z,2013-09-25T01:09:40Z,,,,,,,,CALCULATED
2013-09-24T19:10:00Z,2013-09-25T01:19:40Z,,,,,,,,CALCULATED
2013-09-24T19:20:00Z,2013-09-25T01:29:40Z,,,,,,,,CALCULATED
2013-09-24T19:30:00Z,2013-09-25T01:39:40Z,,,,,,,,CALCULATED
2013-09-24T19:40:00Z,2013-09-25T01:49:40Z,,,,,,,,CALCULATED
2013-09-24T19:50:00Z,2013-09-25T01:59:40Z,,,,,,,,CALCULATED
2013-09-24T20:00:00Z,2013-09-25T02:09:40Z,,,,,,,,CALCULATED
2013-09-24T20:10:00Z,2013-09-25T02:19:40Z,,,,,,,,CALCULATED
2013-09-24T20:20:00Z,2013-09-25T02:29:40Z,,,,,,,,CALCULATED
2013-09-24T20:30:00Z,2013-09-25T02:39:40Z,,,,,,,,CALCULATED
2013-09-24T20:40:00Z,2013-09-25T02:49:40Z,,,,,,,,CALCULATED
2013-09-24T20:50:00Z,2013-09-25T02:59:40Z,,,,,,,,CALCULATED
2013-09-24T21:00:00Z,2013-09-25T03:09:40Z,,,,,,,,CALCULATED
2013-09-24T21:10:00Z,2013-09-25T03:19:40Z,,,,,,,,CALCULATED
2013-09-24T21:20:00Z,2013-09-25T03:29:40Z,,,,,,,,CALCULATED
2013-09-24T21:30:00Z,2013-09-25T03:39:40Z,,,,,,,,CALCULATED
2013-09-24T21:40:00Z,2013-09-25T03:49:40Z,,,,,,,,CALCULATED
2013-09-24T21:50:00Z,2013-09-25T03:59:40Z,,,,,,,,CALCULATED
2013-09-24T22:00:00Z,2013-09-25T04:09:40Z,,,,,,,,CALCULATED
2013-09-24T22:10:00Z,2013-09-25T04:19:40Z,,,,,,,,CALCULATED
2013-09-24T22:20:00Z,2013-09-25T04:29:40Z,,,,,,,,CALCULATED
2013-09-24T22:30:00Z,2013-09-25T04:39:40Z,,,,,,,,CALCULATED
2013-09-24T22:40:00Z,2013-09-25T04:49:40Z,,,,,,,,CALCULATED
2013-09-24T22:50:00Z,2013-09-25T04:59:40Z,,,,,,,,CALCULATED
2013-09-24T23:00:00Z,2013-09-25T05:09:40Z,,,,,,,,CALCULATED
2013-09-24T23:10:00Z,2013-09-25T05:19:40Z,,,,,,,,CALCULATED
2013-09-24T23:20:00Z,2013-09-25T05:29:40Z,,,,,,,,CALCULATED
2013-09-24T23:30:00Z,2013-09-25T05:39:40Z,,,,,,,,CALCULATED
2013-09-24T23:40:00Z,2013-09-25T05:49:40Z,,,,,,,,CALCULATED
2013-09-24T23:50:00Z,2013-09-25T05:59:40Z,,,,,,,,CALCULATED
2013-09-25T00:00:00Z,2013-09-25T06:09:40Z,,,,,,,,CALCULATED
2013-09-25T00:10:00Z,2013-09-25T06:19:40Z,,,,,,,,CALCULATED
2013-09-25T00:20:00Z,2013-09-25T06:29:40Z,,,,,,,,CALCULATED
2013-09-25T00:30:00Z,2013-09-25T06:39:40Z,,,,,,,,CALCULATED
2013-09-25T00:40:00Z,2013-09-25T06:49:40Z,,,,,,,,CALCULATED
2013-09-25T00:50:00Z,2013-09-25T06:59:40Z,,,,,,,,CALCULATED
2013-09-25T01:00:00Z,2013-09-25T07:09:40Z,,,,,,,,CALCULATED
2013-09-25T01:10:00Z,2013-09-25T07:19:40Z,,,,,,,,CALCULATED
2013-09-25T01:20:00Z,2013-09-25T07:29:40Z,,,,,,,,CALCULATED
2013-09-25T01:30:00Z,2013-09-25T07:39:40Z,,,,,,,,CALCULATED
2013-09-25T01:40:00Z,2013-09-25T07:49:40Z,,,,,,,,CALCULATED
2013-09-25T01:50:00Z,2013-09-25T07:59:40Z,,,,,,,,CALCULATED
2013-09-25T02:00:00Z,2013-09-25T08:09:40Z,,,,,,,,CALCULATED
2013-09-25T02:10:00Z,2013-09-25T08:19:40Z,,,,,,,,CALCULATED
2013-09-25T02:20:00Z,2013-09-25T08:29:40Z,,,,,,,,CALCULATED
2013-09-25T02:30:00Z,2013-09-25T08:39:40Z,,,,,,,,CALCULATED
2013-09-25T02:40:00Z,2013-09-25T08:49:40Z,,,,,,,,CALCULATED
2013-09-25T02:50:00Z,2013-09-25T08:59:40Z,,,,,,,,CALCULATED
2013-09-25T03:00:00Z,2013-09-25T09:09:40Z,,,,,,,,CALCULATED
2013-09-25T03:10:00Z,2013-09-25T09:19:40Z,,,,,,,,CALCULATED
2013-09-25T03:20:00Z,2013-09-25T09:29:40Z,,,,,,,,CALCULATED
2013-09-25T03:30:00Z,2013-09-25T09:39:40Z,,,,,,,,CALCULATED
2013-09-25T03:40:00Z,2013-09-25T09:49:40Z,,,,,,,,CALCULATED
2013-09-25T03:50:00Z,2013-09-25T09:59:40Z,,,,,,,,CALCULATED
2013-09-25T04:00:00Z,2013-09-25T10:09:40Z,,,,,,,,CALCULATED
2013-09-25T04:10:00Z,2013-09-25T10:19:40Z,,,,,,,,CALCULATED
2013-09-25T04:20:00Z,2013-09-25T10:29:40Z,,,,,,,,CALCULATED
2013-09-25T04:30:00Z,2013-09-25T10:39:40Z,,,,,,,,CALCULATED
2013-09-25T04:40:00Z,2013-09-25T10:49:40Z,,,,,,,,CALCULATED
2013-09-25T04:50:00Z,2013-09-25T10:59:40Z,,,,,,,,CALCULATED
2013-09-25T05:00:00Z,2013-09-25T11:09:40Z,,,,,,,,CALCULATED
2013-09-25T05:10:00Z,2013-09-25T11:19:40Z,,,,,,,,CALCULATED
2013-09-25T05:20:00Z,2013-09-25T11:29:40Z,,,,,,,,CALCULATED
2013-09-25T05:30:00Z,2013-09-25T11:39:40Z,,RANGE_WARN,,,,,,CALCULATED
2013-09-25T05:40:00Z,2013-09-25T11:49:40Z,,RANGE_WARN,,,,,,CALCULATED
2013-09-25T05:50:00Z,2013-09-25T11:59:40Z,,RANGE_WARN,,,,,,CALCULATED
2013-09-25T06:00:00Z,2013-09-25T12:09:40Z,,RANGE_WARN,,,,,,CALCULATED
2013-09-25T06:10:00Z,2013-09-25T12:19:40Z,,RANGE_WARN,,,,,,CALCULATED
2013-09-25T06:20:00Z,2013-09-25T12:29:40Z,,RANGE_WARN,,,,,,CALCULATED
2013-09-25T06:30:00Z,2013-09-25T12:39:40Z,,RANGE_WARN,,,,,,CALCULATED
2013-09-25T06:40:00Z,2013-09-25T12:49:40Z,,RANGE_WARN,,,,,,CALCULATED
2013-09-25T06:50:00Z,2013-09-25T12:59:40Z,,RANGE_WARN,,,,,,CALCULATED
2013-09-25T07:00:00Z,2013-09-25T13:09:40Z,,RANGE_WARN,,,,,,CALCULATED
2013-09-25T07:10:00Z,2013-09-25T13:19:40Z,,RANGE_WARN,,,,,,CALCULATED
2013-09-25T07:20:00Z,2013-09-25T13:29:40Z,,RANGE_WARN,,,,,,CALCULATED
2013-09-25T07:30:00Z,2013-09-25T13:39:40Z,,RANGE_WARN,,,,,,CALCULATED
2013-09-25T07:40:00Z,2013-09-25T13:49:40Z,,RANGE_WARN,,,,,,CALCULATED
2013-09-25T07:50:00Z,2013-09-25T13:59:40Z,,RANGE_WARN,,,,,,CALCULATED
2013-09-25T08:00:00Z,2013-09-25T14:09:40Z,,RANGE_WARN,,,,,,CALCULATED
2013-09-25T08:10:00Z,2013-09-25T14:19:40Z,,RANGE_WARN,,,,,,CALCULATED
2013-09-25T08:20:00Z,2013-09-25T14:29:40Z,,RANGE_WARN,,,,,,CALCULATED
2013-09-25T08:30:00Z,2013-09-25T14:39:40Z,,RANGE_WARN,,,,,,CALCULATED
2013-09-25T08:40:00Z,2013-09-25T14:49:40Z,,RANGE_WARN,,,,,,CALCULATED
2013-09-25T08:50:00Z,2013-09-25T14:59:40Z,,RANGE_WARN,,,,,,CALCULATED
2013-09-25T09:00:00Z,2013-09-25T15:09:40Z,,RANGE_WARN,,,,,,CALCULATED
2013-09-25T09:10:00Z,2013-09-25T15:19:40Z,,RANGE_WARN,,,,,,CALCULATED
2013-09-25T09:20:00Z,2013-09-25T15:29:40Z,,,,,,,,CALCULATED
2013-09-25T09:30:00Z,2013-09-25T15:39:40Z,,,,,,,,CALCULATED
2013-09-25T09:40:00Z,2013-09-25T15:49:40Z,,RANGE_WARN,,,,,,CALCULATED
2013-09-25T09:50:00Z,2013-09-25T15:59:40Z,,,,,,,,CALCULATED
2013-09-25T10:00:00Z,2013-09-25T16:09:40Z,,,,,,,,CALCULATED
2013-09-25T10:10:00Z,2013-09-25T16:19:40Z,,,,,,,,CALCULATED
2013-09-25T10:20:00Z,2013-09-25T16:29:40Z,,,,,,,,CALCULATED
2013-09-25T10:30:00Z,2013-09-25T16:39:40Z,,,,,,OUT_WARN,,CALCULATED
2013-09-25T10:40:00Z,2013-09-25T16:49:40Z,,,,,,OUT_WARN,,CALCULATED
2013-09-25T10:50:00Z,2013-09-25T16:59:40Z,,,,,,,,CALCULATED
2013-09-25T11:00:00Z,2013-09-25T17:09:40Z,,,,,,,,CALCULATED
2013-09-25T11:10:00Z,2013-09-25T17:19:40Z,,,,,,,,CALCULATED
2013-09-25T11:20:00Z,2013-09-25T17:29:40Z,,,,,,,,CALCULATED
2013-09-25T11:30:00Z,2013-09-25T17:39:40Z,,,,,,,,CALCULATED
2013-09-25T11:40:00Z,2013-09-25T17:49:40Z,,,,,,,,CALCULATED
2013-09-25T11:50:00Z,2013-09-25T17:59:40Z,,,,,,,,CALCULATED
2013-09-25T12:00:00Z,2013-09-25T18:09:40Z,,,,,,,,CALCULATED
2013-09-25T12:10:00Z,2013-09-25T18:19:40Z,,,,,,,,CALCULATED
2013-09-25T12:20:00Z,2013-09-25T18:29:40Z,,,,,,,,CALCULATED
2013-09-25T12:30:00Z,2013-09-25T18:39:40Z,,,,,,,,CALCULATED
2013-09-25T12:40:00Z,2013-09-25T18:49:40Z,,,,,,,,CALCULATED
2013-09-25T12:50:00Z,2013-09-25T18:59:40Z,,,,,,,,CALCULATED
2013-09-25T13:00:00Z,2013-09-25T19:09:40Z,,,,,,,,CALCULATED
2013-09-25T13:10:00Z,2013-09-25T19:19:40Z,,,,,,,,CALCULATED
2013-09-25T13:20:00Z,2013-09-25T19:29:40Z,,,,,,,,CALCULATED
2013-09-25T13:30:00Z,2013-09-25T19:39:40Z,,,,,,,,CALCULATED
2013-09-25T13:40:00Z,2013-09-25T19:49:40Z,,,,,,,,CALCULATED
2013-09-25T13:50:00Z,2013-09-25T19:59:40Z,,,,,,,,CALCULATED
2013-09-25T14:00:00Z,2013-09-25T20:09:40Z,,,,,,,,CALCULATED
2013-09-25T14:10:00Z,2013-09-25T20:19:40Z,,,,,,,,CALCULATED
2013-09-25T14:20:00Z,2013-09-25T20:29:40Z,,,,,,,,CALCULATED
2013-09-25T14:30:00Z,2013-09-25T20:39:40Z,,,,,,,,CALCULATED
2013-09-25T14:40:00Z,2013-09-25T20:49:40Z,,,,,,,,CALCULATED
2013-09-25T14:50:00Z,2013-09-25T20:59:40Z,,,,,,,,CALCULATED
2013-09-25T15:00:00Z,2013-09-25T21:09:40Z,,,,,,,,CALCULATED
2013-09-25T15:10:00Z,2013-09-25T21:19:40Z,,,,,,,,CALCULATED
2013-09-25T15:20:00Z,2013-09-25T21:29:40Z,,,,,,,,CALCULATED
2013-09-25T15:30:00Z,2013-09-25T21:39:40Z,,,,,,,,CALCULATED
2013-09-25T15:40:00Z,2013-09-25T21:49:40Z,,,,,,,,CALCULATED
2013-09-25T15:50:00Z,2013-09-25T21:59:40Z,,,,,,,,CALCULATED
2013-09-25T16:00:00Z,2013-09-25T22:09:40Z,,,,,,,,CALCULATED
2013-09-25T16:10:00Z,2013-09-25T22:19:40Z,,,,,,,,CALCULATED
2013-09-25T16:20:00Z,2013-09-25T22:29:40Z,,,,,,,,CALCULATED
2013-09-25T16:30:00Z,2013-09-25T22:39:40Z,,,,,,,,CALCULATED
2013-09-25T16:40:00Z,2013-09-25T22:49:40Z,,,,,,,,CALCULATED
2013-09-25T16:50:00Z,2013-09-25T22:59:40Z,,,,,,,,CALCULATED
2013-09-25T17:00:00Z,2013-09-25T23:09:40Z,,,,,,,,CALCULATED
2013-09-25T17:10:00Z,2013-09-25T23:19:40Z,,,,,,,,CALCULATED
2013-09-25T17:20:00Z,2013-09-25T23:29:40Z,,,,,,,,CALCULATED
2013-09-25T17:30:00Z,2013-09-25T23:39:40Z,,,,,,,,CALCULATED
2013-09-25T17:40:00Z,2013-09-25T23:49:40Z,,,,,,,,CALCULATED
2013-09-25T17:50:00Z,2013-09-25T23:59:40Z,,,,,,,,CALCULATED
2013-09-25T18:00:00Z,2013-09-26T00:09:40Z,,,,,,,,CALCULATED
2013-09-25T18:10:00Z,2013-09-26T00:20:00Z,,,,,,,,CALCULATED
2013-09-25T18:20:00Z,2013-09-26T00:30:00Z,,,,,,,,CALCULATED
2013-09-25T18:30:00Z,2013-09-26T00:40:00Z,,,,,,,,CALCULATED
2013-09-25T18:40:00Z,2013-09-26T00:50:00Z,,,,,,,,CALCULATED
2013-09-25T18:50:00Z,2013-09-26T01:00:00Z,,,,,,,,CALCULATED
2013-09-25T19:00:00Z,2013-09-26T01:10:00Z,,,,,,,,CALCULATED
2013-09-25T19:10:00Z,2013-09-26T01:20:00Z,,,,,,,,CALCULATED
2013-09-25T19:20:00Z,2013-09-26T01:30:00Z,,,,,,,,CALCULATED
2013-09-25T19:30:00Z,2013-09-26T01:40:00Z,,,,,,,,CALCULATED
2013-09-25T19:40:00Z,2013-09-26T01:50:00Z,,,,,,,,CALCULATED
2013-09-25T19:50:00Z,2013-09-26T02:00:00Z,,,,,,,,CALCULATED
2013-09-25T20:00:00Z,2013-09-26T02:10:00Z,,,,,,,,CALCULATED
2013-09-25T20:10:00Z,2013-09-26T02:20:00Z,,,,,,,,CALCULATED
2013-09-25T20:20:00Z,2013-09-26T02:30:00Z,,,,,,,,CALCULATED
2013-09-25T20:30:00Z,2013-09-26T02:40:00Z,,,,,,,,CALCULATED
2013-09-25T20:40:00Z,2013-09-26T02:50:00Z,,,,,,,,CALCULATED
2013-09-25T20:50:00Z,2013-09-26T03:00:00Z,,,,,,,,CALCULATED
2013-09-25T21:00:00Z,2013-09-26T03:10:00Z,,,,,,,,CALCULATED
2013-09-25T21:10:00Z,2013-09-26T03:20:00Z,,,,,,,,CALCULATED
2013-09-25T21:20:00Z,2013-09-26T03:30:00Z,,,,,,,,CALCULATED
2013-09-25T21:30:00Z,2013-09-26T03:40:00Z,,,,,,,,CALCULATED
2013-09-25T21:40:00Z,2013-09-26T03:50:00Z,,,,,,,,CALCULATED
2013-09-25T21:50:00Z,2013-09-26T04:00:00Z,,,,,,,,CALCULATED
2013-09-25T22:00:00Z,2013-09-26T04:10:00Z,,,,,,,,CALCULATED
2013-09-25T22:10:00Z,2013-09-26T04:20:00Z,,,,,,,,CALCULATED
2013-09-25T22:20:00Z,2013-09-26T04:30:00Z,,,,,,,,CALCULATED
2013-09-25T22:30:00Z,2013-09-26T04:40:00Z,,,,,,,,CALCULATED
2013-09-25T22:40:00Z,2013-09-26T04:50:00Z,,,,,,,,CALCULATED
2013-09-25T22:50:00Z,2013-09-26T05:00:00Z,,,,,,,,CALCULATED
2013-09-25T23:00:00Z,2013-09-26T05:10:00Z,,,,,,,,CALCULATED
2013-09-25T23:10:00Z,2013-09-26T05:20:00Z,,,,,,OUT_WARN,,CALCULATED
2013-09-25T23:20:00Z,2013-09-26T05:30:00Z,,,,,,,,CALCULATED
2013-09-25T23:30:00Z,2013-09-26T05:40:00Z,,,,,,,,CALCULATED
2013-09-25T23:40:00Z,2013-09-26T05:50:00Z,,,,,,,,CALCULATED
2013-09-25T23:50:00Z,2013-09-26T06:00:00Z,,,,,,,,CALCULATED
2013-09-26T00:00:00Z,2013-09-26T06:10:00Z,,,,,,,,CALCULATED
2013-09-26T00:10:00Z,2013-09-26T06:20:00Z,,,,,,,,CALCULATED
2013-09-26T00:20:00Z,2013-09-26T06:30:00Z,,,,,,,,CALCULATED
2013-09-26T00:30:00Z,2013-09-26T06:40:00Z,,,,,,,,CALCULATED
2013-09-26T00:40:00Z,2013-09-26T06:50:00Z,,,,,,,,CALCULATED
2013-09-26T00:50:00Z,2013-09-26T07:00:00Z,,,,,,,,CALCULATED
2013-09-26T01:00:00Z,2013-09-26T07:10:00Z,,,,,,,,CALCULATED
2013-09-26T01:10:00Z,2013-09-26T07:20:00Z,,,,,,,,CALCULATED
2013-09-26T01:20:00Z,2013-09-26T07:30:00Z,,,,,,,,CALCULATED
2013-09-26T01:30:00Z,2013-09-26T07:40:00Z,,,,,,,,CALCULATED
2013-09-26T01:40:00Z,2013-09-26T07:50:00Z,,,,,,,,CALCULATED
2013-09-26T01:50:00Z,2013-09-26T08:00:00Z,,,,,,,,CALCULATED
2013-09-26T02:00:00Z,2013-09-26T08:10:00Z,,,,,,,,CALCULATED
2013-09-26T02:10:00Z,2013-09-26T08:20:00Z,,,,,,,,CALCULATED
2013-09-26T02:20:00Z,2013-09-26T08:30:00Z,,,,,,,,CALCULATED
2013-09-26T02:30:00Z,2013-09-26T08:40:00Z,,,,,,,,CALCULATED
2013-09-26T02:40:00Z,2013-09-26T08:50:00Z,,,,,,,,CALCULATED
2013-09-26T02:50:00Z,2013-09-26T09:00:00Z,,,,,,,,CALCULATED
2013-09-26T03:00:00Z,2013-09-26T09:10:00Z,,,,,,,,CALCULATED
2013-09-26T03:10:00Z,2013-09-26T09:20:00Z,,,,,,,,CALCULATED
2013-09-26T03:20:00Z,2013-09-26T09:30:00Z,,,,,,,,CALCULATED
2013-09-26T03:30:00Z,2013-09-26T09:40:00Z,,,,,,,,CALCULATED
2013-09-26T03:40:00Z,2013-09-26T09:50:00Z,,,,,,,,CALCULATED
2013-09-26T03:50:00Z,2013-09-26T10:00:00Z,,,,,,,,CALCULATED
2013-09-26T04:00:00Z,2013-09-26T10:10:00Z,,,,,,,,CALCULATED
2013-09-26T04:10:00Z,2013-09-26T10:20:00Z,,,,,,,,CALCULATED
2013-09-26T04:20:00Z,2013-09-26T10:30:00Z,,,,,,,,CALCULATED
2013-09-26T04:30:00Z,2013-09-26T10:40:00Z,,,,,,,,CALCULATED
2013-09-26T04:40:00Z,2013-09-26T10:50:00Z,,,,,,,,CALCULATED
2013-09-26T04:50:00Z,2013-09-26T11:00:00Z,,,,,,,,CALCULATED
2013-09-26T05:00:00Z,2013-09-26T11:10:00Z,,,,,,,,CALCULATED
2013-09-26T05:10:00Z,2013-09-26T11:20:00Z,,,,,,,,CALCULATED
2013-09-26T05:20:00Z,2013-09-26T11:30:00Z,,,,,,,,CALCULATED
2013-09-26T05:30:00Z,2013-09-26T11:40:00Z,,,,,,,,CALCULATED
2013-09-26T05:40:00Z,2013-09-26T11:50:00Z,,,,,,,,CALCULATED
2013-09-26T05:50:00Z,2013-09-26T12:00:00Z,,,,,,,,CALCULATED
2013-09-26T06:00:00Z,2013-09-26T12:10:00Z,,,,,,,,CALCULATED
2013-09-26T06:10:00Z,2013-09-26T12:20:00Z,,,,,,,,CALCULATED
2013-09-26T06:20:00Z,2013-09-26T12:30:00Z,,,,,,,,CALCULATED
2013-09-26T06:30:00Z,2013-09-26T12:40:00Z,,,,,,,,CALCULATED
2013-09-26T06:40:00Z,2013-09-26T12:50:00Z,,,,,,,,CALCULATED
2013-09-26T06:50:00Z,2013-09-26T13:00:00Z,,,,,,,,CALCULATED
2013-09-26T07:00:00Z,2013-09-26T13:10:00Z,,,,,,,,CALCULATED
2013-09-26T07:10:00Z,2013-09-26T13:20:00Z,,,,,,,,CALCULATED
2013-09-26T07:20:00Z,2013-09-26T13:30:00Z,,,,,,,,CALCULATED
2013-09-26T07:30:00Z,2013-09-26T13:40:00Z,,,,,,,,CALCULATED
2013-09-26T07:40:00Z,2013-09-26T13:50:00Z,,,,,,,,CALCULATED
2013-09-26T07:50:00Z,2013-09-26T14:00:00Z,,,,,,,,CALCULATED
2013-09-26T08:00:00Z,2013-09-26T14:10:00Z,,,,,,,,CALCULATED
2013-09-26T08:10:00Z,2013-09-26T14:20:00Z,,,,,,,,CALCULATED
2013-09-26T08:20:00Z,2013-09-26T14:30:00Z,,,,,,,,CALCULATED
2013-09-26T08:30:00Z,2013-09-26T14:40:00Z,,,,,,,,CALCULATED
2013-09-26T08:40:00Z,2013-09-26T14:50:00Z,,,,,,,,CALCULATED
2013-09-26T08:50:00Z,2013-09-26T15:00:00Z,,,,,,,,CALCULATED
2013-09-26T09:00:00Z,2013-09-26T15:10:00Z,,,,,,,,CALCULATED
2013-09-26T09:10:00Z,2013-09-26T15:20:00Z,,,,,,,,CALCULATED
2013-09-26T09:20:00Z,2013-09-26T15:30:00Z,,,,,,,,CALCULATED
2013-09-26T09:30:00Z,2013-09-26T15:40:00Z,,,,,,,,CALCULATED
2013-09-26T09:40:00Z,2013-09-26T15:50:00Z,,,,,,,,CALCULATED
2013-09-26T09:50:00Z,2013-09-26T16:00:00Z,,,,,,,,CALCULATED
2013-09-26T10:00:00Z,2013-09-26T16:10:00Z,,,,,,,,CALCULATED
2013-09-26T10:10:00Z,2013-09-26T16:20:00Z,,,,,,,,CALCULATED
2013-09-26T10:20:00Z,2013-09-26T16:30:00Z,,,,,,,,CALCULATED
2013-09-26T10:30:00Z,2013-09-26T16:40:00Z,,,,,,,,CALCULATED
2013-09-26T10:40:00Z,2013-09-26T16:50:00Z,,,,,,,,CALCULATED
2013-09-26T10:50:00Z,2013-09-26T17:00:00Z,,,,,,,,CALCULATED
2013-09-26T11:00:00Z,2013-09-26T17:10:00Z,,,,,,,,CALCULATED
2013-09-26T11:10:00Z,2013-09-26T17:20:00Z,,,,,,,,CALCULATED
2013-09-26T11:20:00Z,2013-09-26T17:30:00Z,,,,,,,,CALCULATED
2013-09-26T11:30:00Z,2013-09-26T17:40:00Z,,,,,,,,CALCULATED
2013-09-26T11:40:00Z,2013-09-26T17:50:00Z,,,,,,,,CALCULATED
2013-09-26T11:50:00Z,2013-09-26T18:00:00Z,,,,,,,,CALCULATED
2013-09-26T12:00:00Z,2013-09-26T18:10:00Z,,,,,,,,CALCULATED
2013-09-26T12:10:00Z,2013-09-26T18:20:00Z,,,,,,,,CALCULATED
2013-09-26T12:20:00Z,2013-09-26T18:30:00Z,,,,,,,,CALCULATED
2013-09-26T12:30:00Z,2013-09-26T18:40:00Z,,,,,,,,CALCULATED
2013-09-26T12:40:00Z,2013-09-26T18:50:00Z,,,,,,,,CALCULATED
2013-09-26T12:50:00Z,2013-09-26T19:00:00Z,,,,,,,,CALCULATED
2013-09-26T13:00:00Z,2013-09-26T19:10:00Z,,,,,,,,CALCULATED
2013-09-26T13:10:00Z,2013-09-26T19:20:00Z,,,,,,,,CALCULATED
2013-09-26T13:20:00Z,2013-09-26T19:30:00Z,,,,,,,,CALCULATED
2013-09-26T13:30:00Z,2013-09-26T19:40:00Z,,,,,,,,CALCULATED
2013-09-26T13:40:00Z,2013-09-26T19:50:00Z,,,,,,,,CALCULATED
2013-09-26T13:50:00Z,2013-09-26T20:00:00Z,,,,,,,,CALCULATED
2013-09-26T14:00:00Z,2013-09-26T20:10:00Z,,,,,,,,CALCULATED
2013-09-26T14:10:00Z,2013-09-26T20:20:00Z,,,,,,,,CALCULATED
2013-09-26T14:20:00Z,2013-09-26T20:30:00Z,,,,,,,,CALCULATED
2013-09-26T14:30:00Z,2013-09-26T20:40:00Z,,,,,,,,CALCULATED
2013-09-26T14:40:00Z,2013-09-26T20:50:00Z,,,,,,,,CALCULATED
2013-09-26T14:50:00Z,2013-09-26T21:00:00Z,,,,,,,,CALCULATED
2013-09-26T15:00:00Z,2013-09-26T21:10:00Z,,,,,,,,CALCULATED
2013-09-26T15:10:00Z,2013-09-26T21:20:00Z,,,,,,,,CALCULATED
2013-09-26T15:20:00Z,2013-09-26T21:30:00Z,,,,,,,,CALCULATED
2013-09-26T15:30:00Z,2013-09-26T21:40:00Z,,,,,,,,CALCULATED
2013-09-26T15:40:00Z,2013-09-26T21:50:00Z,,,,,,,,CALCULATED
2013-09-26T15:50:00Z,2013-09-26T22:00:00Z,,,,,,,,CALCULATED
2013-09-26T16:00:00Z,2013-09-26T22:10:00Z,,,,,,,,CALCULATED
2013-09-26T16:10:00Z,2013-09-26T22:20:00Z,,,,,,,,CALCULATED
2013-09-26T16:20:00Z,2013-09-26T22:30:00Z,,,,,,,,CALCULATED
2013-09-26T16:30:00Z,2013-09-26T22:40:00Z,,,,,,,,CALCULATED
2013-09-26T16:40:00Z,2013-09-26T22:50:00Z,,,,,,,,CALCULATED
2013-09-26T16:50:00Z,2013-09-26T23:00:00Z,,,,,,,,CALCULATED
2013-09-26T17:00:00Z,2013-09-26T23:10:00Z,,,,,,,,CALCULATED
2013-09-26T17:10:00Z,2013-09-26T23:20:00Z,,,,,,,,CALCULATED
2013-09-26T17:20:00Z,2013-09-26T23:30:00Z,,,,,,,,CALCULATED
2013-09-26T17:30:00Z,2013-09-26T23:40:00Z,,,,,,,,CALCULATED
2013-09-26T17:40:00Z,2013-09-26T23:50:00Z,,,,,,,,CALCULATED
2013-09-26T17:50:00Z,2013-09-27T00:00:00Z,,,,,,,,CALCULATED
2013-09-26T18:00:00Z,2013-09-27T00:10:00Z,,,,,,,,CALCULATED
2013-09-26T18:10:00Z,2013-09-27T00:20:19Z,,,,,,,,CALCULATED
2013-09-26T18:20:00Z,2013-09-27T00:30:19Z,,,,,,,,CALCULATED
2013-09-26T18:30:00Z,2013-09-27T00:40:19Z,,,,,,,,CALCULATED
2013-09-26T18:40:00Z,2013-09-27T00:50:19Z,,,,,,,,CALCULATED
2013-09-26T18:50:00Z,2013-09-27T01:00:19Z,,,,,,,,CALCULATED
2013-09-26T19:00:00Z,2013-09-27T01:10:19Z,,,,,,,,CALCULATED
2013-09-26T19:10:00Z,2013-09-27T01:20:19Z,,,,,,,,CALCULATED
2013-09-26T19:20:00Z,2013-09-27T01:30:19Z,,,,,,,,CALCULATED
2013-09-26T19:30:00Z,2013-09-27T01:40:19Z,,,,,,,,CALCULATED
2013-09-26T19:40:00Z,2013-09-27T01:50:19Z,,,,,,,,CALCULATED
2013-09-26T19:50:00Z,2013-09-27T02:00:19Z,,,,,,,,CALCULATED
2013-09-26T20:00:00Z,2013-09-27T02:10:19Z,,,,,,,,CALCULATED
2013-09-26T20:10:00Z,2013-09-27T02:20:19Z,,,,,,,,CALCULATED
2013-09-26T20:20:00Z,2013-09-27T02:30:19Z,,,,,,,,CALCULATED
2013-09-26T20:30:00Z,2013-09-27T02:40:19Z,,,,,,,,CALCULATED
2013-09-26T20:40:00Z,2013-09-27T02:50:19Z,,,,,,,,CALCULATED
2013-09-26T20:50:00Z,2013-09-27T03:00:19Z,,,,,,,,CALCULATED
2013-09-26T21:00:00Z,2013-09-27T03:10:19Z,,,,,,,,CALCULATED
2013-09-26T21:10:00Z,2013-09-27T03:20:19Z,,,,,,,,CALCULATED
2013-09-26T21:20:00Z,2013-09-27T03:30:19Z,,,,,,,,CALCULATED
2013-09-26T21:30:00Z,2013-09-27T03:40:19Z,,,,,,,,CALCULATED
2013-09-26T21:40:00Z,2013-09-27T03:50:19Z,,,,,,,,CALCULATED
2013-09-26T21:50:00Z,2013-09-27T04:00:19Z,,,,,,,,CALCULATED
2013-09-26T22:00:00Z,2013-09-27T04:10:19Z,,,,,,,,CALCULATED
2013-09-26T22:10:00Z,2013-09-27T04:20:19Z,,,,,,,,CALCULATED
2013-09-26T22:20:00Z,2013-09-27T04:30:19Z,,,,,,,,CALCULATED
2013-09-26T22:30:00Z,2013-09-27T04:40:19Z,,,,,,,,CALCULATED
2013-09-26T22:40:00Z,2013-09-27T04:50:19Z,,,,,,,,CALCULATED
2013-09-26T22:50:00Z,2013-09-27T05:00:19Z,,,,,,,,CALCULATED
2013-09-26T23:00:00Z,2013-09-27T05:10:19Z,,,,,,,,CALCULATED
2013-09-26T23:10:00Z,2013-09-27T05:20:19Z,,,,,,,,CALCULATED
2013-09-26T23:20:00Z,2013-09-27T05:30:19Z,,,,,,,,CALCULATED
2013-09-26T23:30:00Z,2013-09-27T05:40:19Z,,,,,,,,CALCULATED
2013-09-26T23:40:00Z,2013-09-27T05:50:19Z,,,,,,,,CALCULATED
2013-09-26T23:50:00Z,2013-09-27T06:00:19Z,,,,,,,,CALCULATED
2013-09-27T00:00:00Z,2013-09-27T06:10:19Z,,,,,,,,CALCULATED
2013-09-27T00:10:00Z,2013-09-27T06:20:19Z,,,,,,,,CALCULATED
2013-09-27T00:20:00Z,2013-09-27T06:30:19Z,,,,,,,,CALCULATED
2013-09-27T00:30:00Z,2013-09-27T06:40:19Z,,,,,,,,CALCULATED
2013-09-27T00:40:00Z,2013-09-27T06:50:19Z,,,,,,,,CALCULATED
2013-09-27T00:50:00Z,2013-09-27T07:00:19Z,,,,,,,,CALCULATED
2013-09-27T01:00:00Z,2013-09-27T07:10:19Z,,,,,,,,CALCULATED
2013-09-27T01:10:00Z,2013-09-27T07:20:19Z,,,,,,,,CALCULATED
2013-09-27T01:20:00Z,2013-09-27T07:30:19Z,,,,,,,,CALCULATED
2013-09-27T01:30:00Z,2013-09-27T07:40:19Z,,,,,,,,CALCULATED
2013-09-27T01:40:00Z,2013-09-27T07:50:19Z,,,,,,,,CALCULATED
2013-09-27T01:50:00Z,2013-09-27T08:00:19Z,,,,,,,,CALCULATED
2013-09-27T02:00:00Z,2013-09-27T08:10:19Z,,,,,,,,CALCULATED
2013-09-27T02:10:00Z,2013-09-27T08:20:19Z,,,,,,,,CALCULATED
2013-09-27T02:20:00Z,2013-09-27T08:30:19Z,,,,,,,,CALCULATED
2013-09-27T02:30:00Z,2013-09-27T08:40:19Z,,,,,,,,CALCULATED
2013-09-27T02:40:00Z,2013-09-27T08:50:19Z,,,,,,,,CALCULATED
2013-09-27T02:50:00Z,2013-09-27T09:00:19Z,,,,,,,,CALCULATED
2013-09-27T03:00:00Z,2013-09-27T09:10:19Z,,,,,,,,CALCULATED
2013-09-27T03:10:00Z,2013-09-27T09:20:19Z,,,,,,,,CALCULATED
2013-09-27T03:20:00Z,2013-09-27T09:30:19Z,,,,,,,,CALCULATED
2013-09-27T03:30:00Z,2013-09-27T09:40:19Z,,,,,,,,CALCULATED
2013-09-27T03:40:00Z,2013-09-27T09:50:19Z,,,,,,,,CALCULATED
2013-09-27T03:50:00Z,2013-09-27T10:00:19Z,,,,,,,,CALCULATED
2013-09-27T04:00:00Z,2013-09-27T10:10:19Z,,,,,,,,CALCULATED
2013-09-27T04:10:00Z,2013-09-27T10:20:19Z,,,,,,,,CALCULATED
2013-09-27T04:20:00Z,2013-09-27T10:30:19Z,,,,,,,,CALCULATED
2013-09-27T04:30:00Z,2013-09-27T10:40:19Z,,,,,,,,CALCULATED
2013-09-27T04:40:00Z,2013-09-27T10:50:19Z,,,,,,,,CALCULATED
2013-09-27T04:50:00Z,2013-09-27T11:00:19Z,,,,,,,,CALCULATED
2013-09-27T05:00:00Z,2013-09-27T11:10:19Z,,,,,,,,CALCULATED
2013-09-27T05:10:00Z,2013-09-27T11:20:19Z,,,,,,,,CALCULATED
2013-09-27T05:20:00Z,2013-09-27T11:30:19Z,,,,,,,,CALCULATED
2013-09-27T05:30:00Z,2013-09-27T11:40:19Z,,,,,,,,CALCULATED
2013-09-27T05:40:00Z,2013-09-27T11:50:19Z,,,,,,,,CALCULATED
2013-09-27T05:50:00Z,2013-09-27T12:00:19Z,,,,,,,,CALCULATED
2013-09-27T06:00:00Z,2013-09-27T12:10:19Z,,,,,,,,CALCULATED
2013-09-27T06:10:00Z,2013-09-27T12:20:19Z,,,,,,,,CALCULATED
2013-09-27T06:20:00Z,2013-09-27T12:30:19Z,,,,,,,,CALCULATED
2013-09-27T06:30:00Z,2013-09-27T12:40:19Z,,,,,,,,CALCULATED
2013-09-27T06:40:00Z,2013-09-27T12:50:19Z,,,,,,,,CALCULATED
2013-09-27T06:50:00Z,2013-09-27T13:00:19Z,,,,,,,,CALCULATED
2013-09-27T07:00:00Z,2013-09-27T13:10:19Z,,,,,,,,CALCULATED
2013-09-27T07:10:00Z,2013-09-27T13:20:19Z,,,,,,,,CALCULATED
2013-09-27T07:20:00Z,2013-09-27T13:30:19Z,,,,,,,,CALCULATED
2013-09-27T07:30:00Z,2013-09-27T13:40:19Z,,,,,,,,CALCULATED
2013-09-27T07:40:00Z,2013-09-27T13:50:19Z,,,,,,,,CALCULATED
2013-09-27T07:50:00Z,2013-09-27T14:00:19Z,,,,,,,,CALCULATED
2013-09-27T08:00:00Z,2013-09-27T14:10:19Z,,,,,,,,CALCULATED
2013-09-27T08:10:00Z,2013-09-27T14:20:19Z,,,,,,,,CALCULATED
2013-09-27T08:20:00Z,2013-09-27T14:30:19Z,,,,,,,,CALCULATED
2013-09-27T08:30:00Z,2013-09-27T14:40:19Z,,,,,,,,CALCULATED
2013-09-27T08:40:00Z,2013-09-27T14:50:19Z,,,,,,,,CALCULATED
2013-09-27T08:50:00Z,2013-09-27T15:00:19Z,,,,,,,,CALCULATED
2013-09-27T09:00:00Z,2013-09-27T15:10:19Z,,,,,,,,CALCULATED
2013-09-27T09:10:00Z,2013-09-27T15:20:19Z,,,,,,,,CALCULATED
2013-09-27T09:20:00Z,2013-09-27T15:30:19Z,,,,,,,,CALCULATED
2013-09-27T09:30:00Z,2013-09-27T15:40:19Z,,,,,,,,CALCULATED
2013-09-27T09:40:00Z,2013-09-27T15:50:19Z,,,,,,,,CALCULATED
2013-09-27T09:50:00Z,2013-09-27T16:00:19Z,,,,,,,,CALCULATED
2013-09-27T10:00:00Z,2013-09-27T16:10:19Z,,,,,,,,CALCULATED
2013-09-27T10:10:00Z,2013-09-27T16:20:19Z,,,,,,,,CALCULATED
2013-09-27T10:20:00Z,2013-09-27T16:30:19Z,,,,,,,,CALCULATED
2013-09-27T10:30:00Z,2013-09-27T16:40:19Z,,,,,,,,CALCULATED
2013-09-27T10:40:00Z,2013-09-27T16:50:19Z,,,,,,,,CALCULATED
2013-09-27T10:50:00Z,2013-09-27T17:00:19Z,,,,,,,,CALCULATED
2013-09-27T11:00:00Z,2013-09-27T17:10:19Z,,,,,,,,CALCULATED
2013-09-27T11:10:00Z,2013-09-27T17:20:19Z,,,,,,,,CALCULATED
2013-09-27T11:20:00Z,2013-09-27T17:30:19Z,,,,,,,,CALCULATED
2013-09-27T11:30:00Z,2013-09-27T17:40:19Z,,,,,,,,CALCULATED
2013-09-27T11:40:00Z,2013-09-27T17:50:19Z,,,,,,,,CALCULATED
2013-09-27T11:50:00Z,2013-09-27T18:00:19Z,,,,,,,,CALCULATED
2013-09-27T12:00:00Z,2013-09-27T18:10:19Z,,,,,,,,CALCULATED
2013-09-27T12:10:00Z,2013-09-27T18:20:19Z,,,,,,,,CALCULATED
2013-09-27T12:20:00Z,2013-09-27T18:30:19Z,,,,,,,,CALCULATED
2013-09-27T12:30:00Z,2013-09-27T18:40:19Z,,,,,,,,CALCULATED
2013-09-27T12:40:00Z,2013-09-27T18:50:19Z,,,,,,,,CALCULATED
2013-09-27T12:50:00Z,2013-09-27T19:00:19Z,,,,,,,,CALCULATED
2013-09-27T13:00:00Z,2013-09-27T19:10:19Z,,,,,,,,CALCULATED
2013-09-27T13:10:00Z,2013-09-27T19:20:19Z,,,,,,,,CALCULATED
2013-09-27T13:20:00Z,2013-09-27T19:30:19Z,,,,,,,,CALCULATED
2013-09-27T13:30:00Z,2013-09-27T19:40:19Z,,,,,,,,CALCULATED
2013-09-27T13:40:00Z,2013-09-27T19:50:19Z,,,,,,,,CALCULATED
2013-09-27T13:50:00Z,2013-09-27T20:00:19Z,,,,,,,,CALCULATED
2013-09-27T14:00:00Z,2013-09-27T20:10:19Z,,,,,,,,CALCULATED
2013-09-27T14:10:00Z,2013-09-27T20:20:19Z,,,,,,,,CALCULATED
2013-09-27T14:20:00Z,2013-09-27T20:30:19Z,,,,,,,,CALCULATED
2013-09-27T14:30:00Z,2013-09-27T20:40:19Z,,,,,,,,CALCULATED
2013-09-27T14:40:00Z,2013-09-27T20:50:19Z,,,,,,,,CALCULATED
2013-09-27T14:50:00Z,2013-09-27T21:00:19Z,,,,,,,,CALCULATED
2013-09-27T15:00:00Z,2013-09-27T21:10:19Z,,,,,,,,CALCULATED
2013-09-27T15:10:00Z,2013-09-27T21:20:19Z,,,,,,,,CALCULATED
2013-09-27T15:20:00Z,2013-09-27T21:30:19Z,,,,,,,,CALCULATED
2013-09-27T15:30:00Z,2013-09-27T21:40:19Z,,,,,,,,CALCULATED
2013-09-27T15:40:00Z,2013-09-27T21:50:19Z,,,,,,,,CALCULATED
2013-09-27T15:50:00Z,2013-09-27T22:00:19Z,,,,,,,,CALCULATED
2013-09-27T16:00:00Z,2013-09-27T22:10:19Z,,,,,,,,CALCULATED
2013-09-27T16:10:00Z,2013-09-27T22:20:19Z,,,,,,,,CALCULATED
2013-09-27T16:20:00Z,2013-09-27T22:30:19Z,,,,,,,,CALCULATED
2013-09-27T16:30:00Z,2013-09-27T22:40:19Z,,,,,,,,CALCULATED
2013-09-27T16:40:00Z,2013-09-27T22:50:19Z,,,,,,,,CALCULATED
2013-09-27T16:50:00Z,2013-09-27T23:00:19Z,,,,,,,,CALCULATED
2013-09-27T17:00:00Z,2013-09-27T23:10:19Z,,,,,,,,CALCULATED
2013-09-27T17:10:00Z,2013-09-27T23:20:19Z,,,,,,,,CALCULATED
2013-09-27T17:20:00Z,2013-09-27T23:30:19Z,,,,,,,,CALCULATED
2013-09-27T17:30:00Z,2013-09-27T23:40:19Z,,,,,,,,CALCULATED
2013-09-27T17:40:00Z,2013-09-27T23:50:19Z,,,,,,,,CALCULATED
2013-09-27T17:50:00Z,2013-09-28T00:00:19Z,,,,,,,,CALCULATED
2013-09-27T18:00:00Z,2013-09-28T00:10:19Z,,,,,,,,CALCULATED
2013-09-27T18:10:00Z,2013-09-28T00:20:39Z,,,,,,,,CALCULATED
2013-09-27T18:20:00Z,2013-09-28T00:30:39Z,,,,,,,,CALCULATED
2013-09-27T18:30:00Z,2013-09-28T00:40:39Z,,,,,,,,CALCULATED
2013-09-27T18:40:00Z,2013-09-28T00:50:39Z,,,,,,,,CALCULATED
2013-09-27T18:50:00Z,2013-09-28T01:00:39Z,,,,,,,,CALCULATED
2013-09-27T19:00:00Z,2013-09-28T01:10:39Z,,,,,,,,CALCULATED
2013-09-27T19:10:00Z,2013-09-28T01:20:39Z,,,,,,,,CALCULATED
2013-09-27T19:20:00Z,2013-09-28T01:30:39Z,,,,,,,,CALCULATED
2013-09-27T19:30:00Z,2013-09-28T01:40:39Z,,,,,,,,CALCULATED
2013-09-27T19:40:00Z,2013-09-28T01:50:39Z,,,,,,,,CALCULATED
2013-09-27T19:50:00Z,2013-09-28T02:00:39Z,,,,,,,,CALCULATED
2013-09-27T20:00:00Z,2013-09-28T02:10:39Z,,,,,,,,CALCULATED
2013-09-27T20:10:00Z,2013-09-28T02:20:39Z,,,,,,,,CALCULATED
2013-09-27T20:20:00Z,2013-09-28T02:30:39Z,,,,,,,,CALCULATED
2013-09-27T20:30:00Z,2013-09-28T02:40:39Z,,,,,,,,CALCULATED
2013-09-27T20:40:00Z,2013-09-28T02:50:39Z,,,,,,,,CALCULATED
2013-09-27T20:50:00Z,2013-09-28T03:00:39Z,,,,,,,,CALCULATED
2013-09-27T21:00:00Z,2013-09-28T03:10:39Z,,,,,,,,CALCULATED
2013-09-27T21:10:00Z,2013-09-28T03:20:39Z,,,,,,,,CALCULATED
2013-09-27T21:20:00Z,2013-09-28T03:30:39Z,,,,,,,,CALCULATED
2013-09-27T21:30:00Z,2013-09-28T03:40:39Z,,,,,,,,CALCULATED
2013-09-27T21:40:00Z,2013-09-28T03:50:39Z,,,,,,,,CALCULATED
2013-09-27T21:50:00Z,2013-09-28T04:00:39Z,,,,,,,,CALCULATED
2013-09-27T22:00:00Z,2013-09-28T04:10:39Z,,,,,,,,CALCULATED
2013-09-27T22:10:00Z,2013-09-28T04:20:39Z,,,,,,,,CALCULATED
2013-09-27T22:20:00Z,2013-09-28T04:30:39Z,,,,,,,,CALCULATED
2013-09-27T22:30:00Z,2013-09-28T04:40:39Z,,,,,,,,CALCULATED
2013-09-27T22:40:00Z,2013-09-28T04:50:39Z,,,,,,,,CALCULATED
2013-09-27T22:50:00Z,2013-09-28T05:00:39Z,,,,,,,,CALCULATED
2013-09-27T23:00:00Z,2013-09-28T05:10:39Z,,,,,,,,CALCULATED
2013-09-27T23:10:00Z,2013-09-28T05:20:39Z,,,,,,,,CALCULATED
2013-09-27T23:20:00Z,2013-09-28T05:30:39Z,,,,,,OUT_WARN,,CALCULATED
2013-09-27T23:30:00Z,2013-09-28T05:40:39Z,,,,,,,,CALCULATED
2013-09-27T23:40:00Z,2013-09-28T05:50:39Z,,,,,,,,CALCULATED
2013-09-27T23:50:00Z,2013-09-28T06:00:39Z,,,,,,,,CALCULATED
2013-09-28T00:00:00Z,2013-09-28T06:10:39Z,,,,,,,,CALCULATED
2013-09-28T00:10:00Z,2013-09-28T06:20:39Z,,,,,,,,CALCULATED
2013-09-28T00:20:00Z,2013-09-28T06:30:39Z,,,,,,,,CALCULATED
2013-09-28T00:30:00Z,2013-09-28T06:40:39Z,,,,,,,,CALCULATED
2013-09-28T00:40:00Z,2013-09-28T06:50:39Z,,,,,,,,CALCULATED
2013-09-28T00:50:00Z,2013-09-28T07:00:39Z,,,,,,,,CALCULATED
2013-09-28T01:00:00Z,2013-09-28T07:10:39Z,,,,,,,,CALCULATED
2013-09-28T01:10:00Z,2013-09-28T07:20:39Z,,,,,,,,CALCULATED
2013-09-28T01:20:00Z,2013-09-28T07:30:39Z,,,,,,,,CALCULATED
2013-09-28T01:30:00Z,2013-09-28T07:40:39Z,,,,,,,,CALCULATED
2013-09-28T01:40:00Z,2013-09-28T07:50:39Z,,,,,,,,CALCULATED
2013-09-28T01:50:00Z,2013-09-28T08:00:39Z,,,,,,,,CALCULATED
2013-09-28T02:00:00Z,2013-09-28T08:10:39Z,,,,,,,,CALCULATED
2013-09-28T02:10:00Z,2013-09-28T08:20:39Z,,,,,,,,CALCULATED
2013-09-28T02:20:00Z,2013-09-28T08:30:39Z,,,,,,,,CALCULATED
2013-09-28T02:30:00Z,2013-09-28T08:40:39Z,,,,,,,,CALCULATED
2013-09-28T02:40:00Z,2013-09-28T08:50:39Z,,,,,,,,CALCULATED
2013-09-28T02:50:00Z,2013-09-28T09:00:39Z,,,,,,,,CALCULATED
2013-09-28T03:00:00Z,2013-09-28T09:10:39Z,,,,,,,,CALCULATED
2013-09-28T03:10:00Z,2013-09-28T09:20:39Z,,,,,,,,CALCULATED
2013-09-28T03:20:00Z,2013-09-28T09:30:39Z,,,,,,,,CALCULATED
2013-09-28T03:30:00Z,2013-09-28T09:40:39Z,,,,,,,,CALCULATED
2013-09-28T03:40:00Z,2013-09-28T09:50:39Z,,,,,,,,CALCULATED
2013-09-28T03:50:00Z,2013-09-28T10:00:39Z,,,,,,,,CALCULATED
2013-09-28T04:00:00Z,2013-09-28T10:10:39Z,,,,,,,,CALCULATED
2013-09-28T04:10:00Z,2013-09-28T10:20:39Z,,,,,,,,CALCULATED
2013-09-28T04:20:00Z,2013-09-28T10:30:39Z,,,,,,,,CALCULATED
2013-09-28T04:30:00Z,2013-09-28T10:40:39Z,,,,,,,,CALCULATED
2013-09-28T04:40:00Z,2013-09-28T10:50:39Z,,,,,,,,CALCULATED
2013-09-28T04:50:00Z,2013-09-28T11:00:39Z,,,,,,,,CALCULATED
2013-09-28T05:00:00Z,2013-09-28T11:10:39Z,,,,,,,,CALCULATED
2013-09-28T05:10:00Z,2013-09-28T11:20:39Z,,,,,,,,CALCULATED
2013-09-28T05:20:00Z,2013-09-28T11:30:39Z,,,,,,,,CALCULATED
2013-09-28T05:30:00Z,2013-09-28T11:40:39Z,,,,,,,,CALCULATED
2013-09-28T05:40:00Z,2013-09-28T11:50:39Z,,,,,,,,CALCULATED
2013-09-28T05:50:00Z,2013-09-28T12:00:39Z,,,,,,,,CALCULATED
2013-09-28T06:00:00Z,2013-09-28T12:10:39Z,,,,,,,,CALCULATED
2013-09-28T06:10:00Z,2013-09-28T12:20:39Z,,,,,,,,CALCULATED
2013-09-28T06:20:00Z,2013-09-28T12:30:39Z,,,,,,,,CALCULATED
2013-09-28T06:30:00Z,2013-09-28T12:40:39Z,,,,,,,,CALCULATED
2013-09-28T06:40:00Z,2013-09-28T12:50:39Z,,,,,,,,CALCULATED
2013-09-28T06:50:00Z,2013-09-28T13:00:39Z,,,,,,,,CALCULATED
2013-09-28T07:00:00Z,2013-09-28T13:10:39Z,,,,,,,,CALCULATED
2013-09-28T07:10:00Z,2013-09-28T13:20:39Z,,,,,,,,CALCULATED
2013-09-28T07:20:00Z,2013-09-28T13:30:39Z,,,,,,,,CALCULATED
2013-09-28T07:30:00Z,2013-09-28T13:40:39Z,,,,,,,,CALCULATED
2013-09-28T07:40:00Z,2013-09-28T13:50:39Z,,,,,,,,CALCULATED
2013-09-28T07:50:00Z,2013-09-28T14:00:39Z,,,,,,,,CALCULATED
2013-09-28T08:00:00Z,2013-09-28T14:10:39Z,,,,,,,,CALCULATED
2013-09-28T08:10:00Z,2013-09-28T14:20:39Z,,,,,,,,CALCULATED
2013-09-28T08:20:00Z,2013-09-28T14:30:39Z,,,,,,,,CALCULATED
2013-09-28T08:30:00Z,2013-09-28T14:40:39Z,,,,,,,,CALCULATED
2013-09-28T08:40:00Z,2013-09-28T14:50:39Z,,,,,,,,CALCULATED
2013-09-28T08:50:00Z,2013-09-28T15:00:39Z,,,,,,,,CALCULATED
2013-09-28T09:00:00Z,2013-09-28T15:10:39Z,,,,,,,,CALCULATED
2013-09-28T09:10:00Z,2013-09-28T15:20:39Z,,,,,,,,CALCULATED
2013-09-28T09:20:00Z,2013-09-28T15:30:39Z,,,,,,,,CALCULATED
2013-09-28T09:30:00Z,2013-09-28T15:40:39Z,,,,,,,,CALCULATED
2013-09-28T09:40:00Z,2013-09-28T15:50:39Z,,,,,,,,CALCULATED
2013-09-28T09:50:00Z,2013-09-28T16:00:39Z,,,,,,,,CALCULATED
2013-09-28T10:00:00Z,2013-09-28T16:10:39Z,,,,,,,,CALCULATED
2013-09-28T10:10:00Z,2013-09-28T16:20:39Z,,,,,,,,CALCULATED
2013-09-28T10:20:00Z,2013-09-28T16:30:39Z,,,,,,,,CALCULATED
2013-09-28T10:30:00Z,2013-09-28T16:40:39Z,,,,,,,,CALCULATED
2013-09-28T10:40:00Z,2013-09-28T16:50:39Z,,,,,,,,CALCULATED
2013-09-28T10:50:00Z,2013-09-28T17:00:39Z,,,,,,,,CALCULATED
2013-09-28T11:00:00Z,2013-09-28T17:10:39Z,,,,,,,,CALCULATED
2013-09-28T11:10:00Z,2013-09-28T17:20:39Z,,,,,,,,CALCULATED
2013-09-28T11:20:00Z,2013-09-28T17:30:39Z,,,,,,,,CALCULATED
2013-09-28T11:30:00Z,2013-09-28T17:40:39Z,,,,,,,,CALCULATED
2013-09-28T11:40:00Z,2013-09-28T17:50:39Z,,,,,,,,CALCULATED
2013-09-28T11:50:00Z,2013-09-28T18:00:39Z,,,,,,,,CALCULATED
2013-09-28T12:00:00Z,2013-09-28T18:10:39Z,,,,,,,,CALCULATED
2013-09-28T12:10:00Z,2013-09-28T18:20:39Z,,,,,,,,CALCULATED
2013-09-28T12:20:00Z,2013-09-28T18:30:39Z,,,,,,,,CALCULATED
2013-09-28T12:30:00Z,2013-09-28T18:40:39Z,,,,,,,,CALCULATED
2013-09-28T12:40:00Z,2013-09-28T18:50:39Z,,,,,,,,CALCULATED
2013-09-28T12:50:00Z,2013-09-28T19:00:39Z,,,,,,,,CALCULATED
2013-09-28T13:00:00Z,2013-09-28T19:10:39Z,,,,,,,,CALCULATED
2013-09-28T13:10:00Z,2013-09-28T19:20:39Z,,,,,,,,CALCULATED
2013-09-28T13:20:00Z,2013-09-28T19:30:39Z,,,,,,,,CALCULATED
2013-09-28T13:30:00Z,2013-09-28T19:40:39Z,,,,,,,,CALCULATED
2013-09-28T13:40:00Z,2013-09-28T19:50:39Z,,,,,,,,CALCULATED
2013-09-28T13:50:00Z,2013-09-28T20:00:39Z,,,,,,,,CALCULATED
2013-09-28T14:00:00Z,2013-09-28T20:10:39Z,,,,,,,,CALCULATED
2013-09-28T14:10:00Z,2013-09-28T20:20:39Z,,,,,,OUT_WARN,,CALCULATED
2013-09-28T14:20:00Z,2013-09-28T20:30:39Z,,,,,,,,CALCULATED
2013-09-28T14:30:00Z,2013-09-28T20:40:39Z,,,,,,,,CALCULATED
2013-09-28T14:40:00Z,2013-09-28T20:50:39Z,,,,,,,,CALCULATED
2013-09-28T14:50:00Z,2013-09-28T21:00:39Z,,,,,,,,CALCULATED
2013-09-28T15:00:00Z,2013-09-28T21:10:39Z,,,,,,,,CALCULATED
2013-09-28T15:10:00Z,2013-09-28T21:20:39Z,,,,,,,,CALCULATED
2013-09-28T15:20:00Z,2013-09-28T21:30:39Z,,,,,,,,CALCULATED
2013-09-28T15:30:00Z,2013-09-28T21:40:39Z,,,,,,,,CALCULATED
2013-09-28T15:40:00Z,2013-09-28T21:50:39Z,,,,,,,,CALCULATED
2013-09-28T15:50:00Z,2013-09-28T22:00:39Z,,,,,,,,CALCULATED
2013-09-28T16:00:00Z,2013-09-28T22:10:39Z,,,,,,,,CALCULATED
2013-09-28T16:10:00Z,2013-09-28T22:20:39Z,,,,,,,,CALCULATED
2013-09-28T16:20:00Z,2013-09-28T22:30:39Z,,,,,,,,CALCULATED
2013-09-28T16:30:00Z,2013-09-28T22:40:39Z,,,,,,,,CALCULATED
2013-09-28T16:40:00Z,2013-09-28T22:50:39Z,,,,,,,,CALCULATED
2013-09-28T16:50:00Z,2013-09-28T23:00:39Z,,,,,,,,CALCULATED
2013-09-28T17:00:00Z,2013-09-28T23:10:39Z,,,,,,,,CALCULATED
2013-09-28T17:10:00Z,2013-09-28T23:20:39Z,,,,,,,,CALCULATED
2013-09-28T17:20:00Z,2013-09-28T23:30:39Z,,,,,,,,CALCULATED
2013-09-28T17:30:00Z,2013-09-28T23:40:39Z,,,,,,,,CALCULATED
2013-09-28T17:40:00Z,2013-09-28T23:50:39Z,,,,,,,,CALCULATED
2013-09-28T17:50:00Z,2013-09-29T00:00:39Z,,,,,,,,CALCULATED
2013-09-28T18:00:00Z,2013-09-29T00:10:39Z,,,,,,,,CALCULATED
2013-09-28T18:10:00Z,2013-09-29T00:20:57Z,,,,,,,,CALCULATED
2013-09-28T18:20:00Z,2013-09-29T00:30:57Z,,,,,,,,CALCULATED
2013-09-28T18:30:00Z,2013-09-29T00:40:57Z,,,,,,,,CALCULATED
2013-09-28T18:40:00Z,2013-09-29T00:50:57Z,,,,,,,,CALCULATED
2013-09-28T18:50:00Z,2013-09-29T01:00:57Z,,,,,,,,CALCULATED
2013-09-28T19:00:00Z,2013-09-29T01:10:57Z,,,,,,,,CALCULATED
2013-09-28T19:10:00Z,2013-09-29T01:20:57Z,,,,,,,,CALCULATED
2013-09-28T19:20:00Z,2013-09-29T01:30:57Z,,,,,,,,CALCULATED
2013-09-28T19:30:00Z,2013-09-29T01:40:57Z,,,,,,,,CALCULATED
2013-09-28T19:40:00Z,2013-09-29T01:50:57Z,,,,,,,,CALCULATED
2013-09-28T19:50:00Z,2013-09-29T02:00:57Z,,,,,,,,CALCULATED
2013-09-28T20:00:00Z,2013-09-29T02:10:57Z,,,,,,,,CALCULATED
2013-09-28T20:10:00Z,2013-09-29T02:20:57Z,,,,,,,,CALCULATED
2013-09-28T20:20:00Z,2013-09-29T02:30:57Z,,,,,,,,CALCULATED
2013-09-28T20:30:00Z,2013-09-29T02:40:57Z,,,,,,,,CALCULATED
2013-09-28T20:40:00Z,2013-09-29T02:50:57Z,,,,,,,,CALCULATED
2013-09-28T20:50:00Z,2013-09-29T03:00:57Z,,,,,,,,CALCULATED
2013-09-28T21:00:00Z,2013-09-29T03:10:57Z,,,,,,,,CALCULATED
2013-09-28T21:10:00Z,2013-09-29T03:20:57Z,,,,,,,,CALCULATED
2013-09-28T21:20:00Z,2013-09-29T03:30:57Z,,,,,,,,CALCULATED
2013-09-28T21:30:00Z,2013-09-29T03:40:57Z,,,,,,,,CALCULATED
2013-09-28T21:40:00Z,2013-09-29T03:50:57Z,,,,,,,,CALCULATED
2013-09-28T21:50:00Z,2013-09-29T04:00:57Z,,,,,,,,CALCULATED
2013-09-28T22:00:00Z,2013-09-29T04:10:57Z,,,,,,,,CALCULATED
2013-09-28T22:10:00Z,2013-09-29T04:20:57Z,,,,,,,,CALCULATED
2013-09-28T22:20:00Z,2013-09-29T04:30:57Z,,,,,,,,CALCULATED
2013-09-28T22:30:00Z,2013-09-29T04:40:57Z,,,,,,,,CALCULATED
2013-09-28T22:40:00Z,2013-09-29T04:50:57Z,,,,,,,,CALCULATED
2013-09-28T22:50:00Z,2013-09-29T05:00:57Z,,,,,,,,CALCULATED
2013-09-28T23:00:00Z,2013-09-29T05:10:57Z,,,,,,OUT_WARN,,CALCULATED
2013-09-28T23:10:00Z,2013-09-29T05:20:57Z,,,,,,OUT_WARN,,CALCULATED
2013-09-28T23:20:00Z,2013-09-29T05:30:57Z,,,,,,,,CALCULATED
2013-09-28T23:30:00Z,2013-09-29T05:40:57Z,,,,,,,,CALCULATED
2013-09-28T23:40:00Z,2013-09-29T05:50:57Z,,,,,,,,CALCULATED
2013-09-28T23:50:00Z,2013-09-29T06:00:57Z,,,,,,,,CALCULATED
2013-09-29T00:00:00Z,2013-09-29T06:10:57Z,,,,,,,,CALCULATED
2013-09-29T00:10:00Z,2013-09-29T06:20:57Z,,,,,,,,CALCULATED
2013-09-29T00:20:00Z,2013-09-29T06:30:57Z,,,,,,,,CALCULATED
2013-09-29T00:30:00Z,2013-09-29T06:40:57Z,,,,,,,,CALCULATED
2013-09-29T00:40:00Z,2013-09-29T06:50:57Z,,,,,,,,CALCULATED
2013-09-29T00:50:00Z,2013-09-29T07:00:57Z,,,,,,,,CALCULATED
2013-09-29T01:00:00Z,2013-09-29T07:10:57Z,,,,,,,,CALCULATED
2013-09-29T01:10:00Z,2013-09-29T07:20:57Z,,,,,,,,CALCULATED
2013-09-29T01:20:00Z,2013-09-29T07:30:57Z,,,,,,,,CALCULATED
2013-09-29T01:30:00Z,2013-09-29T07:40:57Z,,,,,,,,CALCULATED
2013-09-29T01:40:00Z,2013-09-29T07:50:57Z,,,,,,,,CALCULATED
2013-09-29T01:50:00Z,2013-09-29T08:00:57Z,,,,,,,,CALCULATED
2013-09-29T02:00:00Z,2013-09-29T08:10:57Z,,,,,,,,CALCULATED
2013-09-29T02:10:00Z,2013-09-29T08:20:57Z,,,,,,,,CALCULATED
2013-09-29T02:20:00Z,2013-09-29T08:30:57Z,,,,,,,,CALCULATED
2013-09-29T02:30:00Z,2013-09-29T08:40:57Z,,,,,,,,CALCULATED
2013-09-29T02:40:00Z,2013-09-29T08:50:57Z,,,,,,,,CALCULATED
2013-09-29T02:50:00Z,2013-09-29T09:00:57Z,,,,,,,,CALCULATED
2013-09-29T03:00:00Z,2013-09-29T09:10:57Z,,,,,,,,CALCULATED
2013-09-29T03:10:00Z,2013-09-29T09:20:57Z,,,,,,,,CALCULATED
2013-09-29T03:20:00Z,2013-09-29T09:30:57Z,,,,,,,,CALCULATED
2013-09-29T03:30:00Z,2013-09-29T09:40:57Z,,,,,,,,CALCULATED
2013-09-29T03:40:00Z,2013-09-29T09:50:57Z,,,,,,,,CALCULATED
2013-09-29T03:50:00Z,2013-09-29T10:00:57Z,,,,,,,,CALCULATED
2013-09-29T04:00:00Z,2013-09-29T10:10:57Z,,,,,,,,CALCULATED
2013-09-29T04:10:00Z,2013-09-29T10:20:57Z,,,,,,,,CALCULATED
2013-09-29T04:20:00Z,2013-09-29T10:30:57Z,,,,,,,,CALCULATED
2013-09-29T04:30:00Z,2013-09-29T10:40:57Z,,,,,,,,CALCULATED
2013-09-29T04:40:00Z,2013-09-29T10:50:57Z,,,,,,,,CALCULATED
2013-09-29T04:50:00Z,2013-09-29T11:00:57Z,,,,,,,,CALCULATED
2013-09-29T05:00:00Z,2013-09-29T11:10:57Z,,,,,,,,CALCULATED
2013-09-29T05:10:00Z,2013-09-29T11:20:57Z,,,,,,,,CALCULATED
2013-09-29T05:20:00Z,2013-09-29T11:30:57Z,,,,,,,,CALCULATED
2013-09-29T05:30:00Z,2013-09-29T11:40:57Z,,,,,,,,CALCULATED
2013-09-29T05:40:00Z,2013-09-29T11:50:57Z,,,,,,,,CALCULATED
2013-09-29T05:50:00Z,2013-09-29T12:00:57Z,,,,,,,,CALCULATED
2013-09-29T06:00:00Z,2013-09-29T12:10:57Z,,,,,,,,CALCULATED
2013-09-29T06:10:00Z,2013-09-29T12:20:57Z,,,,,,,,CALCULATED
2013-09-29T06:20:00Z,2013-09-29T12:30:57Z,,,,,,,,CALCULATED
2013-09-29T06:30:00Z,2013-09-29T12:40:57Z,,,,,,,,CALCULATED
2013-09-29T06:40:00Z,2013-09-29T12:50:57Z,,,,,,,,CALCULATED
2013-09-29T06:50:00Z,2013-09-29T13:00:57Z,,,,,,,,CALCULATED
2013-09-29T07:00:00Z,2013-09-29T13:10:57Z,,,,,,,,CALCULATED
2013-09-29T07:10:00Z,2013-09-29T13:20:57Z,,,,,,,,CALCULATED
2013-09-29T07:20:00Z,2013-09-29T13:30:57Z,,,,,,,,CALCULATED
2013-09-29T07:30:00Z,2013-09-29T13:40:57Z,,,,,,,,CALCULATED
2013-09-29T07:40:00Z,2013-09-29T13:50:57Z,,,,,,,,CALCULATED
2013-09-29T07:50:00Z,2013-09-29T14:00:57Z,,,,,,,,CALCULATED
2013-09-29T08:00:00Z,2013-09-29T14:10:57Z,,,,,,,,CALCULATED
2013-09-29T08:10:00Z,2013-09-29T14:20:57Z,,,,,,,,CALCULATED
2013-09-29T08:20:00Z,2013-09-29T14:30:57Z,,,,,,,,CALCULATED
2013-09-29T08:30:00Z,2013-09-29T14:40:57Z,,,,,,,,CALCULATED
2013-09-29T08:40:00Z,2013-09-29T14:50:57Z,,,,,,,,CALCULATED
2013-09-29T08:50:00Z,2013-09-29T15:00:57Z,,,,,,,,CALCULATED
2013-09-29T09:00:00Z,2013-09-29T15:10:57Z,,,,,,,,CALCULATED
2013-09-29T09:10:00Z,2013-09-29T15:20:57Z,,,,,,,,CALCULATED
2013-09-29T09:20:00Z,2013-09-29T15:30:57Z,,,,,,,,CALCULATED
2013-09-29T09:30:00Z,2013-09-29T15:40:57Z,,,,,,,,CALCULATED
2013-09-29T09:40:00Z,2013-09-29T15:50:57Z,,,,,,,,CALCULATED
2013-09-29T09:50:00Z,2013-09-29T16:00:57Z,,,,,,,,CALCULATED
2013-09-29T10:00:00Z,2013-09-29T16:10:57Z,,,,,,,,CALCULATED
2013-09-29T10:10:00Z,2013-09-29T16:20:57Z,,,,,,,,CALCULATED
2013-09-29T10:20:00Z,2013-09-29T16:30:57Z,,,,,,,,CALCULATED
2013-09-29T10:30:00Z,2013-09-29T16:40:57Z,,,,,,,,CALCULATED
2013-09-29T10:40:00Z,2013-09-29T16:50:57Z,,,,,,,,CALCULATED
2013-09-29T10:50:00Z,2013-09-29T17:00:57Z,,,,,,,,CALCULATED
2013-09-29T11:00:00Z,2013-09-29T17:10:57Z,,,,,,,,CALCULATED
2013-09-29T11:10:00Z,2013-09-29T17:20:57Z,,,,,,,,CALCULATED
2013-09-29T11:20:00Z,2013-09-29T17:30:57Z,,,,,,,,CALCULATED
2013-09-29T11:30:00Z,2013-09-29T17:40:57Z,,,,,,,,CALCULATED
2013-09-29T11:40:00Z,2013-09-29T17:50:57Z,,,,,,,,CALCULATED
2013-09-29T11:50:00Z,2013-09-29T18:00:57Z,,,,,,,,CALCULATED
2013-09-29T12:00:00Z,2013-09-29T18:10:57Z,,,,,,,,CALCULATED
2013-09-29T12:10:00Z,2013-09-29T18:20:57Z,,,,,,,,CALCULATED
2013-09-29T12:20:00Z,2013-09-29T18:30:57Z,,,,,,,,CALCULATED
2013-09-29T12:30:00Z,2013-09-29T18:40:57Z,,,,,,,,CALCULATED
2013-09-29T12:40:00Z,2013-09-29T18:50:57Z,,,,,,,,CALCULATED
2013-09-29T12:50:00Z,2013-09-29T19:00:57Z,,,,,,,,CALCULATED
2013-09-29T13:00:00Z,2013-09-29T19:10:57Z,,,,,,,,CALCULATED
2013-09-29T13:10:00Z,2013-09-29T19:20:57Z,,,,,,,,CALCULATED
2013-09-29T13:20:00Z,2013-09-29T19:30:57Z,,,,,,,,CALCULATED
2013-09-29T13:30:00Z,2013-09-29T19:40:57Z,,,,,,,,CALCULATED
2013-09-29T13:40:00Z,2013-09-29T19:50:57Z,,,,,,,,CALCULATED
2013-09-29T13:50:00Z,2013-09-29T20:00:57Z,,,,,,,,CALCULATED
2013-09-29T14:00:00Z,2013-09-29T20:10:57Z,,,,,,,,CALCULATED
2013-09-29T14:10:00Z,2013-09-29T20:20:57Z,,,,,,,,CALCULATED
2013-09-29T14:20:00Z,2013-09-29T20:30:57Z,,,,,,,,CALCULATED
2013-09-29T14:30:00Z,2013-09-29T20:40:57Z,,,,,,,,CALCULATED
2013-09-29T14:40:00Z,2013-09-29T20:50:57Z,,,,,,,,CALCULATED
2013-09-29T14:50:00Z,2013-09-29T21:00:57Z,,,,,,,,CALCULATED
2013-09-29T15:00:00Z,2013-09-29T21:10:57Z,,,,,,,,CALCULATED
2013-09-29T15:10:00Z,2013-09-29T21:20:57Z,,,,,,,,CALCULATED
2013-09-29T15:20:00Z,2013-09-29T21:30:57Z,,,,,,,,CALCULATED
2013-09-29T15:30:00Z,2013-09-29T21:40:57Z,,,,,,,,CALCULATED
2013-09-29T15:40:00Z,2013-09-29T21:50:57Z,,,,,,,,CALCULATED
2013-09-29T15:50:00Z,2013-09-29T22:00:57Z,,,,,,,,CALCULATED
2013-09-29T16:00:00Z,2013-09-29T22:10:57Z,,,,,,,,CALCULATED
2013-09-29T16:10:00Z,2013-09-29T22:20:57Z,,,,,,,,CALCULATED
2013-09-29T16:20:00Z,2013-09-29T22:30:57Z,,,,,,,,CALCULATED
2013-09-29T16:30:00Z,2013-09-29T22:40:57Z,,,,,,,,CALCULATED
2013-09-29T16:40:00Z,2013-09-29T22:50:57Z,,,,,,,,CALCULATED
2013-09-29T16:50:00Z,2013-09-29T23:00:57Z,,,,,,,,CALCULATED
2013-09-29T17:00:00Z,2013-09-29T23:10:57Z,,,,,,,,CALCULATED
2013-09-29T17:10:00Z,2013-09-29T23:20:57Z,,,,,,,,CALCULATED
2013-09-29T17:20:00Z,2013-09-29T23:30:57Z,,,,,,,,CALCULATED
2013-09-29T17:30:00Z,2013-09-29T23:40:57Z,,,,,,,,CALCULATED
2013-09-29T17:40:00Z,2013-09-29T23:50:57Z,,,,,,,,CALCULATED
2013-09-29T17:50:00Z,2013-09-30T00:00:57Z,,,,,,,,CALCULATED
2013-09-29T18:00:00Z,2013-09-30T00:10:57Z,,,,,,,,CALCULATED
2013-09-29T18:10:00Z,2013-09-30T00:21:16Z,,,,,,,,CALCULATED
2013-09-29T18:20:00Z,2013-09-30T00:31:16Z,,,,,,,,CALCULATED
2013-09-29T18:30:00Z,2013-09-30T00:41:16Z,,,,,,,,CALCULATED
2013-09-29T18:40:00Z,2013-09-30T00:51:16Z,,,,,,,,CALCULATED
2013-09-29T18:50:00Z,2013-09-30T01:01:16Z,,,,,,,,CALCULATED
2013-09-29T19:00:00Z,2013-09-30T01:11:16Z,,,,,,,,CALCULATED
2013-09-29T19:10:00Z,2013-09-30T01:21:16Z,,,,,,,,CALCULATED
2013-09-29T19:20:00Z,2013-09-30T01:31:16Z,,,,,,,,CALCULATED
2013-09-29T19:30:00Z,2013-09-30T01:41:16Z,,,,,,,,CALCULATED
2013-09-29T19:40:00Z,2013-09-30T01:51:16Z,,,,,,,,CALCULATED
2013-09-29T19:50:00Z,2013-09-30T02:01:16Z,,,,,,,,CALCULATED
2013-09-29T20:00:00Z,2013-09-30T02:11:16Z,,,,,,,,CALCULATED
2013-09-29T20:10:00Z,2013-09-30T02:21:16Z,,,,,,,,CALCULATED
2013-09-29T20:20:00Z,2013-09-30T02:31:16Z,,,,,,,,CALCULATED
2013-09-29T20:30:00Z,2013-09-30T02:41:16Z,,,,,,,,CALCULATED
2013-09-29T20:40:00Z,2013-09-30T02:51:16Z,,,,,,,,CALCULATED
2013-09-29T20:50:00Z,2013-09-30T03:01:16Z,,,,,,,,CALCULATED
2013-09-29T21:00:00Z,2013-09-30T03:11:16Z,,,,,,,,CALCULATED
2013-09-29T21:10:00Z,2013-09-30T03:21:16Z,,,,,,,,CALCULATED
2013-09-29T21:20:00Z,2013-09-30T03:31:16Z,,,,,,,,CALCULATED
2013-09-29T21:30:00Z,2013-09-30T03:41:16Z,,,,,,,,CALCULATED
2013-09-29T21:40:00Z,2013-09-30T03:51:16Z,,,,,,,,CALCULATED
2013-09-29T21:50:00Z,2013-09-30T04:01:16Z,,,,,,,,CALCULATED
2013-09-29T22:00:00Z,2013-09-30T04:11:16Z,,,,,,,,CALCULATED
2013-09-29T22:10:00Z,2013-09-30T04:21:16Z,,,,,,,,CALCULATED
2013-09-29T22:20:00Z,2013-09-30T04:31:16Z,,,,,,,,CALCULATED
2013-09-29T22:30:00Z,2013-09-30T04:41:16Z,,,,,,,,CALCULATED
2013-09-29T22:40:00Z,2013-09-30T04:51:16Z,,,,,,,,CALCULATED
2013-09-29T22:50:00Z,2013-09-30T05:01:16Z,,,,,,,,CALCULATED
2013-09-29T23:00:00Z,2013-09-30T05:11:16Z,,,,,,,,CALCULATED
2013-09-29T23:10:00Z,2013-09-30T05:21:16Z,,,,,,,,CALCULATED
2013-09-29T23:20:00Z,2013-09-30T05:31:16Z,,,,,,,,CALCULATED
2013-09-29T23:30:00Z,2013-09-30T05:41:16Z,,,,,,,,CALCULATED
2013-09-29T23:40:00Z,2013-09-30T05:51:16Z,,,,,,,,CALCULATED
2013-09-29T23:50:00Z,2013-09-30T06:01:16Z,,,,,,,,CALCULATED
2013-09-30T00:00:00Z,2013-09-30T06:11:16Z,,,,,,,,CALCULATED
2013-09-30T00:10:00Z,2013-09-30T06:21:16Z,,,,,,,,CALCULATED
2013-09-30T00:20:00Z,2013-09-30T06:31:16Z,,,,,,,,CALCULATED
2013-09-30T00:30:00Z,2013-09-30T06:41:16Z,,,,,,,,CALCULATED
2013-09-30T00:40:00Z,2013-09-30T06:51:16Z,,,,,,,,CALCULATED
2013-09-30T00:50:00Z,2013-09-30T07:01:16Z,,,,,,,,CALCULATED
2013-09-30T01:00:00Z,2013-09-30T07:11:16Z,,,,,,,,CALCULATED
2013-09-30T01:10:00Z,2013-09-30T07:21:16Z,,,,,,,,CALCULATED
2013-09-30T01:20:00Z,2013-09-30T07:31:16Z,,,,,,,,CALCULATED
2013-09-30T01:30:00Z,2013-09-30T07:41:16Z,,,,,,,,CALCULATED
2013-09-30T01:40:00Z,2013-09-30T07:51:16Z,,,,,,,,CALCULATED
2013-09-30T01:50:00Z,2013-09-30T08:01:16Z,,,,,,,,CALCULATED
2013-09-30T02:00:00Z,2013-09-30T08:11:16Z,,,,,,,,CALCULATED
2013-09-30T02:10:00Z,2013-09-30T08:21:16Z,,,,,,,,CALCULATED
2013-09-30T02:20:00Z,2013-09-30T08:31:16Z,,,,,,,,CALCULATED
2013-09-30T02:30:00Z,2013-09-30T08:41:16Z,,,,,,,,CALCULATED
2013-09-30T02:40:00Z,2013-09-30T08:51:16Z,,,,,,,,CALCULATED
2013-09-30T02:50:00Z,2013-09-30T09:01:16Z,,,,,,,,CALCULATED
2013-09-30T03:00:00Z,2013-09-30T09:11:16Z,,,,,,,,CALCULATED
2013-09-30T03:10:00Z,2013-09-30T09:21:16Z,,,,,,,,CALCULATED
2013-09-30T03:20:00Z,2013-09-30T09:31:16Z,,,,,,,,CALCULATED
2013-09-30T03:30:00Z,2013-09-30T09:41:16Z,,,,,,,,CALCULATED
2013-09-30T03:40:00Z,2013-09-30T09:51:16Z,,,,,,,,CALCULATED
2013-09-30T03:50:00Z,2013-09-30T10:01:16Z,,,,,,,,CALCULATED
2013-09-30T04:00:00Z,2013-09-30T10:11:16Z,,,,,,,,CALCULATED
2013-09-30T04:10:00Z,2013-09-30T10:21:16Z,,,,,,,,CALCULATED
2013-09-30T04:20:00Z,2013-09-30T10:31:16Z,,,,,,,,CALCULATED
2013-09-30T04:30:00Z,2013-09-30T10:41:16Z,,,,,,,,CALCULATED
2013-09-30T04:40:00Z,2013-09-30T10:51:16Z,,,,,,,,CALCULATED
2013-09-30T04:50:00Z,2013-09-30T11:01:16Z,,,,,,,,CALCULATED
2013-09-30T05:00:00Z,2013-09-30T11:11:16Z,,,,,,,,CALCULATED
2013-09-30T05:10:00Z,2013-09-30T11:21:16Z,,,,,,,,CALCULATED
2013-09-30T05:20:00Z,2013-09-30T11:31:16Z,,,,,,,,CALCULATED
2013-09-30T05:30:00Z,2013-09-30T11:41:16Z,,,,,,,,CALCULATED
2013-09-30T05:40:00Z,2013-09-30T11:51:16Z,,,,,,,,CALCULATED
2013-09-30T05:50:00Z,2013-09-30T12:01:16Z,,,,,,,,CALCULATED
2013-09-30T06:00:00Z,2013-09-30T12:11:16Z,,,,,,,,CALCULATED
2013-09-30T06:10:00Z,2013-09-30T12:21:16Z,,,,,,,,CALCULATED
2013-09-30T06:20:00Z,2013-09-30T12:31:16Z,,,,,,,,CALCULATED
2013-09-30T06:30:00Z,2013-09-30T12:41:16Z,,,,,,,,CALCULATED
2013-09-30T06:40:00Z,2013-09-30T12:51:16Z,,,,,,,,CALCULATED
2013-09-30T06:50:00Z,2013-09-30T13:01:16Z,,,,,,,,CALCULATED
2013-09-30T07:00:00Z,2013-09-30T13:11:16Z,,,,,,,,CALCULATED
2013-09-30T07:10:00Z,2013-09-30T13:21:16Z,,,,,,,,CALCULATED
2013-09-30T07:20:00Z,2013-09-30T13:31:16Z,,,,,,,,CALCULATED
2013-09-30T07:30:00Z,2013-09-30T13:41:16Z,,,,,,,,CALCULATED
2013-09-30T07:40:00Z,2013-09-30T13:51:16Z,,,,,,,,CALCULATED
2013-09-30T07:50:00Z,2013-09-30T14:01:16Z,,,,,,,,CALCULATED
2013-09-30T08:00:00Z,2013-09-30T14:11:16Z,,,,,,,,CALCULATED
2013-09-30T08:10:00Z,2013-09-30T14:21:16Z,,,,,,,,CALCULATED
2013-09-30T08:20:00Z,2013-09-30T14:31:16Z,,,,,,,,CALCULATED
2013-09-30T08:30:00Z,2013-09-30T14:41:16Z,,,,,,,,CALCULATED
2013-09-30T08:40:00Z,2013-09-30T14:51:16Z,,,,,,,,CALCULATED
2013-09-30T08:50:00Z,2013-09-30T15:01:16Z,,,,,,,,CALCULATED
2013-09-30T09:00:00Z,2013-09-30T15:11:16Z,,,,,,,,CALCULATED
2013-09-30T09:10:00Z,2013-09-30T15:21:16Z,,,,,,,,CALCULATED
2013-09-30T09:20:00Z,2013-09-30T15:31:16Z,,,,,,,,CALCULATED
2013-09-30T09:30:00Z,2013-09-30T15:41:16Z,,,,,,,,CALCULATED
2013-09-30T09:40:00Z,2013-09-30T15:51:16Z,,,,,,,,CALCULATED
2013-09-30T09:50:00Z,2013-09-30T16:01:16Z,,,,,,,,CALCULATED
2013-09-30T10:00:00Z,2013-09-30T16:11:16Z,,,,,,,,CALCULATED
2013-09-30T10:10:00Z,2013-09-30T16:21:16Z,,,,,,,,CALCULATED
2013-09-30T10:20:00Z,2013-09-30T16:31:16Z,,,,,,,,CALCULATED
2013-09-30T10:30:00Z,2013-09-30T16:41:16Z,,,,,,,,CALCULATED
2013-09-30T10:40:00Z,2013-09-30T16:51:16Z,,,,,,,,CALCULATED
2013-09-30T10:50:00Z,2013-09-30T17:01:16Z,,,,,,,,CALCULATED
2013-09-30T11:00:00Z,2013-09-30T17:11:16Z,,,,,,,,CALCULATED
2013-09-30T11:10:00Z,2013-09-30T17:21:16Z,,,,,,,,CALCULATED
2013-09-30T11:20:00Z,2013-09-30T17:31:16Z,,,,,,,,CALCULATED
2013-09-30T11:30:00Z,2013-09-30T17:41:16Z,,,,,,,,CALCULATED
2013-09-30T11:40:00Z,2013-09-30T17:51:16Z,,,,,,OUT_WARN,,CALCULATED
2013-09-30T11:50:00Z,2013-09-30T18:01:16Z,,,,,,,,CALCULATED
2013-09-30T12:00:00Z,2013-09-30T18:11:16Z,,,,,,,,CALCULATED
2013-09-30T12:10:00Z,2013-09-30T18:21:16Z,,,,,,,,CALCULATED
2013-09-30T12:20:00Z,2013-09-30T18:31:16Z,,,,,,,,CALCULATED
2013-09-30T12:30:00Z,2013-09-30T18:41:16Z,,,,,,,,CALCULATED
2013-09-30T12:40:00Z,2013-09-30T18:51:16Z,,,,,,,,CALCULATED
2013-09-30T12:50:00Z,2013-09-30T19:01:16Z,,,,,,,,CALCULATED
2013-09-30T13:00:00Z,2013-09-30T19:11:16Z,,,,,,,,CALCULATED
2013-09-30T13:10:00Z,2013-09-30T19:21:16Z,,,,,,,,CALCULATED
2013-09-30T13:20:00Z,2013-09-30T19:31:16Z,,,,,,,,CALCULATED
2013-09-30T13:30:00Z,2013-09-30T19:41:16Z,,,,,,,,CALCULATED
2013-09-30T13:40:00Z,2013-09-30T19:51:16Z,,,,,,,,CALCULATED
2013-09-30T13:50:00Z,2013-09-30T20:01:16Z,,,,,,,,CALCULATED
2013-09-30T14:00:00Z,2013-09-30T20:11:16Z,,,,,,,,CALCULATED
2013-09-30T14:10:00Z,2013-09-30T20:21:16Z,,,,,,,,CALCULATED
2013-09-30T14:20:00Z,2013-09-30T20:31:16Z,,,,,,,,CALCULATED
2013-09-30T14:30:00Z,2013-09-30T20:41:16Z,,,,,,,,CALCULATED
2013-09-30T14:40:00Z,2013-09-30T20:51:16Z,,,,,,,,CALCULATED
2013-09-30T14:50:00Z,2013-09-30T21:01:16Z,,,,,,,,CALCULATED
2013-09-30T15:00:00Z,2013-09-30T21:11:16Z,,,,,,,,CALCULATED
2013-09-30T15:10:00Z,2013-09-30T21:21:16Z,,,,,,,,CALCULATED
2013-09-30T15:20:00Z,2013-09-30T21:31:16Z,,,,,,,,CALCULATED
2013-09-30T15:30:00Z,2013-09-30T21:41:16Z,,,,,,,,CALCULATED
2013-09-30T15:40:00Z,2013-09-30T21:51:16Z,,,,,,,,CALCULATED
2013-09-30T15:50:00Z,2013-09-30T22:01:16Z,,,,,,,,CALCULATED
